201,1878,1,0
201,2036,2,0
201,2044,3,0
201,2062,4,0
201,2090,5,0
201,1116,6,0
201,1211,7,0
201,1213,8,0
201,1215,9,0
201,1217,10,0
201,1219,11,0
201,1222,12,0
201,1224,13,0
201,1226,14,0
201,1228,15,0
201,1231,16,0
201,1233,17,0
201,1235,18,0
201,1237,19,0
201,1239,20,0
201,1241,21,0
201,1243,22,0
201,1245,23,0
201,1248,24,0
201,1250,25,0
201,1251,26,0
201,1253,27,0
201,1255,28,0
201,1257,29,0
201,1258,30,0
201,1261,31,0
201,1263,32,0
201,1265,33,0
201,1267,34,0
201,1269,35,0
201,1270,36,0
201,1273,37,0
201,1274,38,0
201,1276,39,0
201,1278,40,0
201,1280,41,0
201,1282,42,0
201,1284,43,0
201,1286,44,0
201,1288,45,0
201,1290,46,0
201,1292,47,0
201,1294,48,0
201,1296,49,0
201,1298,50,0
201,1300,51,0
201,1301,52,0
201,1303,53,0
201,1306,54,0
201,1308,55,0
201,1311,56,0
201,1315,57,0
201,1317,58,0
201,1318,59,0
201,1320,60,0
201,1324,61,0
201,1326,62,0
201,1328,63,0
201,1330,64,0
201,1333,65,0
201,1337,66,0
201,1339,67,0
201,1341,68,0
201,1343,69,0
201,1345,70,0
201,1347,71,0
201,1349,72,0
201,1351,73,0
201,1353,74,0
201,1356,75,0
201,1358,76,0
201,1360,77,0
201,1362,78,0
201,1364,79,0
201,1365,80,0
201,1366,81,0
201,1367,82,0
201,1369,83,0
201,1371,84,0
201,1373,85,0
201,1375,86,1
202,1375,1,0
202,1374,2,0
202,1372,3,0
202,1370,4,0
202,1368,5,0
202,1076,6,0
202,1363,7,0
202,1361,8,0
202,1359,9,0
202,1355,10,0
202,1354,11,0
202,1352,12,0
202,1350,13,0
202,1348,14,0
202,1346,15,0
202,1344,16,0
202,1342,17,0
202,1340,18,0
202,1338,19,0
202,1336,20,0
202,1334,21,0
202,1329,22,0
202,1327,23,0
202,1325,24,0
202,1323,25,0
202,1321,26,0
202,1319,27,0
202,1316,28,0
202,1314,29,0
202,1262,30,0
202,1312,31,0
202,1309,32,0
202,1310,33,0
202,1307,34,0
202,1304,35,0
202,1302,36,0
202,1299,37,0
202,1297,38,0
202,1295,39,0
202,1293,40,0
202,1291,41,0
202,1289,42,0
202,1287,43,0
202,1285,44,0
202,1283,45,0
202,1281,46,0
202,1279,47,0
202,1277,48,0
202,1275,49,0
202,1272,50,0
202,1271,51,0
202,1268,52,0
202,1266,53,0
202,1264,54,0
202,1260,55,0
202,1259,56,0
202,1256,57,0
202,1254,58,0
202,1252,59,0
202,1249,60,0
202,1247,61,0
202,1244,62,0
202,1242,63,0
202,1240,64,0
202,1238,65,0
202,1236,66,0
202,1234,67,0
202,1232,68,0
202,1230,69,0
202,1229,70,0
202,1227,71,0
202,1223,72,0
202,1221,73,0
202,1220,74,0
202,1218,75,0
202,1216,76,0
202,1214,77,0
202,1212,78,0
202,1210,79,0
202,1209,80,0
202,2091,81,0
202,2107,82,0
202,2115,83,0
202,2121,84,0
202,1878,85,1
301,1834,1,0
301,1383,2,0
301,1386,3,0
301,1388,4,0
301,1389,5,0
301,1640,6,0
301,1391,7,0
301,1392,8,0
301,1393,9,0
301,1394,10,0
301,1395,11,0
301,1397,12,0
301,1399,13,0
301,1401,14,0
301,1403,15,0
301,1405,16,0
301,1408,17,0
301,1410,18,0
301,1413,19,0
301,1416,20,0
301,1418,21,0
301,1420,22,0
301,1422,23,0
301,1425,24,0
301,1243,25,0
301,1245,26,0
301,1248,27,0
301,2051,28,0
301,1002,29,0
301,1004,30,0
301,1006,31,0
301,1008,32,0
301,1429,33,0
301,1430,34,0
301,1431,35,0
301,1435,36,0
301,1437,37,0
301,1438,38,0
301,1441,39,0
301,1444,40,0
301,1914,41,0
301,1447,42,0
301,1449,43,0
301,1451,44,0
301,1452,45,0
301,1455,46,0
301,1457,47,0
301,1459,48,0
301,1461,49,0
301,1322,50,0
301,1464,51,0
301,1466,52,0
301,1468,53,0
301,1470,54,0
301,1472,55,0
301,1128,56,0
301,1130,57,0
301,1132,58,0
301,1134,59,0
301,1474,60,0
301,1331,61,0
301,1476,62,0
301,1478,63,0
301,1480,64,0
301,1572,65,0
301,1574,66,0
301,1577,67,0
301,1483,68,0
301,1485,69,0
301,1487,70,0
301,1489,71,0
301,1491,72,0
301,1493,73,0
301,1495,74,0
301,1497,75,0
301,1501,76,0
301,1503,77,0
301,1505,78,0
301,1506,79,0
301,1507,80,0
301,1508,81,0
301,1509,82,0
301,1510,83,0
301,1511,84,0
301,1512,85,0
301,1513,86,0
301,1514,87,0
301,1515,88,0
301,1516,89,0
301,1517,90,0
301,1518,91,0
301,1335,92,0
301,1357,93,0
301,1519,94,0
301,1520,95,0
301,1521,96,0
301,1522,97,0
301,1530,98,0
301,1332,99,0
301,1524,100,1
302,1524,1,0
302,1504,2,0
302,1502,3,0
302,1500,4,0
302,1498,5,0
302,1496,6,0
302,1494,7,0
302,1492,8,0
302,1490,9,0
302,1488,10,0
302,1486,11,0
302,1484,12,0
302,1580,13,0
302,1578,14,0
302,1576,15,0
302,1481,16,0
302,1479,17,0
302,1477,18,0
302,1475,19,0
302,1313,20,0
302,1138,21,0
302,1136,22,0
302,1133,23,0
302,1131,24,0
302,1129,25,0
302,1471,26,0
302,1469,27,0
302,1467,28,0
302,1465,29,0
302,1463,30,0
302,1462,31,0
302,1460,32,0
302,1458,33,0
302,1456,34,0
302,1454,35,0
302,1453,36,0
302,1450,37,0
302,1448,38,0
302,1446,39,0
302,1445,40,0
302,1443,41,0
302,1442,42,0
302,1440,43,0
302,1436,44,0
302,1434,45,0
302,1432,46,0
302,1426,47,0
302,1428,48,0
302,1009,49,0
302,1007,50,0
302,1249,51,0
302,1247,52,0
302,1244,53,0
302,1242,54,0
302,1424,55,0
302,1423,56,0
302,1421,57,0
302,1419,58,0
302,1417,59,0
302,1414,60,0
302,1412,61,0
302,1411,62,0
302,1407,63,0
302,1406,64,0
302,1404,65,0
302,1402,66,0
302,1400,67,0
302,1398,68,0
302,1396,69,0
302,1063,70,0
302,1064,71,0
302,1065,72,0
302,1996,73,0
302,1377,74,0
302,1378,75,0
302,1379,76,0
302,1380,77,0
302,2115,78,0
302,2121,79,0
302,1834,80,1
401,1529,1,0
401,1002,2,0
401,1004,3,0
401,1006,4,0
401,1008,5,0
401,1010,6,0
401,1012,7,0
401,1531,8,0
401,1533,9,0
401,1535,10,0
401,1538,11,0
401,1542,12,0
401,1544,13,0
401,1429,14,0
401,1430,15,0
401,1431,16,0
401,1435,17,0
401,1437,18,0
401,1438,19,0
401,2063,20,0
401,1546,21,0
401,1549,22,0
401,1551,23,0
401,1553,24,0
401,1554,25,0
401,1556,26,0
401,1559,27,0
401,1661,28,0
401,1452,29,0
401,1455,30,0
401,1457,31,0
401,1459,32,0
401,1461,33,0
401,1322,34,0
401,1561,35,0
401,1563,36,0
401,1565,37,0
401,1567,38,0
401,1569,39,0
401,1571,40,0
401,1572,41,0
401,1574,42,0
401,1577,43,0
401,1579,44,0
401,1581,45,0
401,1583,46,0
401,1585,47,0
401,1587,48,0
401,1296,49,0
401,1298,50,0
401,1300,51,0
401,1301,52,0
401,1303,53,0
401,1306,54,0
401,1590,55,0
401,1592,56,0
401,1594,57,0
401,1596,58,0
401,1598,59,0
401,1600,60,0
401,1602,61,0
401,1604,62,0
401,1606,63,0
401,1608,64,0
401,1610,65,0
401,1150,66,0
401,1152,67,0
401,1153,68,0
401,1156,69,0
401,1612,70,0
401,1614,71,0
401,1616,72,0
401,1618,73,0
401,1620,74,0
401,1622,75,0
401,1625,76,0
401,1628,77,0
401,1630,78,0
401,1632,79,0
401,1634,80,0
401,1636,81,0
401,1159,82,0
401,1161,83,0
401,1163,84,0
401,1165,85,0
401,1167,86,0
401,1169,87,0
401,1171,88,0
401,1173,89,0
401,1175,90,0
401,1177,91,0
401,1642,92,0
401,1644,93,0
401,1646,94,0
401,1648,95,0
401,1650,96,0
401,1652,97,0
401,1654,98,0
401,1656,99,1
402,1656,1,0
402,1660,2,0
402,1659,3,0
402,1658,4,0
402,1657,5,0
402,1200,6,0
402,1199,7,0
402,1655,8,0
402,1653,9,0
402,1651,10,0
402,1649,11,0
402,1647,12,0
402,1645,13,0
402,1643,14,0
402,1178,15,0
402,1176,16,0
402,1174,17,0
402,1172,18,0
402,1170,19,0
402,1168,20,0
402,1166,21,0
402,1164,22,0
402,1162,23,0
402,1639,24,0
402,1637,25,0
402,1635,26,0
402,1633,27,0
402,1631,28,0
402,1629,29,0
402,1626,30,0
402,1623,31,0
402,1621,32,0
402,1619,33,0
402,1617,34,0
402,1615,35,0
402,1613,36,0
402,1611,37,0
402,1155,38,0
402,2139,39,0
402,1151,40,0
402,1609,41,0
402,1607,42,0
402,1605,43,0
402,1603,44,0
402,1601,45,0
402,1599,46,0
402,1597,47,0
402,1595,48,0
402,1593,49,0
402,1591,50,0
402,1589,51,0
402,1307,52,0
402,1304,53,0
402,1302,54,0
402,1299,55,0
402,1297,56,0
402,1295,57,0
402,1588,58,0
402,1586,59,0
402,1584,60,0
402,1582,61,0
402,1580,62,0
402,1578,63,0
402,1576,64,0
402,1573,65,0
402,1570,66,0
402,1568,67,0
402,1566,68,0
402,1564,69,0
402,1562,70,0
402,1462,71,0
402,1460,72,0
402,1458,73,0
402,1456,74,0
402,1454,75,0
402,1453,76,0
402,1662,77,0
402,1560,78,0
402,1557,79,0
402,1555,80,0
402,1552,81,0
402,1550,82,0
402,1548,83,0
402,1545,84,0
402,2064,85,0
402,1440,86,0
402,1436,87,0
402,1434,88,0
402,1432,89,0
402,1426,90,0
402,1428,91,0
402,1543,92,0
402,1541,93,0
402,1539,94,0
402,1536,95,0
402,1534,96,0
402,1532,97,0
402,1013,98,0
402,1011,99,0
402,1009,100,0
402,1007,101,0
402,1005,102,0
402,1003,103,0
402,1001,104,0
402,1529,105,1
503,1734,1,0
503,1736,2,0
503,1735,3,0
503,1246,4,0
503,1733,5,0
503,1731,6,0
503,1729,7,0
503,1727,8,0
503,1724,9,0
503,1722,10,0
503,1720,11,0
503,1718,12,0
503,1716,13,0
503,1714,14,0
503,1710,15,0
503,1709,16,0
503,1707,17,0
503,1705,18,0
503,1704,19,0
503,1701,20,0
503,1699,21,0
503,1697,22,0
503,1695,23,0
503,1693,24,0
503,1691,25,0
503,1154,26,0
503,1688,27,0
503,1686,28,0
503,1684,29,0
503,1682,30,0
503,1680,31,0
503,1678,32,0
503,1676,33,0
503,1674,34,0
503,1381,35,0
503,1672,36,0
503,1670,37,0
503,1668,38,0
503,1666,39,0
503,1664,40,0
503,1663,41,1
504,1663,1,0
504,1665,2,0
504,1667,3,0
504,1669,4,0
504,1671,5,0
504,1673,6,0
504,1305,7,0
504,1675,8,0
504,1677,9,0
504,1679,10,0
504,1681,11,0
504,1683,12,0
504,1685,13,0
504,1687,14,0
504,1689,15,0
504,1690,16,0
504,1692,17,0
504,1694,18,0
504,1696,19,0
504,1698,20,0
504,1700,21,0
504,1702,22,0
504,1703,23,0
504,1706,24,0
504,1708,25,0
504,1711,26,0
504,1713,27,0
504,1715,28,0
504,1717,29,0
504,1719,30,0
504,1721,31,0
504,1723,32,0
504,1725,33,0
504,1726,34,0
504,1728,35,0
504,1730,36,0
504,1732,37,0
504,1734,38,1
603,1734,1,0
603,1817,2,0
603,1816,3,0
603,1814,4,0
603,1813,5,0
603,1809,6,0
603,1807,7,0
603,1804,8,0
603,1800,9,0
603,1799,10,0
603,1797,11,0
603,1794,12,0
603,1792,13,0
603,1791,14,0
603,1788,15,0
603,1786,16,0
603,1784,17,0
603,1782,18,0
603,1387,19,0
603,1780,20,0
603,1777,21,0
603,1390,22,0
603,1775,23,0
603,1773,24,0
603,1771,25,0
603,1769,26,0
603,1767,27,0
603,1763,28,0
603,1761,29,0
603,1759,30,0
603,1757,31,0
603,1753,32,0
603,1751,33,0
603,1749,34,0
603,1747,35,0
603,1745,36,0
603,1433,37,0
603,1743,38,0
603,1742,39,0
603,1740,40,0
603,1738,41,0
603,1737,42,1
604,1737,1,0
604,1739,2,0
604,1741,3,0
604,1382,4,0
604,1384,5,0
604,1385,6,0
604,1744,7,0
604,1746,8,0
604,1748,9,0
604,1750,10,0
604,1752,11,0
604,1754,12,0
604,1756,13,0
604,1758,14,0
604,1760,15,0
604,1762,16,0
604,1764,17,0
604,1766,18,0
604,1768,19,0
604,1770,20,0
604,1774,21,0
604,1776,22,0
604,1778,23,0
604,1779,24,0
604,1781,25,0
604,1783,26,0
604,1785,27,0
604,1787,28,0
604,1789,29,0
604,1790,30,0
604,1793,31,0
604,1795,32,0
604,1796,33,0
604,1798,34,0
604,1801,35,0
604,1803,36,0
604,1806,37,0
604,1808,38,0
604,1810,39,0
604,1812,40,0
604,1815,41,0
604,1732,42,0
604,1734,43,1
701,1878,1,0
701,2125,2,0
701,1823,3,0
701,1825,4,0
701,1827,5,0
701,1829,6,0
701,1833,7,0
701,1835,8,0
701,1836,9,0
701,1838,10,0
701,1840,11,0
701,1482,12,0
701,1842,13,0
701,1844,14,0
701,1846,15,0
701,1849,16,0
701,1851,17,0
701,1853,18,0
701,1499,19,0
701,1855,20,0
701,1856,21,0
701,1857,22,0
701,1523,23,0
701,1859,24,0
701,1861,25,0
701,1863,26,0
701,1734,27,0
701,1736,28,0
701,1866,29,0
701,1868,30,0
701,1473,31,0
701,1870,32,0
701,1415,33,0
701,1789,34,0
701,1790,35,0
701,1872,36,0
701,1873,37,0
701,1875,38,0
701,1877,39,0
701,1880,40,0
701,1882,41,0
701,1883,42,0
701,1409,43,0
701,1884,44,0
701,1885,45,0
701,1886,46,0
701,1888,47,0
701,1891,48,0
701,1893,49,1
702,1893,1,0
702,1975,2,0
702,1973,3,0
702,1971,4,0
702,1969,5,0
702,1892,6,0
702,1537,7,0
702,1890,8,0
702,1889,9,0
702,1887,10,0
702,1881,11,0
702,1879,12,0
702,1051,13,0
702,1876,14,0
702,1874,15,0
702,1792,16,0
702,1791,17,0
702,1871,18,0
702,1540,19,0
702,1869,20,0
702,1547,21,0
702,1867,22,0
702,1863,23,0
702,1734,24,0
702,1736,25,0
702,1862,26,0
702,1860,27,0
702,1638,28,0
702,1858,29,0
702,1627,30,0
702,1854,31,0
702,1624,32,0
702,1852,33,0
702,1850,34,0
702,1848,35,0
702,1847,36,0
702,1845,37,0
702,1843,38,0
702,1575,39,0
702,1841,40,0
702,1839,41,0
702,1837,42,0
702,1558,43,0
702,1833,44,0
702,1830,45,0
702,1828,46,0
702,1826,47,0
702,1824,48,0
702,2123,49,0
702,1878,50,1
803,1997,1,0
803,1993,2,0
803,1991,3,0
803,1989,4,0
803,1987,5,0
803,1985,6,0
803,1983,7,0
803,1981,8,0
803,1979,9,0
803,1977,10,0
803,1975,11,0
803,1973,12,0
803,1971,13,0
803,1969,14,0
803,1968,15,0
803,1966,16,0
803,1964,17,0
803,1963,18,0
803,1961,19,0
803,1959,20,0
803,1957,21,0
803,1955,22,0
803,1953,23,0
803,1951,24,0
803,1949,25,0
803,1947,26,0
803,1945,27,0
803,1943,28,0
803,1941,29,0
803,1939,30,0
803,1937,31,0
803,1935,32,0
803,1933,33,0
803,1931,34,0
803,1929,35,0
803,1805,36,0
803,1927,37,0
803,1925,38,0
803,1923,39,0
803,1921,40,0
803,1919,41,0
803,1917,42,0
803,1915,43,0
803,1913,44,0
803,1911,45,0
803,1909,46,0
803,1907,47,0
803,1811,48,0
803,1905,49,0
803,1802,50,0
803,1903,51,0
803,1901,52,0
803,1899,53,0
803,1898,54,0
803,1896,55,0
803,1894,56,1
804,1894,1,0
804,1895,2,0
804,1897,3,0
804,1900,4,0
804,1902,5,0
804,1818,6,0
804,1904,7,0
804,1864,8,0
804,1906,9,0
804,1908,10,0
804,1910,11,0
804,1912,12,0
804,1914,13,0
804,1916,14,0
804,1918,15,0
804,1920,16,0
804,1865,17,0
804,1922,18,0
804,1924,19,0
804,1926,20,0
804,1928,21,0
804,1930,22,0
804,1932,23,0
804,1934,24,0
804,1936,25,0
804,1938,26,0
804,1940,27,0
804,1942,28,0
804,1944,29,0
804,1946,30,0
804,1948,31,0
804,1950,32,0
804,1952,33,0
804,1954,34,0
804,1956,35,0
804,1958,36,0
804,1960,37,0
804,1962,38,0
804,1772,39,0
804,1965,40,0
804,1967,41,0
804,1970,42,0
804,1972,43,0
804,1974,44,0
804,1976,45,0
804,1978,46,0
804,1980,47,0
804,1982,48,0
804,1984,49,0
804,1986,50,0
804,1988,51,0
804,1990,52,0
804,1992,53,0
804,1994,54,0
804,1995,55,0
804,1997,56,0
804,1993,57,0
804,1991,58,0
804,1989,59,0
804,1987,60,0
804,1985,61,0
804,1983,62,0
804,1981,63,1
903,2116,1,0
903,2117,2,0
903,2118,3,0
903,2119,4,0
903,2234,5,0
903,2235,6,0
903,2236,7,0
903,2129,8,0
903,2237,9,0
903,2238,10,0
903,2239,11,0
903,1427,12,1
904,1427,1,0
904,2240,2,0
904,2241,3,0
904,2242,4,0
904,2243,5,0
904,2244,6,0
904,2245,7,0
904,2124,8,0
904,2122,9,0
904,2120,10,0
904,1755,11,0
904,1831,12,0
904,2116,13,1
1003,1375,1,0
1003,1374,2,0
1003,2050,3,0
1003,2049,4,0
1003,2048,5,0
1003,2047,6,0
1003,2046,7,0
1003,2045,8,0
1003,2042,9,0
1003,2040,10,0
1003,2037,11,0
1003,2035,12,0
1003,2032,13,0
1003,2029,14,0
1003,2027,15,0
1003,2025,16,0
1003,2023,17,0
1003,2021,18,0
1003,2020,19,0
1003,2019,20,0
1003,2018,21,0
1003,2017,22,0
1003,2016,23,0
1003,2015,24,0
1003,2014,25,0
1003,2013,26,0
1003,2012,27,0
1003,2011,28,0
1003,2010,29,0
1003,2009,30,0
1003,2008,31,0
1003,1366,32,0
1003,1367,33,0
1003,1369,34,0
1003,1371,35,0
1003,1373,36,0
1003,1998,37,1
1004,1998,1,0
1004,1175,2,0
1004,1177,3,0
1004,1642,4,0
1004,1644,5,0
1004,2007,6,0
1004,1999,7,0
1004,2000,8,0
1004,2001,9,0
1004,2002,10,0
1004,2003,11,0
1004,2004,12,0
1004,2006,13,0
1004,2005,14,0
1004,2022,15,0
1004,2024,16,0
1004,2028,17,0
1004,2030,18,0
1004,2031,19,0
1004,2033,20,0
1004,2034,21,0
1004,2038,22,0
1004,2039,23,0
1004,2041,24,0
1004,2043,25,0
1004,1373,26,0
1004,1375,27,1
1403,1877,1,0
1403,2114,2,0
1403,2113,3,0
1403,2112,4,0
1403,2105,5,0
1403,2103,6,0
1403,2101,7,0
1403,2099,8,0
1403,2097,9,0
1403,2095,10,0
1403,2093,11,0
1403,2089,12,0
1403,2087,13,0
1403,2085,14,0
1403,2083,15,0
1403,2081,16,0
1403,2079,17,0
1403,2077,18,0
1403,1035,19,0
1403,1034,20,0
1403,1032,21,0
1403,2074,22,0
1403,2073,23,0
1403,2071,24,0
1403,2069,25,0
1403,2067,26,0
1403,1545,27,0
1403,2064,28,0
1403,1440,29,0
1403,1436,30,0
1403,2061,31,0
1403,2060,32,0
1403,2058,33,0
1403,2056,34,0
1403,2054,35,0
1403,2053,36,0
1403,1001,37,0
1403,2051,38,1
1404,2051,1,0
1404,2052,2,0
1404,1895,3,0
1404,1897,4,0
1404,2055,5,0
1404,2057,6,0
1404,2059,7,0
1404,1435,8,0
1404,1437,9,0
1404,1438,10,0
1404,2063,11,0
1404,2065,12,0
1404,2066,13,0
1404,2068,14,0
1404,2070,15,0
1404,1110,16,0
1404,1107,17,0
1404,1029,18,0
1404,1031,19,0
1404,1033,20,0
1404,1036,21,0
1404,2075,22,0
1404,2076,23,0
1404,2080,24,0
1404,2082,25,0
1404,2084,26,0
1404,2086,27,0
1404,2088,28,0
1404,2092,29,0
1404,2094,30,0
1404,2096,31,0
1404,2098,32,0
1404,2100,33,0
1404,2102,34,0
1404,2104,35,0
1404,2106,36,0
1404,2108,37,0
1404,2109,38,0
1404,2110,39,0
1404,2111,40,0
1404,1765,41,0
1404,1877,42,1
2501,2185,1,0
2501,2186,2,0
2501,2187,3,0
2501,2188,4,0
2501,2189,5,0
2501,2190,6,0
2501,2191,7,0
2501,2192,8,0
2501,2193,9,0
2501,2194,10,0
2501,2195,11,0
2501,2196,12,0
2501,2197,13,0
2501,2198,14,0
2501,2199,15,0
2501,2200,16,0
2501,2201,17,0
2501,2202,18,0
2501,2203,19,0
2501,2204,20,0
2501,2205,21,0
2501,2206,22,0
2501,2207,23,0
2501,2208,24,0
2501,1641,25,0
2501,2168,26,0
2501,2169,27,0
2501,2170,28,0
2501,2171,29,0
2501,2172,30,0
2501,2209,31,0
2501,2210,32,0
2501,2211,33,0
2501,2212,34,0
2501,2213,35,0
2501,2214,36,0
2501,1844,37,0
2501,2215,38,0
2501,2216,39,0
2501,2217,40,0
2501,2218,41,0
2501,2219,42,0
2501,2220,43,0
2501,2221,44,0
2501,2222,45,0
2501,2223,46,0
2501,2224,47,0
2501,2225,48,0
2501,2226,49,0
2501,2227,50,0
2501,2228,51,0
2501,2229,52,0
2501,2230,53,0
2501,2231,54,0
2501,2232,55,0
2501,2233,56,0
2501,1734,57,1
2502,1734,1,0
2502,2141,2,0
2502,2142,3,0
2502,2143,4,0
2502,2144,5,0
2502,2145,6,0
2502,2146,7,0
2502,2147,8,0
2502,2148,9,0
2502,2149,10,0
2502,2150,11,0
2502,2151,12,0
2502,2152,13,0
2502,2153,14,0
2502,2154,15,0
2502,2155,16,0
2502,2156,17,0
2502,2157,18,0
2502,2158,19,0
2502,2159,20,0
2502,2160,21,0
2502,1845,22,0
2502,2161,23,0
2502,2162,24,0
2502,2163,25,0
2502,2164,26,0
2502,2165,27,0
2502,2166,28,0
2502,2167,29,0
2502,1641,30,0
2502,2168,31,0
2502,2169,32,0
2502,2170,33,0
2502,2171,34,0
2502,2172,35,0
2502,2173,36,0
2502,2174,37,0
2502,2175,38,0
2502,2176,39,0
2502,2177,40,0
2502,2178,41,0
2502,2179,42,0
2502,2180,43,0
2502,2181,44,0
2502,2182,45,0
2502,2183,46,0
2502,2184,47,0
2502,2185,48,1
4203,2248,1,0
4203,2247,2,0
4203,2246,3,0
4203,1734,4,1
4204,1734,1,0
4204,2246,2,0
4204,2247,3,0
4204,2248,4,1
1000103,1051,1,0
1000103,1048,2,0
1000103,1046,3,0
1000103,1044,4,0
1000103,1042,5,0
1000103,1041,6,0
1000103,1039,7,0
1000103,1038,8,0
1000103,1035,9,0
1000103,1034,10,0
1000103,1032,11,0
1000103,1030,12,0
1000103,1028,13,0
1000103,1026,14,0
1000103,1025,15,0
1000103,1023,16,0
1000103,1021,17,0
1000103,1019,18,0
1000103,1017,19,0
1000103,1015,20,0
1000103,1013,21,0
1000103,1011,22,0
1000103,1009,23,0
1000103,1007,24,0
1000103,1005,25,0
1000103,1003,26,0
1000103,1001,27,0
1000103,1000,28,1
1000104,1000,1,0
1000104,1002,2,0
1000104,1004,3,0
1000104,1006,4,0
1000104,1008,5,0
1000104,1010,6,0
1000104,1012,7,0
1000104,1014,8,0
1000104,1016,9,0
1000104,1018,10,0
1000104,1020,11,0
1000104,1022,12,0
1000104,1024,13,0
1000104,1027,14,0
1000104,1029,15,0
1000104,1031,16,0
1000104,1033,17,0
1000104,1036,18,0
1000104,1037,19,0
1000104,1040,20,0
1000104,1043,21,0
1000104,1045,22,0
1000104,1047,23,0
1000104,1049,24,0
1000104,1050,25,0
1000104,1881,26,0
1000104,1879,27,0
1000104,2114,28,0
1000104,2109,29,0
1000104,2110,30,0
1000104,2111,31,0
1000104,1051,32,1
3000101,1834,1,0
3000101,2036,2,0
3000101,2044,3,0
3000101,2062,4,0
3000101,2072,5,0
3000101,2078,6,0
3000101,2026,7,0
3000101,1067,8,0
3000101,1069,9,0
3000101,1071,10,0
3000101,1073,11,0
3000101,1075,12,0
3000101,1055,13,0
3000101,1078,14,0
3000101,1080,15,0
3000101,1082,16,0
3000101,1085,17,0
3000101,1087,18,0
3000101,1089,19,0
3000101,2136,20,0
3000101,1092,21,0
3000101,1094,22,0
3000101,1096,23,0
3000101,1098,24,0
3000101,1100,25,0
3000101,2137,26,0
3000101,1101,27,0
3000101,1103,28,0
3000101,1002,29,0
3000101,1004,30,0
3000101,1006,31,0
3000101,1008,32,0
3000101,1010,33,0
3000101,1012,34,0
3000101,1014,35,0
3000101,1016,36,0
3000101,1018,37,0
3000101,1020,38,0
3000101,1022,39,0
3000101,1024,40,0
3000101,1027,41,0
3000101,1106,42,0
3000101,1109,43,0
3000101,1111,44,0
3000101,1113,45,0
3000101,1115,46,0
3000101,1117,47,0
3000101,1119,48,0
3000101,1121,49,0
3000101,1123,50,0
3000101,1125,51,0
3000101,1128,52,0
3000101,1130,53,0
3000101,1132,54,0
3000101,1134,55,0
3000101,1135,56,0
3000101,1137,57,0
3000101,1139,58,0
3000101,1142,59,0
3000101,1144,60,0
3000101,1146,61,0
3000101,1148,62,0
3000101,1150,63,0
3000101,1152,64,0
3000101,1153,65,0
3000101,1156,66,0
3000101,1157,67,0
3000101,1161,68,0
3000101,1163,69,0
3000101,1165,70,0
3000101,1167,71,0
3000101,1169,72,0
3000101,1171,73,0
3000101,1173,74,0
3000101,1175,75,0
3000101,1177,76,0
3000101,1179,77,0
3000101,1181,78,0
3000101,1183,79,0
3000101,1185,80,0
3000101,1187,81,0
3000101,1189,82,0
3000101,1191,83,0
3000101,1193,84,0
3000101,1195,85,0
3000101,1197,86,1
3000102,1197,1,0
3000102,1205,2,0
3000102,1204,3,0
3000102,1202,4,0
3000102,1201,5,0
3000102,1200,6,0
3000102,1199,7,0
3000102,1198,8,0
3000102,1196,9,0
3000102,1194,10,0
3000102,1192,11,0
3000102,1190,12,0
3000102,1188,13,0
3000102,1186,14,0
3000102,1184,15,0
3000102,1182,16,0
3000102,1180,17,0
3000102,1178,18,0
3000102,1176,19,0
3000102,1174,20,0
3000102,1172,21,0
3000102,1170,22,0
3000102,1168,23,0
3000102,1166,24,0
3000102,1164,25,0
3000102,1162,26,0
3000102,1160,27,0
3000102,1158,28,0
3000102,1155,29,0
3000102,2139,30,0
3000102,1151,31,0
3000102,1149,32,0
3000102,1147,33,0
3000102,1145,34,0
3000102,1143,35,0
3000102,1141,36,0
3000102,1203,37,0
3000102,1140,38,0
3000102,1138,39,0
3000102,1136,40,0
3000102,1133,41,0
3000102,1131,42,0
3000102,1129,43,0
3000102,1127,44,0
3000102,1126,45,0
3000102,1124,46,0
3000102,1122,47,0
3000102,1120,48,0
3000102,1118,49,0
3000102,1114,50,0
3000102,1112,51,0
3000102,1110,52,0
3000102,1107,53,0
3000102,1105,54,0
3000102,1028,55,0
3000102,1026,56,0
3000102,1025,57,0
3000102,1023,58,0
3000102,1021,59,0
3000102,1019,60,0
3000102,1017,61,0
3000102,1015,62,0
3000102,1013,63,0
3000102,1011,64,0
3000102,1009,65,0
3000102,1007,66,0
3000102,1005,67,0
3000102,1003,68,0
3000102,1104,69,0
3000102,1101,70,0
3000102,1102,71,0
3000102,1099,72,0
3000102,1097,73,0
3000102,1095,74,0
3000102,1093,75,0
3000102,1091,76,0
3000102,1090,77,0
3000102,1088,78,0
3000102,1086,79,0
3000102,1084,80,0
3000102,1083,81,0
3000102,1081,82,0
3000102,1079,83,0
3000102,1077,84,0
3000102,1074,85,0
3000102,1072,86,0
3000102,1070,87,0
3000102,1068,88,0
3000102,1066,89,0
3000102,1996,90,0
3000102,1053,91,0
3000102,1054,92,0
3000102,2107,93,0
3000102,2115,94,0
3000102,2121,95,0
3000102,1834,96,1
23000301,1834,1,0
23000301,1383,2,0
23000301,1386,3,0
23000301,1388,4,0
23000301,1389,5,0
23000301,1640,6,0
23000301,1391,7,0
23000301,1392,8,0
23000301,1393,9,0
23000301,1394,10,0
23000301,1395,11,0
23000301,1397,12,0
23000301,1399,13,0
23000301,1401,14,0
23000301,1403,15,0
23000301,1405,16,0
23000301,1408,17,0
23000301,1410,18,0
23000301,1413,19,0
23000301,1416,20,0
23000301,1418,21,0
23000301,1420,22,0
23000301,1422,23,0
23000301,1425,24,0
23000301,1528,25,0
23000301,1526,26,0
23000301,1664,27,0
23000301,1896,28,0
23000301,2051,29,1
23000302,2051,1,0
23000302,2052,2,0
23000302,1665,3,0
23000302,1525,4,0
23000302,1527,5,0
23000302,1424,6,0
23000302,1423,7,0
23000302,1421,8,0
23000302,1419,9,0
23000302,1417,10,0
23000302,1414,11,0
23000302,1412,12,0
23000302,1411,13,0
23000302,1407,14,0
23000302,1406,15,0
23000302,1404,16,0
23000302,1402,17,0
23000302,1400,18,0
23000302,1398,19,0
23000302,1396,20,0
23000302,1063,21,0
23000302,1064,22,0
23000302,1065,23,0
23000302,1996,24,0
23000302,1377,25,0
23000302,1378,26,0
23000302,1379,27,0
23000302,1380,28,0
23000302,2115,29,0
23000302,2121,30,0
23000302,1834,31,1
