'1039',463600,94400,0,'605',0,48000,0,'605',0,41500,0,'605',0
'1040',463600,81400,0,'605',0,63000,0,'605',0,47000,0,'605',0
'1041',463600,94400,0,'605',0,48000,0,'605',0,41500,0,'605',0
'1042',463600,71400,0,'605',0,73000,0,'605',0,47000,0,'605',0
'1043',463600,71400,0,'605',0,73000,0,'605',0,47000,0,'605',0
'1044',463600,71400,0,'605',0,73000,0,'605',0,47000,0,'605',0
'1045',463600,71400,0,'605',0,73000,0,'605',0,47000,0,'605',0
'1046',463600,71400,0,'605',0,73000,0,'605',0,47000,0,'605',0
'1047',463600,94400,0,'605',0,48000,0,'605',0,41500,0,'605',0
'1048',463600,101400,0,'605',0,30000,0,'605',0,30000,0,'605',0
'1049',463600,94400,0,'605',0,48000,0,'605',0,41500,0,'605',0
