348303,1,'N',3483
348304,1,'S',3483
348401,1,'E',3484
348402,1,'W',3484
348501,1,'E',3485
348502,1,'W',3485
348601,1,'E',3486
348602,1,'W',3486
348701,1,'E',3487
348702,1,'W',3487
348803,1,'N',3488
348804,1,'S',3488
348903,1,'N',3489
348904,1,'S',3489
349003,1,'N',3490
349004,1,'S',3490
349103,1,'N',3491
349104,1,'S',3491
349201,1,'E',3492
349202,1,'W',3492
349301,1,'E',3493
349302,1,'W',3493
349403,1,'N',3494
349404,1,'S',3494
349503,1,'N',3495
349504,1,'S',3495
353101,1,'E',3531
353102,1,'W',3531
353203,1,'N',3532
353204,1,'S',3532
353301,0,'C3 LOOP',3533
