'1000',2601,72600,0,'EB',0,9000,0,'EB',0,9000,0,'EB',0,5000,0,'EB',0,9000,0,'EB',0,9000,0,'EB',0,9000,0,'EB',0,9000,0,'EB',0,9000,0,'EB',0,5000,0,'EB',0,9000,0,'EB',0,9000,0,'EB',0,9000,0,'EB',0,9000,0,'EB',0,9000,0,'EB',0
'1000',2602,75400,0,'WB',0,9000,0,'WB',0,9000,0,'WB',0,9000,0,'WB',0,9000,0,'WB',0,9000,0,'WB',0,5000,0,'WB',0,9000,0,'WB',0,9000,0,'WB',0,9000,0,'WB',0,9000,0,'WB',0,9000,0,'WB',0,5000,0,'WB',0,9000,0,'WB',0,9000,0,'WB',0
'1001',2601,72600,0,'EB',0,3000,0,'EB',0,7000,0,'EB',0,3000,0,'EB',0,7000,0,'EB',0,3000,0,'EB',0,7000,0,'EB',0,3000,0,'EB',0,7000,0,'EB',0,3000,0,'EB',0,7000,0,'EB',0,3000,0,'EB',0,7000,0,'EB',0,3000,0,'EB',0,7000,0,'EB',0,3000,0,'EB',0,7000,0,'EB',0,3000,0,'EB',0,7000,0,'EB',0,3000,0,'EB',0,7000,0,'EB',0,3000,0,'EB',0,7000,0,'EB',0,3000,0,'EB',0
'1001',2602,75800,0,'WB',0,7000,0,'WB',0,3000,0,'WB',0,7000,0,'WB',0,3000,0,'WB',0,7000,0,'WB',0,3000,0,'WB',0,7000,0,'WB',0,3000,0,'WB',0,7000,0,'WB',0,3000,0,'WB',0,7000,0,'WB',0,3000,0,'WB',0,7000,0,'WB',0,3000,0,'WB',0,7000,0,'WB',0,3000,0,'WB',0,7000,0,'WB',0,3000,0,'WB',0,7000,0,'WB',0,3000,0,'WB',0,7000,0,'WB',0,3000,0,'WB',0,7000,0,'WB',0
'1002',2601,72600,0,'EB',0,3000,0,'EB',0,7000,0,'EB',0,3000,0,'EB',0,7000,0,'EB',0,3000,0,'EB',0,7000,0,'EB',0,3000,0,'EB',0,7000,0,'EB',0,3000,0,'EB',0,7000,0,'EB',0,3000,0,'EB',0,7000,0,'EB',0,3000,0,'EB',0,7000,0,'EB',0,3000,0,'EB',0,7000,0,'EB',0,3000,0,'EB',0,7000,0,'EB',0,3000,0,'EB',0,7000,0,'EB',0,3000,0,'EB',0,7000,0,'EB',0,3000,0,'EB',0
'1002',2602,75800,0,'WB',0,7000,0,'WB',0,3000,0,'WB',0,7000,0,'WB',0,3000,0,'WB',0,7000,0,'WB',0,3000,0,'WB',0,7000,0,'WB',0,3000,0,'WB',0,7000,0,'WB',0,3000,0,'WB',0,7000,0,'WB',0,3000,0,'WB',0,7000,0,'WB',0,3000,0,'WB',0,7000,0,'WB',0,3000,0,'WB',0,7000,0,'WB',0,3000,0,'WB',0,7000,0,'WB',0,3000,0,'WB',0,7000,0,'WB',0,3000,0,'WB',0,7000,0,'WB',0
'1003',2601,72600,0,'EB',0,3000,0,'EB',0,7000,0,'EB',0,3000,0,'EB',0,7000,0,'EB',0,3000,0,'EB',0,7000,0,'EB',0,3000,0,'EB',0,7000,0,'EB',0,3000,0,'EB',0,7000,0,'EB',0,3000,0,'EB',0,7000,0,'EB',0,3000,0,'EB',0,7000,0,'EB',0,3000,0,'EB',0,7000,0,'EB',0,3000,0,'EB',0,7000,0,'EB',0,3000,0,'EB',0,7000,0,'EB',0,3000,0,'EB',0,7000,0,'EB',0,3000,0,'EB',0
'1003',2602,75800,0,'WB',0,7000,0,'WB',0,3000,0,'WB',0,7000,0,'WB',0,3000,0,'WB',0,7000,0,'WB',0,3000,0,'WB',0,7000,0,'WB',0,3000,0,'WB',0,7000,0,'WB',0,3000,0,'WB',0,7000,0,'WB',0,3000,0,'WB',0,7000,0,'WB',0,3000,0,'WB',0,7000,0,'WB',0,3000,0,'WB',0,7000,0,'WB',0,3000,0,'WB',0,7000,0,'WB',0,3000,0,'WB',0,7000,0,'WB',0,3000,0,'WB',0,7000,0,'WB',0
'1004',2601,72600,0,'EB',0,3000,0,'EB',0,7000,0,'EB',0,3000,0,'EB',0,7000,0,'EB',0,3000,0,'EB',0,7000,0,'EB',0,3000,0,'EB',0,7000,0,'EB',0,3000,0,'EB',0,7000,0,'EB',0,3000,0,'EB',0,7000,0,'EB',0,3000,0,'EB',0,7000,0,'EB',0,3000,0,'EB',0,7000,0,'EB',0,3000,0,'EB',0,7000,0,'EB',0,3000,0,'EB',0,7000,0,'EB',0,3000,0,'EB',0,7000,0,'EB',0,3000,0,'EB',0
'1004',2602,75800,0,'WB',0,7000,0,'WB',0,3000,0,'WB',0,7000,0,'WB',0,3000,0,'WB',0,7000,0,'WB',0,3000,0,'WB',0,7000,0,'WB',0,3000,0,'WB',0,7000,0,'WB',0,3000,0,'WB',0,7000,0,'WB',0,3000,0,'WB',0,7000,0,'WB',0,3000,0,'WB',0,7000,0,'WB',0,3000,0,'WB',0,7000,0,'WB',0,3000,0,'WB',0,7000,0,'WB',0,3000,0,'WB',0,7000,0,'WB',0,3000,0,'WB',0,7000,0,'WB',0
'1005',2601,72600,0,'EB',0,3000,0,'EB',0,7000,0,'EB',0,3000,0,'EB',0,7000,0,'EB',0,3000,0,'EB',0,7000,0,'EB',0,3000,0,'EB',0,7000,0,'EB',0,3000,0,'EB',0,7000,0,'EB',0,3000,0,'EB',0,7000,0,'EB',0,3000,0,'EB',0,7000,0,'EB',0,3000,0,'EB',0,7000,0,'EB',0,3000,0,'EB',0,7000,0,'EB',0,3000,0,'EB',0,7000,0,'EB',0,3000,0,'EB',0,7000,0,'EB',0,3000,0,'EB',0
'1005',2602,75800,0,'WB',0,7000,0,'WB',0,3000,0,'WB',0,7000,0,'WB',0,3000,0,'WB',0,7000,0,'WB',0,3000,0,'WB',0,7000,0,'WB',0,3000,0,'WB',0,7000,0,'WB',0,3000,0,'WB',0,7000,0,'WB',0,3000,0,'WB',0,7000,0,'WB',0,3000,0,'WB',0,7000,0,'WB',0,3000,0,'WB',0,7000,0,'WB',0,3000,0,'WB',0,7000,0,'WB',0,3000,0,'WB',0,7000,0,'WB',0,3000,0,'WB',0,7000,0,'WB',0
'1000',463600,82000,0,'605',0,63000,0,'605',0,47000,0,'605',0
'1000',463601,70700,0,'605',0,63000,0,'605',0,47000,0,'605',0
'1001',463600,72000,0,'605',0,73000,0,'605',0,47000,0,'605',0
'1001',463601,60700,0,'605',0,73000,0,'605',0,47000,0,'605',0
'1002',463600,72000,0,'605',0,73000,0,'605',0,47000,0,'605',0
'1002',463601,60700,0,'605',0,73000,0,'605',0,47000,0,'605',0
'1003',463600,72000,0,'605',0,73000,0,'605',0,47000,0,'605',0
'1003',463601,60700,0,'605',0,73000,0,'605',0,47000,0,'605',0
'1004',463600,72000,0,'605',0,73000,0,'605',0,47000,0,'605',0
'1004',463601,60700,0,'605',0,73000,0,'605',0,47000,0,'605',0
'1005',463600,72000,0,'605',0,73000,0,'605',0,47000,0,'605',0
'1005',463601,60700,0,'605',0,73000,0,'605',0,47000,0,'605',0
'999',463600,95000,0,'605',0,48000,0,'605',0,41500,0,'605',0
'999',463601,83700,0,'605',0,48000,0,'605',0,41500,0,'605',0
