'1000',2100,61200,,'',0,9900,,'',0,11000,,'',0,11000,,'',0,11900,,'',0,8000,,'',0,8000,,'',0,4000,,'',0,8000,,'',0,8000,,'',0,4000,,'',0,8000,,'',0,8000,,'',0,4000,,'',0,8000,,'',0,8000,,'',0,11100,,'',0,11000,,'',0,11000,,'',0,11000,,'',0
'1001',2100,61600,,'',0,3600,,'',0,8000,,'',0,8000,,'',0,4000,,'',0,8000,,'',0,8000,,'',0,4000,,'',0,8000,,'',0,8000,,'',0,4000,,'',0,8000,,'',0,8000,,'',0,4000,,'',0,8000,,'',0,8000,,'',0,4000,,'',0,8000,,'',0,8400,,'',0,2700,,'',0,11000,,'',0,15000,,'',0,12700,,'',0
'1002',2100,61600,,'',0,3600,,'',0,8000,,'',0,8000,,'',0,4000,,'',0,8000,,'',0,8000,,'',0,4000,,'',0,8000,,'',0,8000,,'',0,4000,,'',0,8000,,'',0,8000,,'',0,4000,,'',0,8000,,'',0,8000,,'',0,4000,,'',0,8000,,'',0,8400,,'',0,2700,,'',0,11000,,'',0,15000,,'',0,12700,,'',0
'1003',2100,61600,,'',0,3600,,'',0,8000,,'',0,8000,,'',0,4000,,'',0,8000,,'',0,8000,,'',0,4000,,'',0,8000,,'',0,8000,,'',0,4000,,'',0,8000,,'',0,8000,,'',0,4000,,'',0,8000,,'',0,8000,,'',0,4000,,'',0,8000,,'',0,8400,,'',0,2700,,'',0,11000,,'',0,15000,,'',0,12700,,'',0
'1004',2100,61600,,'',0,3600,,'',0,8000,,'',0,8000,,'',0,4000,,'',0,8000,,'',0,8000,,'',0,4000,,'',0,8000,,'',0,8000,,'',0,4000,,'',0,8000,,'',0,8000,,'',0,4000,,'',0,8000,,'',0,8000,,'',0,4000,,'',0,8000,,'',0,8400,,'',0,2700,,'',0,11000,,'',0,15000,,'',0,12700,,'',0
'1005',2100,61600,,'',0,3600,,'',0,8000,,'',0,8000,,'',0,4000,,'',0,8000,,'',0,8000,,'',0,4000,,'',0,8000,,'',0,8000,,'',0,4000,,'',0,8000,,'',0,8000,,'',0,4000,,'',0,8000,,'',0,8000,,'',0,4000,,'',0,8000,,'',0,8400,,'',0,2700,,'',0,11000,,'',0,15000,,'',0,12700,,'',0
'999',2100,95700,,'',0,15000,,'',0,11000,,'',0,11000,,'',0,11000,,'',0,11000,,'',0,11000,,'',0,15000,,'',0,11000,,'',0
'1001',552200,65300,0,'418X',0,7000,0,'418X',0,3000,0,'418X',0,7000,0,'418X',0,3000,0,'418X',0,7000,0,'418X',0,3000,0,'418X',0,7000,0,'418X',0,3000,0,'418X',0,7000,0,'418X',0,3000,0,'418X',0,7000,0,'418X',0,3000,0,'418X',0,7000,0,'418X',0,3000,0,'418X',0,7000,0,'418X',0,3000,0,'418X',0,7000,0,'418X',0,3000,0,'418X',0,7000,0,'418X',0,3000,0,'418X',0,7000,0,'418X',0,3000,0,'418X',0
'1002',552200,65300,0,'418X',0,7000,0,'418X',0,3000,0,'418X',0,7000,0,'418X',0,3000,0,'418X',0,7000,0,'418X',0,3000,0,'418X',0,7000,0,'418X',0,3000,0,'418X',0,7000,0,'418X',0,3000,0,'418X',0,7000,0,'418X',0,3000,0,'418X',0,7000,0,'418X',0,3000,0,'418X',0,7000,0,'418X',0,3000,0,'418X',0,7000,0,'418X',0,3000,0,'418X',0,7000,0,'418X',0,3000,0,'418X',0,7000,0,'418X',0,3000,0,'418X',0
'1003',552200,65300,0,'418X',0,7000,0,'418X',0,3000,0,'418X',0,7000,0,'418X',0,3000,0,'418X',0,7000,0,'418X',0,3000,0,'418X',0,7000,0,'418X',0,3000,0,'418X',0,7000,0,'418X',0,3000,0,'418X',0,7000,0,'418X',0,3000,0,'418X',0,7000,0,'418X',0,3000,0,'418X',0,7000,0,'418X',0,3000,0,'418X',0,7000,0,'418X',0,3000,0,'418X',0,7000,0,'418X',0,3000,0,'418X',0,7000,0,'418X',0,3000,0,'418X',0
'1004',552200,65300,0,'418X',0,7000,0,'418X',0,3000,0,'418X',0,7000,0,'418X',0,3000,0,'418X',0,7000,0,'418X',0,3000,0,'418X',0,7000,0,'418X',0,3000,0,'418X',0,7000,0,'418X',0,3000,0,'418X',0,7000,0,'418X',0,3000,0,'418X',0,7000,0,'418X',0,3000,0,'418X',0,7000,0,'418X',0,3000,0,'418X',0,7000,0,'418X',0,3000,0,'418X',0,7000,0,'418X',0,3000,0,'418X',0,7000,0,'418X',0,3000,0,'418X',0
'1005',552200,65300,0,'418X',0,7000,0,'418X',0,3000,0,'418X',0,7000,0,'418X',0,3000,0,'418X',0,7000,0,'418X',0,3000,0,'418X',0,7000,0,'418X',0,3000,0,'418X',0,7000,0,'418X',0,3000,0,'418X',0,7000,0,'418X',0,3000,0,'418X',0,7000,0,'418X',0,3000,0,'418X',0,7000,0,'418X',0,3000,0,'418X',0,7000,0,'418X',0,3000,0,'418X',0,7000,0,'418X',0,3000,0,'418X',0,7000,0,'418X',0,3000,0,'418X',0
