'1040',70101,72200,0,'E',0,13000,0,'E',0,17000,0,'E',0,13000,0,'E',0,17000,0,'E',0,13000,0,'E',0,17000,0,'E',0,13000,0,'E',0
'1040',70102,82200,0,'W',0,13000,0,'W',0,17000,0,'W',0,13000,0,'W',0,17000,0,'W',0,13000,0,'W',0,17000,0,'W',0,13000,0,'W',0
'1042',70101,72200,0,'E',0,8500,0,'E',0,4500,0,'E',0,8500,0,'E',0,8500,0,'E',0,13000,0,'E',0,17000,0,'E',0,8500,0,'E',0,4500,0,'E',0,8500,0,'E',0,8500,0,'E',0,8500,0,'E',0,4500,0,'E',0,8500,0,'E',0
'1042',70102,73700,0,'W',0,8500,0,'W',0,8500,0,'W',0,4500,0,'W',0,8500,0,'W',0,8500,0,'W',0,13000,0,'W',0,17000,0,'W',0,8500,0,'W',0,4500,0,'W',0,8500,0,'W',0,8500,0,'W',0,8500,0,'W',0,4500,0,'W',0
'1043',70101,72200,0,'E',0,8500,0,'E',0,4500,0,'E',0,8500,0,'E',0,8500,0,'E',0,13000,0,'E',0,17000,0,'E',0,8500,0,'E',0,4500,0,'E',0,8500,0,'E',0,8500,0,'E',0,8500,0,'E',0,4500,0,'E',0,8500,0,'E',0
'1043',70102,73700,0,'W',0,8500,0,'W',0,8500,0,'W',0,4500,0,'W',0,8500,0,'W',0,8500,0,'W',0,13000,0,'W',0,17000,0,'W',0,8500,0,'W',0,4500,0,'W',0,8500,0,'W',0,8500,0,'W',0,8500,0,'W',0,4500,0,'W',0
'1044',70101,72200,0,'E',0,8500,0,'E',0,4500,0,'E',0,8500,0,'E',0,8500,0,'E',0,13000,0,'E',0,17000,0,'E',0,8500,0,'E',0,4500,0,'E',0,8500,0,'E',0,8500,0,'E',0,8500,0,'E',0,4500,0,'E',0,8500,0,'E',0
'1044',70102,73700,0,'W',0,8500,0,'W',0,8500,0,'W',0,4500,0,'W',0,8500,0,'W',0,8500,0,'W',0,13000,0,'W',0,17000,0,'W',0,8500,0,'W',0,4500,0,'W',0,8500,0,'W',0,8500,0,'W',0,8500,0,'W',0,4500,0,'W',0
'1045',70101,72200,0,'E',0,8500,0,'E',0,4500,0,'E',0,8500,0,'E',0,8500,0,'E',0,13000,0,'E',0,17000,0,'E',0,8500,0,'E',0,4500,0,'E',0,8500,0,'E',0,8500,0,'E',0,8500,0,'E',0,4500,0,'E',0,8500,0,'E',0
'1045',70102,73700,0,'W',0,8500,0,'W',0,8500,0,'W',0,4500,0,'W',0,8500,0,'W',0,8500,0,'W',0,13000,0,'W',0,17000,0,'W',0,8500,0,'W',0,4500,0,'W',0,8500,0,'W',0,8500,0,'W',0,8500,0,'W',0,4500,0,'W',0
'1046',70101,72200,0,'E',0,8500,0,'E',0,4500,0,'E',0,8500,0,'E',0,8500,0,'E',0,13000,0,'E',0,17000,0,'E',0,8500,0,'E',0,4500,0,'E',0,8500,0,'E',0,8500,0,'E',0,8500,0,'E',0,4500,0,'E',0,8500,0,'E',0
'1046',70102,73700,0,'W',0,8500,0,'W',0,8500,0,'W',0,4500,0,'W',0,8500,0,'W',0,8500,0,'W',0,13000,0,'W',0,17000,0,'W',0,8500,0,'W',0,4500,0,'W',0,8500,0,'W',0,8500,0,'W',0,8500,0,'W',0,4500,0,'W',0
