'1039',463601,85700,0,'605',0,48000,0,'605',0,41500,0,'605',0
'1040',463601,72700,0,'605',0,63000,0,'605',0,47000,0,'605',0
'1041',463601,85700,0,'605',0,48000,0,'605',0,41500,0,'605',0
'1042',463601,62700,0,'605',0,73000,0,'605',0,47000,0,'605',0
'1043',463601,62700,0,'605',0,73000,0,'605',0,47000,0,'605',0
'1044',463601,62700,0,'605',0,73000,0,'605',0,47000,0,'605',0
'1045',463601,62700,0,'605',0,73000,0,'605',0,47000,0,'605',0
'1046',463601,62700,0,'605',0,73000,0,'605',0,47000,0,'605',0
'1047',463601,85700,0,'605',0,48000,0,'605',0,41500,0,'605',0
'1048',463601,92700,0,'605',0,30000,0,'605',0,30000,0,'605',0
'1049',463601,85700,0,'605',0,48000,0,'605',0,41500,0,'605',0
