'1000',2101,63600,,'',0,10800,,'',0,11000,,'',0,15000,,'',0,4400,,'',0,8000,,'',0,8000,,'',0,4000,,'',0,8000,,'',0,8000,,'',0,4000,,'',0,8000,,'',0,8000,,'',0,4000,,'',0,8000,,'',0,9500,,'',0,2100,,'',0,11000,,'',0,15000,,'',0,11000,,'',0
'1001',2101,61100,,'',0,3500,,'',0,8000,,'',0,8000,,'',0,4000,,'',0,8000,,'',0,8000,,'',0,4000,,'',0,8000,,'',0,8000,,'',0,4000,,'',0,8000,,'',0,8000,,'',0,4000,,'',0,8000,,'',0,8000,,'',0,4000,,'',0,8500,,'',0,7300,,'',0,11000,,'',0,11000,,'',0,11700,,'',0
'1002',2101,61100,,'',0,3500,,'',0,8000,,'',0,8000,,'',0,4000,,'',0,8000,,'',0,8000,,'',0,4000,,'',0,8000,,'',0,8000,,'',0,4000,,'',0,8000,,'',0,8000,,'',0,4000,,'',0,8000,,'',0,8000,,'',0,4000,,'',0,8500,,'',0,7300,,'',0,11000,,'',0,11000,,'',0,11700,,'',0
'1003',2101,61100,,'',0,3500,,'',0,8000,,'',0,8000,,'',0,4000,,'',0,8000,,'',0,8000,,'',0,4000,,'',0,8000,,'',0,8000,,'',0,4000,,'',0,8000,,'',0,8000,,'',0,4000,,'',0,8000,,'',0,8000,,'',0,4000,,'',0,8500,,'',0,7300,,'',0,11000,,'',0,11000,,'',0,11700,,'',0
'1004',2101,61100,,'',0,3500,,'',0,8000,,'',0,8000,,'',0,4000,,'',0,8000,,'',0,8000,,'',0,4000,,'',0,8000,,'',0,8000,,'',0,4000,,'',0,8000,,'',0,8000,,'',0,4000,,'',0,8000,,'',0,8000,,'',0,4000,,'',0,8500,,'',0,7300,,'',0,11000,,'',0,11000,,'',0,11700,,'',0
'1005',2101,61100,,'',0,3500,,'',0,8000,,'',0,8000,,'',0,4000,,'',0,8000,,'',0,8000,,'',0,4000,,'',0,8000,,'',0,8000,,'',0,4000,,'',0,8000,,'',0,8000,,'',0,4000,,'',0,8000,,'',0,8000,,'',0,4000,,'',0,8500,,'',0,7300,,'',0,11000,,'',0,11000,,'',0,11700,,'',0
'999',2101,92000,,'',0,11000,,'',0,11000,,'',0,11000,,'',0,15000,,'',0,11000,,'',0,11000,,'',0,11000,,'',0,11000,,'',0
'1000',400100,80700,0,'518',0,3500,0,'518',0,7500,0,'518',0,3500,0,'518',0,7500,0,'518',0,7500,0,'518',0,3500,0,'518',0,7500,0,'518',0,3500,0,'518',0,7500,0,'518',0,3500,0,'518',0,7500,0,'518',0,7500,0,'518',0,3500,0,'518',0,7500,0,'518',0,3500,0,'518',0,7500,0,'518',0,7500,0,'518',0,3500,0,'518',0,7500,0,'518',0
'1001',400100,70700,0,'518',0,3500,0,'518',0,7500,0,'518',0,3500,0,'518',0,7500,0,'518',0,7500,0,'518',0,3500,0,'518',0,7500,0,'518',0,3500,0,'518',0,7500,0,'518',0,3500,0,'518',0,7500,0,'518',0,7500,0,'518',0,3500,0,'518',0,7500,0,'518',0,3500,0,'518',0,7500,0,'518',0,7500,0,'518',0,3500,0,'518',0,7500,0,'518',0,3500,0,'518',0,7500,0,'518',0,3500,0,'518',0,7500,0,'518',0,7500,0,'518',0,3500,0,'518',0,7500,0,'518',0
'1002',400100,70700,0,'518',0,3500,0,'518',0,7500,0,'518',0,3500,0,'518',0,7500,0,'518',0,7500,0,'518',0,3500,0,'518',0,7500,0,'518',0,3500,0,'518',0,7500,0,'518',0,3500,0,'518',0,7500,0,'518',0,7500,0,'518',0,3500,0,'518',0,7500,0,'518',0,3500,0,'518',0,7500,0,'518',0,7500,0,'518',0,3500,0,'518',0,7500,0,'518',0,3500,0,'518',0,7500,0,'518',0,3500,0,'518',0,7500,0,'518',0,7500,0,'518',0,3500,0,'518',0,7500,0,'518',0
'1003',400100,70700,0,'518',0,3500,0,'518',0,7500,0,'518',0,3500,0,'518',0,7500,0,'518',0,7500,0,'518',0,3500,0,'518',0,7500,0,'518',0,3500,0,'518',0,7500,0,'518',0,3500,0,'518',0,7500,0,'518',0,7500,0,'518',0,3500,0,'518',0,7500,0,'518',0,3500,0,'518',0,7500,0,'518',0,7500,0,'518',0,3500,0,'518',0,7500,0,'518',0,3500,0,'518',0,7500,0,'518',0,3500,0,'518',0,7500,0,'518',0,7500,0,'518',0,3500,0,'518',0,7500,0,'518',0
'1004',400100,70700,0,'518',0,3500,0,'518',0,7500,0,'518',0,3500,0,'518',0,7500,0,'518',0,7500,0,'518',0,3500,0,'518',0,7500,0,'518',0,3500,0,'518',0,7500,0,'518',0,3500,0,'518',0,7500,0,'518',0,7500,0,'518',0,3500,0,'518',0,7500,0,'518',0,3500,0,'518',0,7500,0,'518',0,7500,0,'518',0,3500,0,'518',0,7500,0,'518',0,3500,0,'518',0,7500,0,'518',0,3500,0,'518',0,7500,0,'518',0,7500,0,'518',0,3500,0,'518',0,7500,0,'518',0
'1005',400100,70700,0,'518',0,3500,0,'518',0,7500,0,'518',0,3500,0,'518',0,7500,0,'518',0,7500,0,'518',0,3500,0,'518',0,7500,0,'518',0,3500,0,'518',0,7500,0,'518',0,3500,0,'518',0,7500,0,'518',0,7500,0,'518',0,3500,0,'518',0,7500,0,'518',0,3500,0,'518',0,7500,0,'518',0,7500,0,'518',0,3500,0,'518',0,7500,0,'518',0,3500,0,'518',0,7500,0,'518',0,3500,0,'518',0,7500,0,'518',0,7500,0,'518',0,3500,0,'518',0,7500,0,'518',0
'999',400100,94200,0,'518',0,7500,0,'518',0,3500,0,'518',0,7500,0,'518',0,7500,0,'518',0,3500,0,'518',0,7500,0,'518',0,3500,0,'518',0,7500,0,'518',0,3500,0,'518',0,7500,0,'518',0,7500,0,'518',0,3500,0,'518',0,7500,0,'518',0,3500,0,'518',0,7500,0,'518',0
