'1039',1600,103300,0,'Transway1A',0,7000,0,'Transway1A',0,4500,0,'Transway1A',0,7000,0,'Transway1A',0,3000,0,'Transway1A',0,7000,0,'Transway1A',0,3000,0,'Transway1A',0,7000,0,'Transway1A',0,3000,0,'Transway1A',0,7000,0,'Transway1A',0,3000,0,'Transway1A',0,7000,0,'Transway1A',0,3000,0,'Transway1A',0,6000,0,'Transway1A',0,1000,0,'Transway1A',0,3000,0,'Transway1A',0,6000,0,'Transway1A',0,1000,0,'Transway1A',0,3000,0,'Transway1A',0,7000,0,'Transway1A',0,3000,0,'Transway1A',0
'1039',1601,103100,4,'',0,7000,4,'',0,4500,4,'',0,7000,4,'',0,3000,4,'',0,7000,4,'',0,3000,4,'',0,7000,4,'',0,3000,4,'',0,7000,4,'',0,3000,4,'',0,7000,4,'',0,3000,4,'',0,7000,4,'',0,3000,4,'',0,7000,4,'',0,3000,4,'',0,7000,4,'',0,3000,4,'',0
'1040',1600,72000,0,'Transway1A',0,3000,0,'Transway1A',0,7000,0,'Transway1A',0,3000,0,'Transway1A',0,7000,0,'Transway1A',0,3000,0,'Transway1A',0,7000,0,'Transway1A',0,3000,0,'Transway1A',0,6000,0,'Transway1A',0,2000,0,'Transway1A',0,2000,0,'Transway1A',0,6000,0,'Transway1A',0,2000,0,'Transway1A',0,2000,0,'Transway1A',0,6000,0,'Transway1A',0,2000,0,'Transway1A',0,2000,0,'Transway1A',0,6000,0,'Transway1A',0,2000,0,'Transway1A',0,2000,0,'Transway1A',0,6000,0,'Transway1A',0,2000,0,'Transway1A',0,2000,0,'Transway1A',0,6000,0,'Transway1A',0,2000,0,'Transway1A',0,2000,0,'Transway1A',0,6000,0,'Transway1A',0,2000,0,'Transway1A',0,2000,0,'Transway1A',0,6000,0,'Transway1A',0,500,0,'Transway1A',0,1500,0,'Transway1A',0,2000,0,'Transway1A',0,7000,0,'Transway1A',0,3000,0,'Transway1A',0,7000,0,'Transway1A',0,3000,0,'Transway1A',0,7000,0,'Transway1A',0,3000,0,'Transway1A',0,10000,0,'Transway1A',0
'1040',1601,71500,4,'',0,3000,4,'',0,7000,4,'',0,3000,4,'',0,7000,4,'',0,3000,4,'',0,7000,4,'',0,3000,4,'',0,6000,4,'',0,2000,4,'',0,2000,4,'',0,6000,4,'',0,2000,4,'',0,2000,4,'',0,6000,4,'',0,2000,4,'',0,2000,4,'',0,6000,4,'',0,2000,4,'',0,2000,4,'',0,6000,4,'',0,2000,4,'',0,2000,4,'',0,6000,4,'',0,2000,4,'',0,2000,4,'',0,6000,4,'',0,2000,4,'',0,2000,4,'',0,6000,4,'',0,2000,4,'',0,2200,4,'',0,7000,4,'',0,3000,4,'',0,7000,4,'',0,3000,4,'',0,7000,4,'',0,3000,4,'',0,10000,4,'',0
'1041',1600,103300,0,'Transway1A',0,7000,0,'Transway1A',0,4500,0,'Transway1A',0,7000,0,'Transway1A',0,3000,0,'Transway1A',0,7000,0,'Transway1A',0,3000,0,'Transway1A',0,7000,0,'Transway1A',0,3000,0,'Transway1A',0,7000,0,'Transway1A',0,3000,0,'Transway1A',0,7000,0,'Transway1A',0,3000,0,'Transway1A',0,6000,0,'Transway1A',0,1000,0,'Transway1A',0,3000,0,'Transway1A',0,6000,0,'Transway1A',0,1000,0,'Transway1A',0,3000,0,'Transway1A',0,7000,0,'Transway1A',0,3000,0,'Transway1A',0
'1041',1601,103100,4,'',0,7000,4,'',0,4500,4,'',0,7000,4,'',0,3000,4,'',0,7000,4,'',0,3000,4,'',0,7000,4,'',0,3000,4,'',0,7000,4,'',0,3000,4,'',0,7000,4,'',0,3000,4,'',0,7000,4,'',0,3000,4,'',0,7000,4,'',0,3000,4,'',0,7000,4,'',0,3000,4,'',0
'1042',1600,63000,0,'Transway1A',0,7500,0,'Transway1A',0,3000,0,'Transway1A',0,2000,0,'Transway1A',0,6000,0,'Transway1A',0,2000,0,'Transway1A',0,2000,0,'Transway1A',0,6000,0,'Transway1A',0,2000,0,'Transway1A',0,2000,0,'Transway1A',0,6000,0,'Transway1A',0,2000,0,'Transway1A',0,2000,0,'Transway1A',0,6000,0,'Transway1A',0,2000,0,'Transway1A',0,2000,0,'Transway1A',0,6000,0,'Transway1A',0,2000,0,'Transway1A',0,2000,0,'Transway1A',0,6000,0,'Transway1A',0,2000,0,'Transway1A',0,2000,0,'Transway1A',0,6000,0,'Transway1A',0,2000,0,'Transway1A',0,2000,0,'Transway1A',0,6000,0,'Transway1A',0,2000,0,'Transway1A',0,2000,0,'Transway1A',0,6000,0,'Transway1A',0,2000,0,'Transway1A',0,2000,0,'Transway1A',0,6000,0,'Transway1A',0,2000,0,'Transway1A',0,2000,0,'Transway1A',0,6000,0,'Transway1A',0,2000,0,'Transway1A',0,1500,0,'Transway1A',0,7000,0,'Transway1A',0,3000,0,'Transway1A',0,6000,0,'Transway1A',0,1000,0,'Transway1A',0,2000,0,'Transway1A',0,1000,0,'Transway1A',0,6000,0,'Transway1A',0,1000,0,'Transway1A',0,3000,0,'Transway1A',0,10000,0,'Transway1A',0
'1042',1601,62500,4,'',0,7700,4,'',0,3000,4,'',0,2000,4,'',0,6000,4,'',0,2000,4,'',0,2000,4,'',0,6000,4,'',0,2000,4,'',0,2000,4,'',0,6000,4,'',0,2000,4,'',0,2000,4,'',0,6000,4,'',0,2000,4,'',0,2000,4,'',0,6000,4,'',0,2000,4,'',0,2000,4,'',0,6000,4,'',0,2000,4,'',0,2000,4,'',0,6000,4,'',0,2000,4,'',0,2000,4,'',0,6000,4,'',0,2000,4,'',0,2000,4,'',0,6000,4,'',0,2000,4,'',0,2000,4,'',0,6000,4,'',0,2000,4,'',0,2000,4,'',0,6000,4,'',0,2000,4,'',0,1500,4,'',0,7000,4,'',0,3000,4,'',0,7000,4,'',0,3000,4,'',0,7000,4,'',0,3000,4,'',0,10000,4,'',0,10000,4,'',0
'1043',1600,63000,0,'Transway1A',0,7500,0,'Transway1A',0,3000,0,'Transway1A',0,2000,0,'Transway1A',0,6000,0,'Transway1A',0,2000,0,'Transway1A',0,2000,0,'Transway1A',0,6000,0,'Transway1A',0,2000,0,'Transway1A',0,2000,0,'Transway1A',0,6000,0,'Transway1A',0,2000,0,'Transway1A',0,2000,0,'Transway1A',0,6000,0,'Transway1A',0,2000,0,'Transway1A',0,2000,0,'Transway1A',0,6000,0,'Transway1A',0,2000,0,'Transway1A',0,2000,0,'Transway1A',0,6000,0,'Transway1A',0,2000,0,'Transway1A',0,2000,0,'Transway1A',0,6000,0,'Transway1A',0,2000,0,'Transway1A',0,2000,0,'Transway1A',0,6000,0,'Transway1A',0,2000,0,'Transway1A',0,2000,0,'Transway1A',0,6000,0,'Transway1A',0,2000,0,'Transway1A',0,2000,0,'Transway1A',0,6000,0,'Transway1A',0,2000,0,'Transway1A',0,2000,0,'Transway1A',0,6000,0,'Transway1A',0,2000,0,'Transway1A',0,1500,0,'Transway1A',0,7000,0,'Transway1A',0,3000,0,'Transway1A',0,7000,0,'Transway1A',0,3000,0,'Transway1A',0,7000,0,'Transway1A',0,3000,0,'Transway1A',0,10000,0,'Transway1A',0
'1043',1601,62500,4,'',0,7700,4,'',0,3000,4,'',0,2000,4,'',0,6000,4,'',0,2000,4,'',0,2000,4,'',0,6000,4,'',0,2000,4,'',0,2000,4,'',0,6000,4,'',0,2000,4,'',0,2000,4,'',0,6000,4,'',0,2000,4,'',0,2000,4,'',0,6000,4,'',0,2000,4,'',0,2000,4,'',0,6000,4,'',0,2000,4,'',0,2000,4,'',0,6000,4,'',0,2000,4,'',0,2000,4,'',0,6000,4,'',0,2000,4,'',0,2000,4,'',0,6000,4,'',0,2000,4,'',0,2000,4,'',0,6000,4,'',0,2000,4,'',0,2000,4,'',0,6000,4,'',0,2000,4,'',0,1500,4,'',0,7000,4,'',0,3000,4,'',0,7000,4,'',0,3000,4,'',0,7000,4,'',0,3000,4,'',0,10000,4,'',0,10000,4,'',0
'1044',1600,63000,0,'Transway1A',0,7500,0,'Transway1A',0,3000,0,'Transway1A',0,2000,0,'Transway1A',0,6000,0,'Transway1A',0,2000,0,'Transway1A',0,2000,0,'Transway1A',0,6000,0,'Transway1A',0,2000,0,'Transway1A',0,2000,0,'Transway1A',0,6000,0,'Transway1A',0,2000,0,'Transway1A',0,2000,0,'Transway1A',0,6000,0,'Transway1A',0,2000,0,'Transway1A',0,2000,0,'Transway1A',0,6000,0,'Transway1A',0,2000,0,'Transway1A',0,2000,0,'Transway1A',0,6000,0,'Transway1A',0,2000,0,'Transway1A',0,2000,0,'Transway1A',0,6000,0,'Transway1A',0,2000,0,'Transway1A',0,2000,0,'Transway1A',0,6000,0,'Transway1A',0,2000,0,'Transway1A',0,2000,0,'Transway1A',0,6000,0,'Transway1A',0,2000,0,'Transway1A',0,2000,0,'Transway1A',0,6000,0,'Transway1A',0,2000,0,'Transway1A',0,2000,0,'Transway1A',0,6000,0,'Transway1A',0,2000,0,'Transway1A',0,1500,0,'Transway1A',0,7000,0,'Transway1A',0,3000,0,'Transway1A',0,6000,0,'Transway1A',0,1000,0,'Transway1A',0,2000,0,'Transway1A',0,1000,0,'Transway1A',0,6000,0,'Transway1A',0,1000,0,'Transway1A',0,3000,0,'Transway1A',0,10000,0,'Transway1A',0
'1044',1601,62500,4,'',0,7700,4,'',0,3000,4,'',0,2000,4,'',0,6000,4,'',0,2000,4,'',0,2000,4,'',0,6000,4,'',0,2000,4,'',0,2000,4,'',0,6000,4,'',0,2000,4,'',0,2000,4,'',0,6000,4,'',0,2000,4,'',0,2000,4,'',0,6000,4,'',0,2000,4,'',0,2000,4,'',0,6000,4,'',0,2000,4,'',0,2000,4,'',0,6000,4,'',0,2000,4,'',0,2000,4,'',0,6000,4,'',0,2000,4,'',0,2000,4,'',0,6000,4,'',0,2000,4,'',0,2000,4,'',0,6000,4,'',0,2000,4,'',0,2000,4,'',0,6000,4,'',0,2000,4,'',0,1500,4,'',0,7000,4,'',0,3000,4,'',0,7000,4,'',0,3000,4,'',0,7000,4,'',0,3000,4,'',0,10000,4,'',0,10000,4,'',0
'1045',1600,63000,0,'Transway1A',0,7500,0,'Transway1A',0,3000,0,'Transway1A',0,2000,0,'Transway1A',0,6000,0,'Transway1A',0,2000,0,'Transway1A',0,2000,0,'Transway1A',0,6000,0,'Transway1A',0,2000,0,'Transway1A',0,2000,0,'Transway1A',0,6000,0,'Transway1A',0,2000,0,'Transway1A',0,2000,0,'Transway1A',0,6000,0,'Transway1A',0,2000,0,'Transway1A',0,2000,0,'Transway1A',0,6000,0,'Transway1A',0,2000,0,'Transway1A',0,2000,0,'Transway1A',0,6000,0,'Transway1A',0,2000,0,'Transway1A',0,2000,0,'Transway1A',0,6000,0,'Transway1A',0,2000,0,'Transway1A',0,2000,0,'Transway1A',0,6000,0,'Transway1A',0,2000,0,'Transway1A',0,2000,0,'Transway1A',0,6000,0,'Transway1A',0,2000,0,'Transway1A',0,2000,0,'Transway1A',0,6000,0,'Transway1A',0,2000,0,'Transway1A',0,2000,0,'Transway1A',0,6000,0,'Transway1A',0,2000,0,'Transway1A',0,1500,0,'Transway1A',0,7000,0,'Transway1A',0,3000,0,'Transway1A',0,7000,0,'Transway1A',0,3000,0,'Transway1A',0,7000,0,'Transway1A',0,3000,0,'Transway1A',0,10000,0,'Transway1A',0
'1045',1601,62500,4,'',0,7700,4,'',0,3000,4,'',0,2000,4,'',0,6000,4,'',0,2000,4,'',0,2000,4,'',0,6000,4,'',0,2000,4,'',0,2000,4,'',0,6000,4,'',0,2000,4,'',0,2000,4,'',0,6000,4,'',0,2000,4,'',0,2000,4,'',0,6000,4,'',0,2000,4,'',0,2000,4,'',0,6000,4,'',0,2000,4,'',0,2000,4,'',0,6000,4,'',0,2000,4,'',0,2000,4,'',0,6000,4,'',0,2000,4,'',0,2000,4,'',0,6000,4,'',0,2000,4,'',0,2000,4,'',0,6000,4,'',0,2000,4,'',0,2000,4,'',0,6000,4,'',0,2000,4,'',0,1500,4,'',0,7000,4,'',0,3000,4,'',0,7000,4,'',0,3000,4,'',0,7000,4,'',0,3000,4,'',0,10000,4,'',0,10000,4,'',0
'1046',1600,63000,0,'Transway1A',0,7500,0,'Transway1A',0,3000,0,'Transway1A',0,2000,0,'Transway1A',0,6000,0,'Transway1A',0,2000,0,'Transway1A',0,2000,0,'Transway1A',0,6000,0,'Transway1A',0,2000,0,'Transway1A',0,2000,0,'Transway1A',0,6000,0,'Transway1A',0,2000,0,'Transway1A',0,2000,0,'Transway1A',0,6000,0,'Transway1A',0,2000,0,'Transway1A',0,2000,0,'Transway1A',0,6000,0,'Transway1A',0,2000,0,'Transway1A',0,2000,0,'Transway1A',0,6000,0,'Transway1A',0,2000,0,'Transway1A',0,2000,0,'Transway1A',0,6000,0,'Transway1A',0,2000,0,'Transway1A',0,2000,0,'Transway1A',0,6000,0,'Transway1A',0,2000,0,'Transway1A',0,2000,0,'Transway1A',0,6000,0,'Transway1A',0,2000,0,'Transway1A',0,2000,0,'Transway1A',0,6000,0,'Transway1A',0,2000,0,'Transway1A',0,2000,0,'Transway1A',0,6000,0,'Transway1A',0,2000,0,'Transway1A',0,1500,0,'Transway1A',0,7000,0,'Transway1A',0,3000,0,'Transway1A',0,7000,0,'Transway1A',0,3000,0,'Transway1A',0,7000,0,'Transway1A',0,3000,0,'Transway1A',0,10000,0,'Transway1A',0
'1046',1601,62500,4,'',0,7700,4,'',0,3000,4,'',0,2000,4,'',0,6000,4,'',0,2000,4,'',0,2000,4,'',0,6000,4,'',0,2000,4,'',0,2000,4,'',0,6000,4,'',0,2000,4,'',0,2000,4,'',0,6000,4,'',0,2000,4,'',0,2000,4,'',0,6000,4,'',0,2000,4,'',0,2000,4,'',0,6000,4,'',0,2000,4,'',0,2000,4,'',0,6000,4,'',0,2000,4,'',0,2000,4,'',0,6000,4,'',0,2000,4,'',0,2000,4,'',0,6000,4,'',0,2000,4,'',0,2000,4,'',0,6000,4,'',0,2000,4,'',0,2000,4,'',0,6000,4,'',0,2000,4,'',0,1500,4,'',0,7000,4,'',0,3000,4,'',0,7000,4,'',0,3000,4,'',0,7000,4,'',0,3000,4,'',0,10000,4,'',0,10000,4,'',0
'1047',1600,71500,0,'Transway1A',0,1500,0,'Transway1A',0,1500,0,'Transway1A',0,5500,0,'Transway1A',0,1500,0,'Transway1A',0,1500,0,'Transway1A',0,1500,0,'Transway1A',0,5500,0,'Transway1A',0,1500,0,'Transway1A',0,1500,0,'Transway1A',0,1500,0,'Transway1A',0,5500,0,'Transway1A',0,1500,0,'Transway1A',0,1500,0,'Transway1A',0,1500,0,'Transway1A',0,5500,0,'Transway1A',0,1500,0,'Transway1A',0,1500,0,'Transway1A',0,1500,0,'Transway1A',0,5500,0,'Transway1A',0,1500,0,'Transway1A',0,1500,0,'Transway1A',0,1500,0,'Transway1A',0,5500,0,'Transway1A',0,1500,0,'Transway1A',0,1500,0,'Transway1A',0,1500,0,'Transway1A',0,5500,0,'Transway1A',0,1500,0,'Transway1A',0,1500,0,'Transway1A',0,1500,0,'Transway1A',0,5500,0,'Transway1A',0,1500,0,'Transway1A',0,1500,0,'Transway1A',0,1500,0,'Transway1A',0,5500,0,'Transway1A',0,1500,0,'Transway1A',0,1500,0,'Transway1A',0,1500,0,'Transway1A',0,5500,0,'Transway1A',0,1500,0,'Transway1A',0,1500,0,'Transway1A',0,1500,0,'Transway1A',0,5500,0,'Transway1A',0,1500,0,'Transway1A',0,1500,0,'Transway1A',0,1500,0,'Transway1A',0,5500,0,'Transway1A',0,1500,0,'Transway1A',0,1500,0,'Transway1A',0,1500,0,'Transway1A',0
'1047',1601,71100,4,'',0,1500,4,'',0,1500,4,'',0,1500,4,'',0,5500,4,'',0,1500,4,'',0,1500,4,'',0,1500,4,'',0,5500,4,'',0,1500,4,'',0,1500,4,'',0,1500,4,'',0,5500,4,'',0,1500,4,'',0,1500,4,'',0,1500,4,'',0,5500,4,'',0,1500,4,'',0,1500,4,'',0,1500,4,'',0,5500,4,'',0,1500,4,'',0,1500,4,'',0,1500,4,'',0,5500,4,'',0,1500,4,'',0,1500,4,'',0,1500,4,'',0,5500,4,'',0,1500,4,'',0,1500,4,'',0,1500,4,'',0,5500,4,'',0,1500,4,'',0,1500,4,'',0,1500,4,'',0,5500,4,'',0,1500,4,'',0,1500,4,'',0,1500,4,'',0,5500,4,'',0,1500,4,'',0,1500,4,'',0,1500,4,'',0,5500,4,'',0,1500,4,'',0,1500,4,'',0,1500,4,'',0,5500,4,'',0,1500,4,'',0,1500,4,'',0
'1048',1600,94500,0,'Transway1A',0,10000,0,'Transway1A',0,10000,0,'Transway1A',0,10000,0,'Transway1A',0,10000,0,'Transway1A',0,10000,0,'Transway1A',0,10000,0,'Transway1A',0,10000,0,'Transway1A',0
'1048',1601,93800,4,'',0,10000,4,'',0,10000,4,'',0,10000,4,'',0,10000,4,'',0,10000,4,'',0,10000,4,'',0,10000,4,'',0
'1049',1600,71500,0,'Transway1A',0,1500,0,'Transway1A',0,1500,0,'Transway1A',0,5500,0,'Transway1A',0,1500,0,'Transway1A',0,1500,0,'Transway1A',0,1500,0,'Transway1A',0,5500,0,'Transway1A',0,1500,0,'Transway1A',0,1500,0,'Transway1A',0,1500,0,'Transway1A',0,5500,0,'Transway1A',0,1500,0,'Transway1A',0,1500,0,'Transway1A',0,1500,0,'Transway1A',0,5500,0,'Transway1A',0,1500,0,'Transway1A',0,1500,0,'Transway1A',0,1500,0,'Transway1A',0,5500,0,'Transway1A',0,1500,0,'Transway1A',0,1500,0,'Transway1A',0,1500,0,'Transway1A',0,5500,0,'Transway1A',0,1500,0,'Transway1A',0,1500,0,'Transway1A',0,1500,0,'Transway1A',0,5500,0,'Transway1A',0,1500,0,'Transway1A',0,1500,0,'Transway1A',0,1500,0,'Transway1A',0,5500,0,'Transway1A',0,1500,0,'Transway1A',0,1500,0,'Transway1A',0,1500,0,'Transway1A',0,5500,0,'Transway1A',0,1500,0,'Transway1A',0,1500,0,'Transway1A',0,1500,0,'Transway1A',0,5500,0,'Transway1A',0,1500,0,'Transway1A',0,1500,0,'Transway1A',0,1500,0,'Transway1A',0,5500,0,'Transway1A',0,1500,0,'Transway1A',0,1500,0,'Transway1A',0,1500,0,'Transway1A',0,5500,0,'Transway1A',0,1500,0,'Transway1A',0,1500,0,'Transway1A',0,1500,0,'Transway1A',0
'1049',1601,71100,4,'',0,1500,4,'',0,1500,4,'',0,1500,4,'',0,5500,4,'',0,1500,4,'',0,1500,4,'',0,1500,4,'',0,5500,4,'',0,1500,4,'',0,1500,4,'',0,1500,4,'',0,5500,4,'',0,1500,4,'',0,1500,4,'',0,1500,4,'',0,5500,4,'',0,1500,4,'',0,1500,4,'',0,1500,4,'',0,5500,4,'',0,1500,4,'',0,1500,4,'',0,1500,4,'',0,5500,4,'',0,1500,4,'',0,1500,4,'',0,1500,4,'',0,5500,4,'',0,1500,4,'',0,1500,4,'',0,1500,4,'',0,5500,4,'',0,1500,4,'',0,1500,4,'',0,1500,4,'',0,5500,4,'',0,1500,4,'',0,1500,4,'',0,1500,4,'',0,5500,4,'',0,1500,4,'',0,1500,4,'',0,1500,4,'',0,5500,4,'',0,1500,4,'',0,1500,4,'',0,1500,4,'',0,5500,4,'',0,1500,4,'',0,1500,4,'',0
'1040',2602,72400,0,'WB',0,9000,0,'WB',0,9000,0,'WB',0,5000,0,'WB',0,9000,0,'WB',0,9000,0,'WB',0,9000,0,'WB',0,9000,0,'WB',0,9000,0,'WB',0,5000,0,'WB',0,9000,0,'WB',0,9000,0,'WB',0,9000,0,'WB',0,9000,0,'WB',0,9000,0,'WB',0
'1042',2602,72200,0,'WB',0,3000,0,'WB',0,7000,0,'WB',0,3000,0,'WB',0,7000,0,'WB',0,3000,0,'WB',0,7000,0,'WB',0,3000,0,'WB',0,7000,0,'WB',0,3000,0,'WB',0,7000,0,'WB',0,3000,0,'WB',0,7000,0,'WB',0,3000,0,'WB',0,7000,0,'WB',0,3000,0,'WB',0,7000,0,'WB',0,3000,0,'WB',0,7000,0,'WB',0,3000,0,'WB',0,7000,0,'WB',0,3000,0,'WB',0,7000,0,'WB',0,3000,0,'WB',0
'1043',2602,72200,0,'WB',0,3000,0,'WB',0,7000,0,'WB',0,3000,0,'WB',0,7000,0,'WB',0,3000,0,'WB',0,7000,0,'WB',0,3000,0,'WB',0,7000,0,'WB',0,3000,0,'WB',0,7000,0,'WB',0,3000,0,'WB',0,7000,0,'WB',0,3000,0,'WB',0,7000,0,'WB',0,3000,0,'WB',0,7000,0,'WB',0,3000,0,'WB',0,7000,0,'WB',0,3000,0,'WB',0,7000,0,'WB',0,3000,0,'WB',0,7000,0,'WB',0,3000,0,'WB',0
'1044',2602,72200,0,'WB',0,3000,0,'WB',0,7000,0,'WB',0,3000,0,'WB',0,7000,0,'WB',0,3000,0,'WB',0,7000,0,'WB',0,3000,0,'WB',0,7000,0,'WB',0,3000,0,'WB',0,7000,0,'WB',0,3000,0,'WB',0,7000,0,'WB',0,3000,0,'WB',0,7000,0,'WB',0,3000,0,'WB',0,7000,0,'WB',0,3000,0,'WB',0,7000,0,'WB',0,3000,0,'WB',0,7000,0,'WB',0,3000,0,'WB',0,7000,0,'WB',0,3000,0,'WB',0
'1045',2602,72200,0,'WB',0,3000,0,'WB',0,7000,0,'WB',0,3000,0,'WB',0,7000,0,'WB',0,3000,0,'WB',0,7000,0,'WB',0,3000,0,'WB',0,7000,0,'WB',0,3000,0,'WB',0,7000,0,'WB',0,3000,0,'WB',0,7000,0,'WB',0,3000,0,'WB',0,7000,0,'WB',0,3000,0,'WB',0,7000,0,'WB',0,3000,0,'WB',0,7000,0,'WB',0,3000,0,'WB',0,7000,0,'WB',0,3000,0,'WB',0,7000,0,'WB',0,3000,0,'WB',0
'1046',2602,72200,0,'WB',0,3000,0,'WB',0,7000,0,'WB',0,3000,0,'WB',0,7000,0,'WB',0,3000,0,'WB',0,7000,0,'WB',0,3000,0,'WB',0,7000,0,'WB',0,3000,0,'WB',0,7000,0,'WB',0,3000,0,'WB',0,7000,0,'WB',0,3000,0,'WB',0,7000,0,'WB',0,3000,0,'WB',0,7000,0,'WB',0,3000,0,'WB',0,7000,0,'WB',0,3000,0,'WB',0,7000,0,'WB',0,3000,0,'WB',0,7000,0,'WB',0,3000,0,'WB',0
'1047',2602,72400,0,'WB',0,9000,0,'WB',0,9000,0,'WB',0,5000,0,'WB',0,9000,0,'WB',0,9000,0,'WB',0,9000,0,'WB',0,9000,0,'WB',0,9000,0,'WB',0,5000,0,'WB',0,9000,0,'WB',0,9000,0,'WB',0,9000,0,'WB',0,9000,0,'WB',0,9000,0,'WB',0
'1039',400100,93400,0,'518',0,7500,0,'518',0,3500,0,'518',0,7500,0,'518',0,3500,0,'518',0,7500,0,'518',0,7500,0,'518',0,3500,0,'518',0,7500,0,'518',0,3500,0,'518',0,7500,0,'518',0,3500,0,'518',0,7500,0,'518',0,7500,0,'518',0,3500,0,'518',0,7500,0,'518',0
'1040',400100,75900,0,'518',0,7500,0,'518',0,7500,0,'518',0,3500,0,'518',0,7500,0,'518',0,3500,0,'518',0,7500,0,'518',0,7500,0,'518',0,3500,0,'518',0,7500,0,'518',0,3500,0,'518',0,7500,0,'518',0,3500,0,'518',0,7500,0,'518',0,7500,0,'518',0,3500,0,'518',0,7500,0,'518',0,3500,0,'518',0,7500,0,'518',0,7500,0,'518',0
'1041',400100,93400,0,'518',0,7500,0,'518',0,3500,0,'518',0,7500,0,'518',0,3500,0,'518',0,7500,0,'518',0,7500,0,'518',0,3500,0,'518',0,7500,0,'518',0,3500,0,'518',0,7500,0,'518',0,3500,0,'518',0,7500,0,'518',0,7500,0,'518',0,3500,0,'518',0,7500,0,'518',0
'1042',400100,65900,0,'518',0,7500,0,'518',0,7500,0,'518',0,3500,0,'518',0,7500,0,'518',0,3500,0,'518',0,7500,0,'518',0,7500,0,'518',0,3500,0,'518',0,7500,0,'518',0,3500,0,'518',0,7500,0,'518',0,3500,0,'518',0,7500,0,'518',0,7500,0,'518',0,3500,0,'518',0,7500,0,'518',0,3500,0,'518',0,7500,0,'518',0,7500,0,'518',0,3500,0,'518',0,7500,0,'518',0,3500,0,'518',0,7500,0,'518',0,3500,0,'518',0,7500,0,'518',0,7500,0,'518',0
'1043',400100,65900,0,'518',0,7500,0,'518',0,7500,0,'518',0,3500,0,'518',0,7500,0,'518',0,3500,0,'518',0,7500,0,'518',0,7500,0,'518',0,3500,0,'518',0,7500,0,'518',0,3500,0,'518',0,7500,0,'518',0,3500,0,'518',0,7500,0,'518',0,7500,0,'518',0,3500,0,'518',0,7500,0,'518',0,3500,0,'518',0,7500,0,'518',0,7500,0,'518',0,3500,0,'518',0,7500,0,'518',0,3500,0,'518',0,7500,0,'518',0,3500,0,'518',0,7500,0,'518',0,7500,0,'518',0
'1044',400100,65900,0,'518',0,7500,0,'518',0,7500,0,'518',0,3500,0,'518',0,7500,0,'518',0,3500,0,'518',0,7500,0,'518',0,7500,0,'518',0,3500,0,'518',0,7500,0,'518',0,3500,0,'518',0,7500,0,'518',0,3500,0,'518',0,7500,0,'518',0,7500,0,'518',0,3500,0,'518',0,7500,0,'518',0,3500,0,'518',0,7500,0,'518',0,7500,0,'518',0,3500,0,'518',0,7500,0,'518',0,3500,0,'518',0,7500,0,'518',0,3500,0,'518',0,7500,0,'518',0,7500,0,'518',0
'1045',400100,65900,0,'518',0,7500,0,'518',0,7500,0,'518',0,3500,0,'518',0,7500,0,'518',0,3500,0,'518',0,7500,0,'518',0,7500,0,'518',0,3500,0,'518',0,7500,0,'518',0,3500,0,'518',0,7500,0,'518',0,3500,0,'518',0,7500,0,'518',0,7500,0,'518',0,3500,0,'518',0,7500,0,'518',0,3500,0,'518',0,7500,0,'518',0,7500,0,'518',0,3500,0,'518',0,7500,0,'518',0,3500,0,'518',0,7500,0,'518',0,3500,0,'518',0,7500,0,'518',0,7500,0,'518',0
'1046',400100,65900,0,'518',0,7500,0,'518',0,7500,0,'518',0,3500,0,'518',0,7500,0,'518',0,3500,0,'518',0,7500,0,'518',0,7500,0,'518',0,3500,0,'518',0,7500,0,'518',0,3500,0,'518',0,7500,0,'518',0,3500,0,'518',0,7500,0,'518',0,7500,0,'518',0,3500,0,'518',0,7500,0,'518',0,3500,0,'518',0,7500,0,'518',0,7500,0,'518',0,3500,0,'518',0,7500,0,'518',0,3500,0,'518',0,7500,0,'518',0,3500,0,'518',0,7500,0,'518',0,7500,0,'518',0
'1047',400100,75900,0,'518',0,7500,0,'518',0,7500,0,'518',0,3500,0,'518',0,7500,0,'518',0,3500,0,'518',0,7500,0,'518',0,7500,0,'518',0,3500,0,'518',0,7500,0,'518',0,3500,0,'518',0,7500,0,'518',0,3500,0,'518',0,7500,0,'518',0,7500,0,'518',0,3500,0,'518',0,7500,0,'518',0,3500,0,'518',0,7500,0,'518',0,7500,0,'518',0
'1048',400100,93400,0,'518',0,11000,0,'518',0,11000,0,'518',0,15000,0,'518',0,11000,0,'518',0,11000,0,'518',0,11000,0,'518',0
'1049',400100,75900,0,'518',0,7500,0,'518',0,7500,0,'518',0,3500,0,'518',0,7500,0,'518',0,3500,0,'518',0,7500,0,'518',0,7500,0,'518',0,3500,0,'518',0,7500,0,'518',0,3500,0,'518',0,7500,0,'518',0,3500,0,'518',0,7500,0,'518',0,7500,0,'518',0,3500,0,'518',0,7500,0,'518',0,3500,0,'518',0,7500,0,'518',0,7500,0,'518',0
