332803,89180,1,0
332803,89179,2,0
332803,89347,3,0
332803,88955,4,0
332803,89222,5,0
332803,88951,6,0
332803,88950,7,0
332803,89973,8,0
332803,89359,9,0
332803,89258,10,0
332803,89469,11,0
332803,89334,12,0
332803,89502,13,0
332803,89208,14,0
332803,89858,15,0
332803,89317,16,0
332803,89727,17,0
332803,89230,18,0
332803,89549,19,0
332803,89288,20,0
332803,89655,21,0
332803,89242,22,0
332803,88981,23,0
332803,89224,24,0
332803,89929,25,0
332803,89623,26,0
332803,89604,27,0
332803,89892,28,1
332804,89892,1,0
332804,89122,2,0
332804,89624,3,0
332804,89930,4,0
332804,89225,5,0
332804,89241,6,0
332804,89654,7,0
332804,89287,8,0
332804,89548,9,0
332804,89229,10,0
332804,89726,11,0
332804,89316,12,0
332804,89605,13,0
332804,89501,14,0
332804,89333,15,0
332804,89468,16,0
332804,89971,17,0
332804,89972,18,0
332804,89250,19,0
332804,89503,20,0
332804,89223,21,0
332804,88954,22,0
332804,89346,23,0
332804,89744,24,0
332804,89189,25,0
332804,89180,26,1
332901,90169,1,0
332901,90173,2,0
332901,90174,3,0
332901,90175,4,0
332901,90176,5,0
332901,90177,6,0
332901,90172,7,0
332901,89146,8,0
332901,89534,9,0
332901,89932,10,0
332901,89712,11,0
332901,89178,12,0
332901,90001,13,0
332901,89375,14,0
332901,89830,15,0
332901,89074,16,0
332901,89675,17,0
332901,89631,18,0
332901,89083,19,0
332901,90045,20,0
332901,89080,21,0
332901,89874,22,0
332901,89163,23,0
332901,89098,24,0
332901,89055,25,0
332901,90046,26,0
332901,89974,27,0
332901,89894,28,0
332901,89122,29,0
332901,89624,30,0
332901,89930,31,0
332901,89225,32,0
332901,89241,33,0
332901,89654,34,0
332901,89287,35,0
332901,89548,36,0
332901,89229,37,0
332901,89726,38,0
332901,89316,39,0
332901,89605,40,0
332901,89501,41,0
332901,89975,42,0
332901,89485,43,0
332901,89615,44,0
332901,89419,45,0
332901,89629,46,0
332901,89554,47,0
332901,89453,48,0
332901,89411,49,0
332901,89060,50,0
332901,89908,51,0
332901,89071,52,0
332901,89116,53,0
332901,89522,54,0
332901,89110,55,0
332901,89018,56,0
332901,89279,57,0
332901,89748,58,0
332901,89270,59,0
332901,89646,60,0
332901,89573,61,0
332901,89883,62,0
332901,89259,63,0
332901,89784,64,0
332901,88949,65,0
332901,89756,66,0
332901,89404,67,0
332901,89467,68,0
332901,89865,69,0
332901,89813,70,0
332901,89120,71,0
332901,89785,72,0
332901,89859,73,0
332901,89861,74,0
332901,89431,75,0
332901,89009,76,0
332901,89433,77,0
332901,89091,78,0
332901,89672,79,0
332901,89639,80,0
332901,88982,81,0
332901,89811,82,0
332901,89212,83,0
332901,89697,84,0
332901,89888,85,0
332901,89559,86,1
332902,89559,1,0
332902,89237,2,0
332902,89889,3,0
332902,89326,4,0
332902,89533,5,0
332902,89264,6,0
332902,89028,7,0
332902,88957,8,0
332902,89263,9,0
332902,89698,10,0
332902,89213,11,0
332902,89842,12,0
332902,89774,13,0
332902,88983,14,0
332902,89673,15,0
332902,89092,16,0
332902,89434,17,0
332902,89010,18,0
332902,89440,19,0
332902,89862,20,0
332902,89920,21,0
332902,89786,22,0
332902,89121,23,0
332902,89814,24,0
332902,89812,25,0
332902,89391,26,0
332902,89405,27,0
332902,89700,28,0
332902,88990,29,0
332902,90047,30,0
332902,89260,31,0
332902,89058,32,0
332902,89882,33,0
332902,89572,34,0
332902,89645,35,0
332902,89234,36,0
332902,90005,37,0
332902,89976,38,0
332902,89280,39,0
332902,89880,40,0
332902,89109,41,0
332902,89521,42,0
332902,89115,43,0
332902,89328,44,0
332902,89251,45,0
332902,89827,46,0
332902,89210,47,0
332902,89410,48,0
332902,89452,49,0
332902,89310,50,0
332902,89038,51,0
332902,89614,52,0
332902,88970,53,0
332902,89360,54,0
332902,89502,55,0
332902,89208,56,0
332902,89858,57,0
332902,89317,58,0
332902,89727,59,0
332902,89230,60,0
332902,89549,61,0
332902,89288,62,0
332902,89655,63,0
332902,89242,64,0
332902,88981,65,0
332902,89224,66,0
332902,89929,67,0
332902,89623,68,0
332902,89606,69,0
332902,89974,70,0
332902,89893,71,0
332902,89054,72,0
332902,89097,73,0
332902,89162,74,0
332902,89235,75,0
332902,89079,76,0
332902,89167,77,0
332902,89082,78,0
332902,89046,79,0
332902,89674,80,0
332902,89014,81,0
332902,89633,82,0
332902,89376,83,0
332902,89762,84,0
332902,89713,85,0
332902,89711,86,0
332902,89931,87,0
332902,89462,88,0
332902,89145,89,0
332902,90168,90,0
332902,89739,91,0
332902,89667,92,0
332902,90171,93,0
332902,90180,94,0
332902,90181,95,0
332902,90169,96,1
333001,90170,1,0
333001,90173,2,0
333001,90174,3,0
333001,90175,4,0
333001,90178,5,0
333001,90003,6,0
333001,89641,7,0
333001,89922,8,0
333001,89740,9,0
333001,89129,10,0
333001,89053,11,0
333001,89711,12,0
333001,89536,13,0
333001,89751,14,0
333001,89377,15,0
333001,89773,16,0
333001,89677,17,0
333001,89048,18,0
333001,89085,19,0
333001,89514,20,0
333001,89876,21,0
333001,89165,22,0
333001,89387,23,0
333001,89057,24,0
333001,89901,25,0
333001,89608,26,0
333001,89609,27,0
333001,89357,28,0
333001,89505,29,0
333001,89300,30,0
333001,89019,31,0
333001,89487,32,0
333001,89618,33,0
333001,89492,34,0
333001,89312,35,0
333001,89296,36,0
333001,89454,37,0
333001,89183,38,0
333001,89544,39,0
333001,89910,40,0
333001,88996,41,0
333001,89199,42,0
333001,89037,43,0
333001,89770,44,0
333001,89768,45,0
333001,89282,46,0
333001,89746,47,0
333001,89403,48,0
333001,89648,49,0
333001,89175,50,0
333001,89885,51,0
333001,89262,52,0
333001,89664,53,0
333001,89799,54,0
333001,89392,55,0
333001,89899,56,0
333001,89804,57,0
333001,89808,58,0
333001,89383,59,0
333001,89252,60,0
333001,89214,61,0
333001,89936,62,0
333001,89107,63,0
333001,89132,64,0
333001,89704,65,0
333001,89868,66,0
333001,88975,67,0
333001,88977,68,0
333001,88978,69,0
333001,88980,70,0
333001,89108,71,0
333001,89526,72,0
333001,89938,73,0
333001,89398,74,0
333001,89810,75,0
333001,88984,76,0
333001,88994,77,0
333001,89156,78,0
333001,89269,79,0
333001,89466,80,0
333001,89424,81,0
333001,89219,82,0
333001,88940,83,0
333001,89824,84,0
333001,89429,85,0
333001,89841,86,0
333001,89863,87,1
333002,89863,1,0
333002,89430,2,0
333002,88942,3,0
333002,88939,4,0
333002,89436,5,0
333002,90002,6,0
333002,89278,7,0
333002,89268,8,0
333002,89160,9,0
333002,88993,10,0
333002,89465,11,0
333002,89809,12,0
333002,89397,13,0
333002,89937,14,0
333002,89525,15,0
333002,89705,16,0
333002,89490,17,0
333002,88979,18,0
333002,88976,19,0
333002,88974,20,0
333002,88973,21,0
333002,89435,22,0
333002,89105,23,0
333002,89106,24,0
333002,89935,25,0
333002,89500,26,0
333002,89253,27,0
333002,89840,28,0
333002,89807,29,0
333002,90150,30,0
333002,89388,31,0
333002,89331,32,0
333002,90008,33,0
333002,89393,34,0
333002,89684,35,0
333002,89904,36,0
333002,89261,37,0
333002,89884,38,0
333002,89174,39,0
333002,89647,40,0
333002,89402,41,0
333002,89747,42,0
333002,89281,43,0
333002,89767,44,0
333002,89769,45,0
333002,89036,46,0
333002,89198,47,0
333002,89800,48,0
333002,89909,49,0
333002,89182,50,0
333002,89125,51,0
333002,89295,52,0
333002,89311,53,0
333002,89423,54,0
333002,89486,55,0
333002,89472,56,0
333002,89299,57,0
333002,89504,58,0
333002,89358,59,0
333002,89607,60,0
333002,89900,61,0
333002,89056,62,0
333002,89386,63,0
333002,89164,64,0
333002,89875,65,0
333002,89081,66,0
333002,89084,67,0
333002,89047,68,0
333002,89676,69,0
333002,89981,70,0
333002,89634,71,0
333002,89752,72,0
333002,89535,73,0
333002,89642,74,0
333002,89052,75,0
333002,89128,76,0
333002,89737,77,0
333002,89921,78,0
333002,89640,79,0
333002,89416,80,0
333002,90179,81,0
333002,90171,82,0
333002,90180,83,0
333002,90181,84,0
333002,90170,85,1
333101,90169,1,0
333101,89117,2,0
333101,89336,3,0
333101,89478,4,0
333101,89381,5,0
333101,90165,6,0
333101,89382,7,0
333101,89008,8,0
333101,89479,9,0
333101,89480,10,0
333101,89818,11,0
333101,89000,12,0
333101,89574,13,0
333101,89075,14,0
333101,89680,15,0
333101,89049,16,0
333101,89087,17,0
333101,89168,18,0
333101,89857,19,0
333101,89335,20,0
333101,89243,21,0
333101,89148,22,0
333101,89228,23,0
333101,89940,24,0
333101,89387,25,0
333101,89057,26,0
333101,89901,27,0
333101,89930,28,0
333101,89225,29,0
333101,89611,30,0
333101,89355,31,0
333101,89506,32,0
333101,89364,33,0
333101,89488,34,0
333101,89982,35,0
333101,89493,36,0
333101,89313,37,0
333101,89246,38,0
333101,89457,39,0
333101,89127,40,0
333101,89546,41,0
333101,89911,42,0
333101,89802,43,0
333101,89201,44,0
333101,89590,45,0
333101,89274,46,0
333101,90010,47,0
333101,89717,48,0
333101,89686,49,0
333101,89002,50,0
333101,89538,51,0
333101,89847,52,0
333101,89071,53,0
333101,89116,54,0
333101,89522,55,0
333101,89110,56,0
333101,89848,57,0
333101,90011,58,0
333101,89540,59,0
333101,89004,60,0
333101,89688,61,0
333101,89283,62,0
333101,89745,63,0
333101,89271,64,0
333101,89649,65,0
333101,89690,66,0
333101,89006,67,0
333101,89542,68,0
333101,89306,69,0
333101,89850,70,0
333101,88992,71,0
333101,89344,72,0
333101,89663,73,0
333101,89761,74,0
333101,89822,75,0
333101,89343,76,0
333101,89780,77,1
333102,89780,1,0
333102,89111,2,0
333102,89007,3,0
333102,89821,4,0
333102,89040,5,0
333102,89650,6,0
333102,88991,7,0
333102,89849,8,0
333102,89305,9,0
333102,89541,10,0
333102,89005,11,0
333102,89689,12,0
333102,89653,13,0
333102,89272,14,0
333102,89041,15,0
333102,89718,16,0
333102,89687,17,0
333102,89003,18,0
333102,89539,19,0
333102,90009,20,0
333102,89280,21,0
333102,89880,22,0
333102,89109,23,0
333102,89521,24,0
333102,89115,25,0
333102,89846,26,0
333102,89202,27,0
333102,89001,28,0
333102,89685,29,0
333102,89716,30,0
333102,89527,31,0
333102,89273,32,0
333102,89589,33,0
333102,89200,34,0
333102,89801,35,0
333102,89912,36,0
333102,89545,37,0
333102,89126,38,0
333102,89456,39,0
333102,89455,40,0
333102,89555,41,0
333102,89984,42,0
333102,89983,43,0
333102,89473,44,0
333102,89363,45,0
333102,89507,46,0
333102,89890,47,0
333102,89610,48,0
333102,88981,49,0
333102,89224,50,0
333102,89607,51,0
333102,89900,52,0
333102,89056,53,0
333102,89386,54,0
333102,89939,55,0
333102,89666,56,0
333102,89149,57,0
333102,89244,58,0
333102,89302,59,0
333102,89845,60,0
333102,89166,61,0
333102,89515,62,0
333102,89086,63,0
333102,89050,64,0
333102,89679,65,0
333102,89076,66,0
333102,89575,67,0
333102,89378,68,0
333102,89254,69,0
333102,89483,70,0
333102,89294,71,0
333102,89537,72,0
333102,90168,73,0
333102,89147,74,0
333102,89026,75,0
333102,89738,76,0
333102,89771,77,0
333102,90180,78,0
333102,90181,79,0
333102,90169,80,1
333201,89897,1,0
333201,89122,2,0
333201,89624,3,0
333201,89930,4,0
333201,89225,5,0
333201,89241,6,0
333201,89654,7,0
333201,89612,8,0
333201,89354,9,0
333201,89508,10,0
333201,89365,11,0
333201,89489,12,0
333201,89619,13,0
333201,89611,14,0
333201,89355,15,0
333201,89506,16,0
333201,89364,17,0
333201,89488,18,0
333201,89982,19,0
333201,89289,20,0
333201,89620,21,0
333201,89643,22,0
333201,89556,23,0
333201,89601,24,0
333201,89458,25,0
333201,89412,26,0
333201,89496,27,0
333201,89595,28,0
333201,89911,29,0
333201,89802,30,0
333201,89201,31,0
333201,89590,32,0
333201,89274,33,0
333201,90010,34,0
333201,89913,35,0
333201,89803,36,0
333201,89203,37,0
333201,88998,38,0
333201,89113,39,0
333201,89881,40,0
333201,89283,41,0
333201,89745,42,0
333201,89271,43,0
333201,89719,44,0
333201,89528,45,0
333201,89742,46,0
333201,89591,47,0
333201,89941,48,0
333201,89175,49,0
333201,89885,50,0
333201,89262,51,0
333201,89664,52,0
333201,89799,53,0
333201,89392,54,0
333201,89594,55,0
333201,89683,56,0
333201,89221,57,0
333201,89395,58,0
333201,89022,59,0
333201,89256,60,0
333201,89709,61,0
333201,89692,62,0
333201,89428,63,0
333201,89158,64,0
333201,89240,65,0
333201,89259,66,0
333201,89784,67,0
333201,88949,68,0
333201,89756,69,0
333201,89399,70,0
333201,89307,71,0
333201,89350,72,0
333201,88959,73,0
333201,89669,74,0
333201,89133,75,0
333201,89321,76,0
333201,89137,77,0
333201,89758,78,0
333201,89138,79,0
333201,88953,80,0
333201,89401,81,0
333201,89135,82,0
333201,89467,83,0
333201,89865,84,0
333201,89813,85,0
333201,89120,86,0
333201,89785,87,0
333201,89859,88,0
333201,89861,89,0
333201,89431,90,0
333201,89009,91,0
333201,89949,92,0
333201,89323,93,0
333201,89775,94,0
333201,89325,95,0
333201,88952,96,0
333201,89598,97,0
333201,88960,98,0
333201,89518,99,1
333202,89518,1,0
333202,89409,2,0
333202,89439,3,0
333202,89659,4,0
333202,89438,5,0
333202,89264,6,0
333202,89028,7,0
333202,89124,8,0
333202,89029,9,0
333202,89699,10,0
333202,89449,11,0
333202,89437,12,0
333202,89324,13,0
333202,89950,14,0
333202,89010,15,0
333202,89440,16,0
333202,89862,17,0
333202,89920,18,0
333202,89786,19,0
333202,89121,20,0
333202,89814,21,0
333202,89812,22,0
333202,89391,23,0
333202,89754,24,0
333202,89139,25,0
333202,88956,26,0
333202,89348,27,0
333202,89757,28,0
333202,89670,29,0
333202,89338,30,0
333202,89134,31,0
333202,89701,32,0
333202,89447,33,0
333202,89349,34,0
333202,89308,35,0
333202,89400,36,0
333202,89755,37,0
333202,88990,38,0
333202,90047,39,0
333202,89260,40,0
333202,89239,41,0
333202,89157,42,0
333202,89427,43,0
333202,89691,44,0
333202,89741,45,0
333202,89255,46,0
333202,89021,47,0
333202,88941,48,0
333202,89220,49,0
333202,89682,50,0
333202,89593,51,0
333202,89393,52,0
333202,89684,53,0
333202,89904,54,0
333202,89261,55,0
333202,89884,56,0
333202,89174,57,0
333202,89942,58,0
333202,89592,59,0
333202,89866,60,0
333202,89529,61,0
333202,89653,62,0
333202,89272,63,0
333202,89041,64,0
333202,89284,65,0
333202,89114,66,0
333202,88999,67,0
333202,89204,68,0
333202,88997,69,0
333202,89914,70,0
333202,89527,71,0
333202,89273,72,0
333202,89589,73,0
333202,89200,74,0
333202,89801,75,0
333202,89912,76,0
333202,89596,77,0
333202,89547,78,0
333202,89413,79,0
333202,89459,80,0
333202,89297,81,0
333202,89314,82,0
333202,89039,83,0
333202,89600,84,0
333202,89290,85,0
333202,89983,86,0
333202,89473,87,0
333202,89363,88,0
333202,89507,89,0
333202,89890,90,0
333202,89610,91,0
333202,89238,92,0
333202,89474,93,0
333202,89366,94,0
333202,89509,95,0
333202,89891,96,0
333202,89613,97,0
333202,89655,98,0
333202,89242,99,0
333202,88981,100,0
333202,89224,101,0
333202,89929,102,0
333202,89623,103,0
333202,89604,104,0
333202,89897,105,1
333303,89275,1,0
333303,89407,2,0
333303,89558,3,0
333303,88987,4,0
333303,88972,5,0
333303,89372,6,0
333303,89724,7,0
333303,89877,8,0
333303,89563,9,0
333303,89714,10,0
333303,89206,11,0
333303,89551,12,0
333303,89367,13,0
333303,89374,14,0
333303,89195,15,0
333303,89352,16,0
333303,89519,17,0
333303,89032,18,0
333303,90019,19,0
333303,88961,20,0
333303,89582,21,0
333303,90020,22,0
333303,89878,23,0
333303,89217,24,0
333303,89636,25,0
333303,89753,26,0
333303,89794,27,0
333303,89045,28,0
333303,89872,29,0
333303,89131,30,0
333303,89853,31,0
333303,89730,32,0
333303,89140,33,0
333303,89292,34,0
333303,89657,35,0
333303,89245,36,0
333303,90023,37,0
333303,89987,38,0
333303,89946,39,0
333303,89626,40,0
333303,89836,41,0
333303,89923,42,1
333304,89923,1,0
333304,89625,2,0
333304,89945,3,0
333304,90016,4,0
333304,90017,5,0
333304,90018,6,0
333304,89130,7,0
333304,89656,8,0
333304,89291,9,0
333304,89550,10,0
333304,89233,11,0
333304,89731,12,0
333304,89320,13,0
333304,89854,14,0
333304,89871,15,0
333304,89385,16,0
333304,89837,17,0
333304,89661,18,0
333304,89662,19,0
333304,89194,20,0
333304,89218,21,0
333304,89907,22,0
333304,89583,23,0
333304,89571,24,0
333304,89446,25,0
333304,89033,26,0
333304,89520,27,0
333304,89351,28,0
333304,89196,29,0
333304,89373,30,0
333304,89063,31,0
333304,89552,32,0
333304,89205,33,0
333304,89919,34,0
333304,89565,35,0
333304,89368,36,0
333304,89143,37,0
333304,89371,38,0
333304,89123,39,0
333304,89100,40,0
333304,89557,41,0
333304,89379,42,0
333304,89275,43,1
333403,89733,1,0
333403,89329,2,0
333403,89793,3,0
333403,89207,4,0
333403,89094,5,0
333403,89024,6,0
333403,89886,7,0
333403,89441,8,0
333403,89917,9,0
333403,89990,10,0
333403,88971,11,0
333403,89772,12,0
333403,89093,13,0
333403,89257,14,0
333403,89066,15,0
333403,89553,16,0
333403,88995,17,0
333403,89524,18,0
333403,89073,19,0
333403,89426,20,0
333403,89267,21,0
333403,89723,22,0
333403,89777,23,0
333403,89187,24,0
333403,89628,25,0
333403,89339,26,0
333403,89798,27,0
333403,89735,28,0
333403,89829,29,0
333403,89415,30,0
333403,89461,31,0
333403,89906,32,0
333403,89444,33,0
333403,89856,34,0
333403,90039,35,0
333403,89721,36,0
333403,89248,37,0
333403,89732,38,0
333403,89603,39,0
333403,89597,40,0
333403,89696,41,0
333403,89247,42,0
333403,89567,43,0
333403,89104,44,0
333403,89948,45,0
333403,89017,46,0
333403,90040,47,0
333403,89315,48,0
333403,90038,49,0
333403,89622,50,0
333403,89475,51,0
333403,89989,52,0
333403,89353,53,0
333403,89658,54,0
333403,89924,55,1
333404,89924,1,0
333404,89826,2,0
333404,89510,3,0
333404,89020,4,0
333404,89621,5,0
333404,90041,6,0
333404,89644,7,0
333404,90043,8,0
333404,89016,9,0
333404,89947,10,0
333404,89103,11,0
333404,89566,12,0
333404,89246,13,0
333404,89695,14,0
333404,89293,15,0
333404,89602,16,0
333404,90044,17,0
333404,89460,18,0
333404,89249,19,0
333404,89720,20,0
333404,89855,21,0
333404,89443,22,0
333404,89905,23,0
333404,89951,24,0
333404,89414,25,0
333404,89915,26,0
333404,89734,27,0
333404,89797,28,0
333404,89340,29,0
333404,89627,30,0
333404,89186,31,0
333404,89776,32,0
333404,89722,33,0
333404,89266,34,0
333404,89425,35,0
333404,89072,36,0
333404,89523,37,0
333404,89442,38,0
333404,90037,39,0
333404,89065,40,0
333404,89330,41,0
333404,89090,42,0
333404,89042,43,0
333404,89159,44,0
333404,89916,45,0
333404,89991,46,0
333404,89918,47,0
333404,88937,48,0
333404,88968,49,0
333404,89564,50,0
333404,89309,51,0
333404,89059,52,0
333404,89209,53,0
333404,89588,54,0
333404,89992,55,0
333404,89733,56,1
333503,89181,1,0
333503,89995,2,0
333503,89980,3,0
333503,89979,4,0
333503,89155,5,0
333503,89562,6,0
333503,89422,7,0
333503,89420,8,0
333503,89787,9,0
333503,89276,10,0
333503,89322,11,0
333503,89790,12,0
333503,89044,13,0
333503,89766,14,0
333503,89396,15,0
333503,89617,16,0
333503,89451,17,0
333503,89693,18,0
333503,89359,19,0
333503,89258,20,0
333503,89469,21,0
333503,89844,22,0
333503,89843,23,0
333503,89319,24,0
333503,89729,25,0
333503,89232,26,0
333503,89600,27,0
333503,89290,28,0
333503,89983,29,0
333503,89473,30,0
333503,89361,31,0
333503,89227,32,0
333503,89934,33,0
333503,89015,34,0
333503,89298,35,0
333503,89999,36,0
333503,89604,37,0
333503,89895,38,1
333504,89895,1,0
333504,89703,2,0
333504,89826,3,0
333504,89510,4,0
333504,89831,5,0
333504,89933,6,0
333504,89226,7,0
333504,89364,8,0
333504,89488,9,0
333504,89982,10,0
333504,89289,11,0
333504,89599,12,0
333504,89231,13,0
333504,89728,14,0
333504,89318,15,0
333504,89614,16,0
333504,88970,17,0
333504,89333,18,0
333504,89468,19,0
333504,89971,20,0
333504,89972,21,0
333504,89362,22,0
333504,89450,23,0
333504,89616,24,0
333504,89327,25,0
333504,89765,26,0
333504,89043,27,0
333504,89789,28,0
333504,89345,29,0
333504,89791,30,0
333504,89277,31,0
333504,89788,32,0
333504,89421,33,0
333504,89561,34,0
333504,89154,35,0
333504,89710,36,0
333504,89630,37,0
333504,89977,38,0
333504,89978,39,0
333504,89994,40,0
333504,90036,41,0
333504,89181,42,1
333603,89896,1,0
333603,89356,2,0
333603,89996,3,0
333603,89211,4,0
333603,90159,5,0
333603,90152,6,0
333603,90153,7,0
333603,89144,8,0
333603,90164,9,0
333603,90154,10,0
333603,90155,11,0
333603,90158,12,1
333604,90158,1,0
333604,90156,2,0
333604,90157,3,0
333604,90163,4,0
333604,90162,5,0
333604,90161,6,0
333604,90160,7,0
333604,89491,8,0
333604,89998,9,0
333604,90035,10,0
333604,90042,11,0
333604,89896,12,1
333701,90169,1,0
333701,89117,2,0
333701,89336,3,0
333701,89478,4,0
333701,89381,5,0
333701,90165,6,0
333701,89382,7,0
333701,89008,8,0
333701,89479,9,0
333701,89480,10,0
333701,89818,11,0
333701,89000,12,0
333701,89574,13,0
333701,89075,14,0
333701,89680,15,0
333701,89049,16,0
333701,89087,17,0
333701,89168,18,0
333701,89857,19,0
333701,89335,20,0
333701,89243,21,0
333701,89148,22,0
333701,89228,23,0
333701,89940,24,0
333701,89833,25,0
333701,89707,26,0
333701,89708,27,0
333701,89658,28,0
333701,89895,29,1
333702,89895,1,0
333702,89703,2,0
333702,89099,3,0
333702,89706,4,0
333702,89832,5,0
333702,89939,6,0
333702,89666,7,0
333702,89149,8,0
333702,89244,9,0
333702,89302,10,0
333702,89845,11,0
333702,89166,12,0
333702,89515,13,0
333702,89086,14,0
333702,89050,15,0
333702,89679,16,0
333702,89076,17,0
333702,89575,18,0
333702,89378,19,0
333702,89254,20,0
333702,89483,21,0
333702,89294,22,0
333702,89537,23,0
333702,90168,24,0
333702,89147,25,0
333702,89026,26,0
333702,89738,27,0
333702,89771,28,0
333702,90180,29,0
333702,90181,30,0
333702,90169,31,1
333801,90170,1,0
333801,90183,2,0
333801,89530,3,0
333801,89095,4,0
333801,89051,5,0
333801,89815,6,0
333801,89873,7,0
333801,89498,8,0
333801,90050,9,0
333801,88985,10,0
333801,89925,11,0
333801,90025,12,0
333801,89481,13,0
333801,89176,14,0
333801,89817,15,0
333801,89236,16,0
333801,89870,17,0
333801,89089,18,0
333801,90048,19,0
333801,89569,20,0
333801,89301,21,0
333801,89578,22,0
333801,90026,23,0
333801,89792,24,0
333801,89380,25,0
333801,89796,26,0
333801,89275,27,0
333801,89795,28,0
333801,89286,29,0
333801,89471,30,0
333801,90024,31,0
333801,89512,32,0
333801,90022,33,0
333801,89196,34,0
333801,89373,35,0
333801,89064,36,0
333801,89476,37,0
333801,89369,38,0
333801,89181,39,0
333801,89265,40,0
333801,89190,41,0
333801,88938,42,0
333801,90021,43,0
333801,89370,44,0
333801,90000,45,0
333801,89470,46,0
333801,88943,47,0
333801,88944,48,0
333801,89715,49,1
333802,89715,1,0
333802,88971,2,0
333802,89772,3,0
333802,89093,4,0
333802,89257,5,0
333802,89828,6,0
333802,90027,7,0
333802,89927,8,0
333802,89191,9,0
333802,89749,10,0
333802,88963,11,0
333802,88962,12,0
333802,89180,13,0
333802,89408,14,0
333802,89477,15,0
333802,89367,16,0
333802,89374,17,0
333802,89197,18,0
333802,90028,19,0
333802,89511,20,0
333802,90029,21,0
333802,89193,22,0
333802,89796,23,0
333802,89275,24,0
333802,89795,25,0
333802,89285,26,0
333802,89665,27,0
333802,90034,28,0
333802,89579,29,0
333802,90033,30,0
333802,89568,31,0
333802,90032,32,0
333802,89088,33,0
333802,89869,34,0
333802,89864,35,0
333802,89988,36,0
333802,89177,37,0
333802,89482,38,0
333802,90031,39,0
333802,89926,40,0
333802,88986,41,0
333802,89499,42,0
333802,90030,43,0
333802,89873,44,0
333802,89816,45,0
333802,89013,46,0
333802,89096,47,0
333802,89118,48,0
333802,90182,49,0
333802,90170,50,1
333903,89275,1,0
333903,89795,2,0
333903,89062,3,0
333903,90006,4,0
333903,89031,5,0
333903,89119,6,0
333903,89445,7,0
333903,89681,8,0
333903,89078,9,0
333903,89341,10,0
333903,89577,11,0
333903,89077,12,0
333903,89805,13,0
333903,89495,14,0
333903,89171,15,0
333903,89192,16,0
333903,89215,17,0
333903,89581,18,0
333903,88947,19,0
333903,89586,20,0
333903,88946,21,0
333903,89011,22,0
333903,89819,23,0
333903,89169,24,0
333903,90004,25,0
333903,89851,26,0
333903,89637,27,0
333903,89778,28,0
333903,89303,29,0
333903,88988,30,0
333903,89150,31,0
333903,89760,32,0
333903,89943,33,0
333903,90015,34,0
333903,89834,35,0
333903,89764,36,0
333903,89516,37,0
333903,89584,38,0
333903,89708,39,0
333903,89898,40,1
333904,89898,1,0
333904,89099,2,0
333904,89585,3,0
333904,89517,4,0
333904,89763,5,0
333904,89835,6,0
333904,90007,7,0
333904,89944,8,0
333904,89759,9,0
333904,89151,10,0
333904,88989,11,0
333904,89304,12,0
333904,89779,13,0
333904,89638,14,0
333904,89852,15,0
333904,89494,16,0
333904,89170,17,0
333904,89820,18,0
333904,89012,19,0
333904,88945,20,0
333904,89587,21,0
333904,88948,22,0
333904,89580,23,0
333904,89216,24,0
333904,89417,25,0
333904,89342,26,0
333904,89570,27,0
333904,89694,28,0
333904,89030,29,0
333904,89750,30,0
333904,89061,31,0
333904,88964,32,0
333904,89902,33,0
333904,89903,34,0
333904,89543,35,0
333904,89161,36,0
333904,89379,37,0
333904,89275,38,1
334003,89863,1,0
334003,89430,2,0
334003,89432,3,0
334003,89173,4,0
334003,89532,5,0
334003,89969,6,0
334003,89142,7,0
334003,89968,8,0
334003,89464,9,0
334003,89635,10,0
334003,89035,11,0
334003,89023,12,0
334003,89390,13,0
334003,89463,14,0
334003,89102,15,0
334003,89188,16,0
334003,89702,17,0
334003,89389,18,0
334003,89965,19,0
334003,89964,20,0
334003,89963,21,0
334003,89962,22,0
334003,89961,23,0
334003,89337,24,0
334003,89879,25,0
334003,89384,26,0
334003,89660,27,0
334003,89867,28,0
334003,89928,29,0
334003,89806,30,0
334003,89219,31,0
334003,88940,32,0
334003,89824,33,0
334003,89429,34,0
334003,89841,35,0
334003,89860,36,1
334004,89860,1,0
334004,89431,2,0
334004,89009,3,0
334004,89949,4,0
334004,89323,5,0
334004,89448,6,0
334004,89953,7,0
334004,89954,8,0
334004,89955,9,0
334004,89956,10,0
334004,89957,11,0
334004,89958,12,0
334004,89960,13,0
334004,89959,14,0
334004,89781,15,0
334004,89782,16,0
334004,89671,17,0
334004,89825,18,0
334004,89839,19,0
334004,89141,20,0
334004,89966,21,0
334004,89993,22,0
334004,89172,23,0
334004,89513,24,0
334004,89841,25,0
334004,89863,26,1
337601,90096,1,0
337601,90097,2,0
337601,90098,3,0
337601,90099,4,0
337601,90100,5,0
337601,90101,6,0
337601,90102,7,0
337601,90103,8,0
337601,90104,9,0
337601,90105,10,0
337601,90106,11,0
337601,90107,12,0
337601,90108,13,0
337601,90109,14,0
337601,90110,15,0
337601,90111,16,0
337601,90112,17,0
337601,90113,18,0
337601,90114,19,0
337601,90115,20,0
337601,90116,21,0
337601,90117,22,0
337601,90118,23,0
337601,90119,24,0
337601,90167,25,0
337601,90079,26,0
337601,90080,27,0
337601,90081,28,0
337601,90082,29,0
337601,90083,30,0
337601,90120,31,0
337601,90121,32,0
337601,90122,33,0
337601,90123,34,0
337601,90124,35,0
337601,90125,36,0
337601,89176,37,0
337601,90126,38,0
337601,90127,39,0
337601,90128,40,0
337601,90129,41,0
337601,90130,42,0
337601,90131,43,0
337601,90132,44,0
337601,90133,45,0
337601,90134,46,0
337601,90135,47,0
337601,90136,48,0
337601,90137,49,0
337601,90138,50,0
337601,90139,51,0
337601,90140,52,0
337601,90141,53,0
337601,90142,54,0
337601,90143,55,0
337601,90144,56,0
337601,89275,57,1
337602,89275,1,0
337602,90052,2,0
337602,90053,3,0
337602,90054,4,0
337602,90055,5,0
337602,90056,6,0
337602,90057,7,0
337602,90058,8,0
337602,90059,9,0
337602,90060,10,0
337602,90061,11,0
337602,90062,12,0
337602,90063,13,0
337602,90064,14,0
337602,90065,15,0
337602,90066,16,0
337602,90067,17,0
337602,90068,18,0
337602,90069,19,0
337602,90070,20,0
337602,90071,21,0
337602,89177,22,0
337602,90072,23,0
337602,90073,24,0
337602,90074,25,0
337602,90075,26,0
337602,90076,27,0
337602,90077,28,0
337602,90078,29,0
337602,90167,30,0
337602,90079,31,0
337602,90080,32,0
337602,90081,33,0
337602,90082,34,0
337602,90083,35,0
337602,90084,36,0
337602,90085,37,0
337602,90086,38,0
337602,90087,39,0
337602,90088,40,0
337602,90089,41,0
337602,90090,42,0
337602,90091,43,0
337602,90092,44,0
337602,90093,45,0
337602,90094,46,0
337602,90095,47,0
337602,90096,48,1
337703,93188,1,0
337703,90185,2,0
337703,90184,3,0
337703,89275,4,1
337704,89275,1,0
337704,90184,2,0
337704,90185,3,0
337704,93188,4,1
348101,89780,1,0
348101,92987,2,0
348101,92187,3,0
348101,92409,4,0
348101,92188,5,0
348101,91961,6,0
348101,92115,7,0
348101,92988,8,0
348101,91968,9,0
348101,91969,10,0
348101,91970,11,0
348101,92653,12,0
348101,91972,13,0
348101,93015,14,0
348101,93016,15,0
348101,92397,16,0
348101,92139,17,0
348101,92825,18,0
348101,92654,19,0
348101,93168,20,0
348101,93014,21,1
