'1039',463600,91200,0,'605',0,44000,0,'605',0,45500,0,'605',0
'1039',463601,91100,4,'',0,44000,4,'',0,45500,4,'',0
'1040',463600,74200,0,'605',0,67000,0,'605',0,43000,0,'605',0
'1040',463601,74100,4,'',0,67000,4,'',0,43000,4,'',0
'1041',463600,91200,0,'605',0,44000,0,'605',0,45500,0,'605',0
'1041',463601,91100,4,'',0,44000,4,'',0,45500,4,'',0
'1042',463600,64200,0,'605',0,77000,0,'605',0,43000,0,'605',0
'1042',463601,64100,4,'',0,77000,4,'',0,43000,4,'',0
'1043',463600,64200,0,'605',0,77000,0,'605',0,43000,0,'605',0
'1043',463601,64100,4,'',0,77000,4,'',0,43000,4,'',0
'1044',463600,64200,0,'605',0,77000,0,'605',0,43000,0,'605',0
'1044',463601,64100,4,'',0,77000,4,'',0,43000,4,'',0
'1045',463600,64200,0,'605',0,77000,0,'605',0,43000,0,'605',0
'1045',463601,64100,4,'',0,77000,4,'',0,43000,4,'',0
'1046',463600,64200,0,'605',0,77000,0,'605',0,43000,0,'605',0
'1046',463601,64100,4,'',0,77000,4,'',0,43000,4,'',0
'1047',463600,91200,0,'605',0,44000,0,'605',0,45500,0,'605',0
'1047',463601,91100,4,'',0,44000,4,'',0,45500,4,'',0
'1048',463600,94200,0,'605',0,30000,0,'605',0,30000,0,'605',0
'1048',463601,94100,4,'',0,30000,4,'',0,30000,4,'',0
'1049',463600,91200,0,'605',0,44000,0,'605',0,45500,0,'605',0
'1049',463601,91100,4,'',0,44000,4,'',0,45500,4,'',0
