'959',2200,92500,4,'',0,11000,4,'',0,11000,4,'',0,11100,4,'',0,14900,4,'',0,11000,4,'',0,11000,4,'',0,11000,4,'',0,11000,4,'',0,11000,4,'',0
'959',2201,82000,,'',0,11000,,'',0,11000,,'',0,11000,,'',0,15000,,'',0,11000,,'',0,11000,,'',0,11000,,'',0,11000,,'',0,11000,,'',0
'960',2200,82600,4,'',0,11000,4,'',0,11000,4,'',0,16100,4,'',0,4000,4,'',0,8000,4,'',0,8000,4,'',0,4000,4,'',0,8000,4,'',0,8000,4,'',0,4000,4,'',0,8000,4,'',0,8000,4,'',0,4000,4,'',0,6900,4,'',0,11000,4,'',0,11000,4,'',0,11000,4,'',0,11000,4,'',0
'960',2201,72100,,'',0,11000,,'',0,11000,,'',0,11000,,'',0,8000,,'',0,8000,,'',0,4000,,'',0,8000,,'',0,8000,,'',0,4000,,'',0,8000,,'',0,8000,,'',0,4000,,'',0,8000,,'',0,8000,,'',0,11000,,'',0,11000,,'',0,11000,,'',0,11000,,'',0
'961',2200,92500,4,'',0,11000,4,'',0,11000,4,'',0,11100,4,'',0,14900,4,'',0,11000,4,'',0,11000,4,'',0,11000,4,'',0,11000,4,'',0,11000,4,'',0
'961',2201,82000,,'',0,11000,,'',0,11000,,'',0,11000,,'',0,15000,,'',0,11000,,'',0,11000,,'',0,11000,,'',0,11000,,'',0,11000,,'',0
'962',2200,63300,4,'',0,6800,4,'',0,3500,4,'',0,7000,4,'',0,2900,4,'',0,7100,4,'',0,3000,4,'',0,7500,4,'',0,4300,4,'',0,8500,4,'',0,7900,4,'',0,4000,4,'',0,8000,4,'',0,8000,4,'',0,4000,4,'',0,7600,4,'',0,7000,4,'',0,3000,4,'',0,7000,4,'',0,3000,4,'',0,7000,4,'',0,3000,4,'',0,2500,4,'',0,7000,4,'',0,2200,4,'',0,15000,4,'',0,11000,4,'',0,13800,4,'',0
'962',2201,54500,,'',0,6500,,'',0,3000,,'',0,7000,,'',0,3000,,'',0,7000,,'',0,4500,,'',0,8300,,'',0,8500,,'',0,7900,,'',0,4000,,'',0,8000,,'',0,8000,,'',0,4000,,'',0,6600,,'',0,3000,,'',0,7000,,'',0,3000,,'',0,7000,,'',0,3000,,'',0,7000,,'',0,3000,,'',0,7000,,'',0,3800,,'',0,11000,,'',0,15000,,'',0,12000,,'',0
'963',2200,63300,4,'',0,6800,4,'',0,3500,4,'',0,7000,4,'',0,2900,4,'',0,7100,4,'',0,3000,4,'',0,7500,4,'',0,4300,4,'',0,8500,4,'',0,7900,4,'',0,4000,4,'',0,8000,4,'',0,8000,4,'',0,4000,4,'',0,7600,4,'',0,7000,4,'',0,3000,4,'',0,7000,4,'',0,3000,4,'',0,7000,4,'',0,3000,4,'',0,2500,4,'',0,7000,4,'',0,2200,4,'',0,15000,4,'',0,11000,4,'',0,13800,4,'',0
'963',2201,54500,,'',0,6500,,'',0,3000,,'',0,7000,,'',0,3000,,'',0,7000,,'',0,4500,,'',0,8300,,'',0,8500,,'',0,7900,,'',0,4000,,'',0,8000,,'',0,8000,,'',0,4000,,'',0,6600,,'',0,3000,,'',0,7000,,'',0,3000,,'',0,7000,,'',0,3000,,'',0,7000,,'',0,3000,,'',0,7000,,'',0,3800,,'',0,11000,,'',0,15000,,'',0,12000,,'',0
'964',2200,63300,4,'',0,6800,4,'',0,3500,4,'',0,7000,4,'',0,2900,4,'',0,7100,4,'',0,3000,4,'',0,7500,4,'',0,4300,4,'',0,8500,4,'',0,7900,4,'',0,4000,4,'',0,8000,4,'',0,8000,4,'',0,4000,4,'',0,7600,4,'',0,7000,4,'',0,3000,4,'',0,7000,4,'',0,3000,4,'',0,7000,4,'',0,3000,4,'',0,2500,4,'',0,7000,4,'',0,2200,4,'',0,15000,4,'',0,11000,4,'',0,13800,4,'',0
'964',2201,54500,,'',0,6500,,'',0,3000,,'',0,7000,,'',0,3000,,'',0,7000,,'',0,4500,,'',0,8300,,'',0,8500,,'',0,7900,,'',0,4000,,'',0,8000,,'',0,8000,,'',0,4000,,'',0,6600,,'',0,3000,,'',0,7000,,'',0,3000,,'',0,7000,,'',0,3000,,'',0,7000,,'',0,3000,,'',0,7000,,'',0,3800,,'',0,11000,,'',0,15000,,'',0,12000,,'',0
'965',2200,63300,4,'',0,6800,4,'',0,3500,4,'',0,7000,4,'',0,2900,4,'',0,7100,4,'',0,3000,4,'',0,7500,4,'',0,4300,4,'',0,8500,4,'',0,7900,4,'',0,4000,4,'',0,8000,4,'',0,8000,4,'',0,4000,4,'',0,7600,4,'',0,7000,4,'',0,3000,4,'',0,7000,4,'',0,3000,4,'',0,7000,4,'',0,3000,4,'',0,2500,4,'',0,7000,4,'',0,2200,4,'',0,15000,4,'',0,11000,4,'',0,13800,4,'',0
'965',2201,54500,,'',0,6500,,'',0,3000,,'',0,7000,,'',0,3000,,'',0,7000,,'',0,4500,,'',0,8300,,'',0,8500,,'',0,7900,,'',0,4000,,'',0,8000,,'',0,8000,,'',0,4000,,'',0,6600,,'',0,3000,,'',0,7000,,'',0,3000,,'',0,7000,,'',0,3000,,'',0,7000,,'',0,3000,,'',0,7000,,'',0,3800,,'',0,11000,,'',0,15000,,'',0,12000,,'',0
'966',2200,63300,4,'',0,6800,4,'',0,3500,4,'',0,7000,4,'',0,2900,4,'',0,7100,4,'',0,3000,4,'',0,7500,4,'',0,4300,4,'',0,8500,4,'',0,7900,4,'',0,4000,4,'',0,8000,4,'',0,8000,4,'',0,4000,4,'',0,7600,4,'',0,7000,4,'',0,3000,4,'',0,7000,4,'',0,3000,4,'',0,7000,4,'',0,3000,4,'',0,2500,4,'',0,7000,4,'',0,2200,4,'',0,15000,4,'',0,11000,4,'',0,13800,4,'',0
'966',2201,54500,,'',0,6500,,'',0,3000,,'',0,7000,,'',0,3000,,'',0,7000,,'',0,4500,,'',0,8300,,'',0,8500,,'',0,7900,,'',0,4000,,'',0,8000,,'',0,8000,,'',0,4000,,'',0,6600,,'',0,3000,,'',0,7000,,'',0,3000,,'',0,7000,,'',0,3000,,'',0,7000,,'',0,3000,,'',0,7000,,'',0,3800,,'',0,11000,,'',0,15000,,'',0,12000,,'',0
