'983',1600,103300,0,'Transway1A',0,7000,0,'Transway1A',0,4500,0,'Transway1A',0,7000,0,'Transway1A',0,3000,0,'Transway1A',0,7000,0,'Transway1A',0,3000,0,'Transway1A',0,7000,0,'Transway1A',0,3000,0,'Transway1A',0,7000,0,'Transway1A',0,3000,0,'Transway1A',0,7000,0,'Transway1A',0,3000,0,'Transway1A',0,6000,0,'Transway1A',0,1000,0,'Transway1A',0,3000,0,'Transway1A',0,6000,0,'Transway1A',0,1000,0,'Transway1A',0,3000,0,'Transway1A',0,7000,0,'Transway1A',0,3000,0,'Transway1A',0
'983',1601,103100,4,'',0,7000,4,'',0,4500,4,'',0,7000,4,'',0,3000,4,'',0,7000,4,'',0,3000,4,'',0,7000,4,'',0,3000,4,'',0,7000,4,'',0,3000,4,'',0,7000,4,'',0,3000,4,'',0,7000,4,'',0,3000,4,'',0,7000,4,'',0,3000,4,'',0,7000,4,'',0,3000,4,'',0
'984',1600,72000,0,'Transway1A',0,3000,0,'Transway1A',0,7000,0,'Transway1A',0,3000,0,'Transway1A',0,7000,0,'Transway1A',0,3000,0,'Transway1A',0,7000,0,'Transway1A',0,3000,0,'Transway1A',0,6000,0,'Transway1A',0,2000,0,'Transway1A',0,2000,0,'Transway1A',0,6000,0,'Transway1A',0,2000,0,'Transway1A',0,2000,0,'Transway1A',0,6000,0,'Transway1A',0,2000,0,'Transway1A',0,2000,0,'Transway1A',0,6000,0,'Transway1A',0,2000,0,'Transway1A',0,2000,0,'Transway1A',0,6000,0,'Transway1A',0,2000,0,'Transway1A',0,2000,0,'Transway1A',0,6000,0,'Transway1A',0,2000,0,'Transway1A',0,2000,0,'Transway1A',0,6000,0,'Transway1A',0,2000,0,'Transway1A',0,2000,0,'Transway1A',0,6000,0,'Transway1A',0,500,0,'Transway1A',0,1500,0,'Transway1A',0,2000,0,'Transway1A',0,7000,0,'Transway1A',0,3000,0,'Transway1A',0,7000,0,'Transway1A',0,3000,0,'Transway1A',0,7000,0,'Transway1A',0,3000,0,'Transway1A',0,10000,0,'Transway1A',0
'984',1601,71500,4,'',0,3000,4,'',0,7000,4,'',0,3000,4,'',0,7000,4,'',0,3000,4,'',0,7000,4,'',0,3000,4,'',0,6000,4,'',0,2000,4,'',0,2000,4,'',0,6000,4,'',0,2000,4,'',0,2000,4,'',0,6000,4,'',0,2000,4,'',0,2000,4,'',0,6000,4,'',0,2000,4,'',0,2000,4,'',0,6000,4,'',0,2000,4,'',0,2000,4,'',0,6000,4,'',0,2000,4,'',0,2000,4,'',0,6000,4,'',0,2000,4,'',0,2000,4,'',0,6000,4,'',0,2000,4,'',0,2200,4,'',0,7000,4,'',0,3000,4,'',0,7000,4,'',0,3000,4,'',0,7000,4,'',0,3000,4,'',0,10000,4,'',0
'985',1600,103300,0,'Transway1A',0,7000,0,'Transway1A',0,4500,0,'Transway1A',0,7000,0,'Transway1A',0,3000,0,'Transway1A',0,7000,0,'Transway1A',0,3000,0,'Transway1A',0,7000,0,'Transway1A',0,3000,0,'Transway1A',0,7000,0,'Transway1A',0,3000,0,'Transway1A',0,7000,0,'Transway1A',0,3000,0,'Transway1A',0,6000,0,'Transway1A',0,1000,0,'Transway1A',0,3000,0,'Transway1A',0,6000,0,'Transway1A',0,1000,0,'Transway1A',0,3000,0,'Transway1A',0,7000,0,'Transway1A',0,3000,0,'Transway1A',0
'985',1601,103100,4,'',0,7000,4,'',0,4500,4,'',0,7000,4,'',0,3000,4,'',0,7000,4,'',0,3000,4,'',0,7000,4,'',0,3000,4,'',0,7000,4,'',0,3000,4,'',0,7000,4,'',0,3000,4,'',0,7000,4,'',0,3000,4,'',0,7000,4,'',0,3000,4,'',0,7000,4,'',0,3000,4,'',0
'986',1600,63000,0,'Transway1A',0,7500,0,'Transway1A',0,3000,0,'Transway1A',0,2000,0,'Transway1A',0,6000,0,'Transway1A',0,2000,0,'Transway1A',0,2000,0,'Transway1A',0,6000,0,'Transway1A',0,2000,0,'Transway1A',0,2000,0,'Transway1A',0,6000,0,'Transway1A',0,2000,0,'Transway1A',0,2000,0,'Transway1A',0,6000,0,'Transway1A',0,2000,0,'Transway1A',0,2000,0,'Transway1A',0,6000,0,'Transway1A',0,2000,0,'Transway1A',0,2000,0,'Transway1A',0,6000,0,'Transway1A',0,2000,0,'Transway1A',0,2000,0,'Transway1A',0,6000,0,'Transway1A',0,2000,0,'Transway1A',0,2000,0,'Transway1A',0,6000,0,'Transway1A',0,2000,0,'Transway1A',0,2000,0,'Transway1A',0,6000,0,'Transway1A',0,2000,0,'Transway1A',0,2000,0,'Transway1A',0,6000,0,'Transway1A',0,2000,0,'Transway1A',0,2000,0,'Transway1A',0,6000,0,'Transway1A',0,2000,0,'Transway1A',0,1500,0,'Transway1A',0,7000,0,'Transway1A',0,3000,0,'Transway1A',0,6000,0,'Transway1A',0,1000,0,'Transway1A',0,2000,0,'Transway1A',0,1000,0,'Transway1A',0,6000,0,'Transway1A',0,1000,0,'Transway1A',0,3000,0,'Transway1A',0,10000,0,'Transway1A',0
'986',1601,62500,4,'',0,7700,4,'',0,3000,4,'',0,2000,4,'',0,6000,4,'',0,2000,4,'',0,2000,4,'',0,6000,4,'',0,2000,4,'',0,2000,4,'',0,6000,4,'',0,2000,4,'',0,2000,4,'',0,6000,4,'',0,2000,4,'',0,2000,4,'',0,6000,4,'',0,2000,4,'',0,2000,4,'',0,6000,4,'',0,2000,4,'',0,2000,4,'',0,6000,4,'',0,2000,4,'',0,2000,4,'',0,6000,4,'',0,2000,4,'',0,2000,4,'',0,6000,4,'',0,2000,4,'',0,2000,4,'',0,6000,4,'',0,2000,4,'',0,2000,4,'',0,6000,4,'',0,2000,4,'',0,1500,4,'',0,7000,4,'',0,3000,4,'',0,7000,4,'',0,3000,4,'',0,7000,4,'',0,3000,4,'',0,10000,4,'',0,10000,4,'',0
'987',1600,63000,0,'Transway1A',0,7500,0,'Transway1A',0,3000,0,'Transway1A',0,2000,0,'Transway1A',0,6000,0,'Transway1A',0,2000,0,'Transway1A',0,2000,0,'Transway1A',0,6000,0,'Transway1A',0,2000,0,'Transway1A',0,2000,0,'Transway1A',0,6000,0,'Transway1A',0,2000,0,'Transway1A',0,2000,0,'Transway1A',0,6000,0,'Transway1A',0,2000,0,'Transway1A',0,2000,0,'Transway1A',0,6000,0,'Transway1A',0,2000,0,'Transway1A',0,2000,0,'Transway1A',0,6000,0,'Transway1A',0,2000,0,'Transway1A',0,2000,0,'Transway1A',0,6000,0,'Transway1A',0,2000,0,'Transway1A',0,2000,0,'Transway1A',0,6000,0,'Transway1A',0,2000,0,'Transway1A',0,2000,0,'Transway1A',0,6000,0,'Transway1A',0,2000,0,'Transway1A',0,2000,0,'Transway1A',0,6000,0,'Transway1A',0,2000,0,'Transway1A',0,2000,0,'Transway1A',0,6000,0,'Transway1A',0,2000,0,'Transway1A',0,1500,0,'Transway1A',0,7000,0,'Transway1A',0,3000,0,'Transway1A',0,7000,0,'Transway1A',0,3000,0,'Transway1A',0,7000,0,'Transway1A',0,3000,0,'Transway1A',0,10000,0,'Transway1A',0
'987',1601,62500,4,'',0,7700,4,'',0,3000,4,'',0,2000,4,'',0,6000,4,'',0,2000,4,'',0,2000,4,'',0,6000,4,'',0,2000,4,'',0,2000,4,'',0,6000,4,'',0,2000,4,'',0,2000,4,'',0,6000,4,'',0,2000,4,'',0,2000,4,'',0,6000,4,'',0,2000,4,'',0,2000,4,'',0,6000,4,'',0,2000,4,'',0,2000,4,'',0,6000,4,'',0,2000,4,'',0,2000,4,'',0,6000,4,'',0,2000,4,'',0,2000,4,'',0,6000,4,'',0,2000,4,'',0,2000,4,'',0,6000,4,'',0,2000,4,'',0,2000,4,'',0,6000,4,'',0,2000,4,'',0,1500,4,'',0,7000,4,'',0,3000,4,'',0,7000,4,'',0,3000,4,'',0,7000,4,'',0,3000,4,'',0,10000,4,'',0,10000,4,'',0
'988',1600,63000,0,'Transway1A',0,7500,0,'Transway1A',0,3000,0,'Transway1A',0,2000,0,'Transway1A',0,6000,0,'Transway1A',0,2000,0,'Transway1A',0,2000,0,'Transway1A',0,6000,0,'Transway1A',0,2000,0,'Transway1A',0,2000,0,'Transway1A',0,6000,0,'Transway1A',0,2000,0,'Transway1A',0,2000,0,'Transway1A',0,6000,0,'Transway1A',0,2000,0,'Transway1A',0,2000,0,'Transway1A',0,6000,0,'Transway1A',0,2000,0,'Transway1A',0,2000,0,'Transway1A',0,6000,0,'Transway1A',0,2000,0,'Transway1A',0,2000,0,'Transway1A',0,6000,0,'Transway1A',0,2000,0,'Transway1A',0,2000,0,'Transway1A',0,6000,0,'Transway1A',0,2000,0,'Transway1A',0,2000,0,'Transway1A',0,6000,0,'Transway1A',0,2000,0,'Transway1A',0,2000,0,'Transway1A',0,6000,0,'Transway1A',0,2000,0,'Transway1A',0,2000,0,'Transway1A',0,6000,0,'Transway1A',0,2000,0,'Transway1A',0,1500,0,'Transway1A',0,7000,0,'Transway1A',0,3000,0,'Transway1A',0,6000,0,'Transway1A',0,1000,0,'Transway1A',0,2000,0,'Transway1A',0,1000,0,'Transway1A',0,6000,0,'Transway1A',0,1000,0,'Transway1A',0,3000,0,'Transway1A',0,10000,0,'Transway1A',0
'988',1601,62500,4,'',0,7700,4,'',0,3000,4,'',0,2000,4,'',0,6000,4,'',0,2000,4,'',0,2000,4,'',0,6000,4,'',0,2000,4,'',0,2000,4,'',0,6000,4,'',0,2000,4,'',0,2000,4,'',0,6000,4,'',0,2000,4,'',0,2000,4,'',0,6000,4,'',0,2000,4,'',0,2000,4,'',0,6000,4,'',0,2000,4,'',0,2000,4,'',0,6000,4,'',0,2000,4,'',0,2000,4,'',0,6000,4,'',0,2000,4,'',0,2000,4,'',0,6000,4,'',0,2000,4,'',0,2000,4,'',0,6000,4,'',0,2000,4,'',0,2000,4,'',0,6000,4,'',0,2000,4,'',0,1500,4,'',0,7000,4,'',0,3000,4,'',0,7000,4,'',0,3000,4,'',0,7000,4,'',0,3000,4,'',0,10000,4,'',0,10000,4,'',0
'989',1600,63000,0,'Transway1A',0,7500,0,'Transway1A',0,3000,0,'Transway1A',0,2000,0,'Transway1A',0,6000,0,'Transway1A',0,2000,0,'Transway1A',0,2000,0,'Transway1A',0,6000,0,'Transway1A',0,2000,0,'Transway1A',0,2000,0,'Transway1A',0,6000,0,'Transway1A',0,2000,0,'Transway1A',0,2000,0,'Transway1A',0,6000,0,'Transway1A',0,2000,0,'Transway1A',0,2000,0,'Transway1A',0,6000,0,'Transway1A',0,2000,0,'Transway1A',0,2000,0,'Transway1A',0,6000,0,'Transway1A',0,2000,0,'Transway1A',0,2000,0,'Transway1A',0,6000,0,'Transway1A',0,2000,0,'Transway1A',0,2000,0,'Transway1A',0,6000,0,'Transway1A',0,2000,0,'Transway1A',0,2000,0,'Transway1A',0,6000,0,'Transway1A',0,2000,0,'Transway1A',0,2000,0,'Transway1A',0,6000,0,'Transway1A',0,2000,0,'Transway1A',0,2000,0,'Transway1A',0,6000,0,'Transway1A',0,2000,0,'Transway1A',0,1500,0,'Transway1A',0,7000,0,'Transway1A',0,3000,0,'Transway1A',0,7000,0,'Transway1A',0,3000,0,'Transway1A',0,7000,0,'Transway1A',0,3000,0,'Transway1A',0,10000,0,'Transway1A',0
'989',1601,62500,4,'',0,7700,4,'',0,3000,4,'',0,2000,4,'',0,6000,4,'',0,2000,4,'',0,2000,4,'',0,6000,4,'',0,2000,4,'',0,2000,4,'',0,6000,4,'',0,2000,4,'',0,2000,4,'',0,6000,4,'',0,2000,4,'',0,2000,4,'',0,6000,4,'',0,2000,4,'',0,2000,4,'',0,6000,4,'',0,2000,4,'',0,2000,4,'',0,6000,4,'',0,2000,4,'',0,2000,4,'',0,6000,4,'',0,2000,4,'',0,2000,4,'',0,6000,4,'',0,2000,4,'',0,2000,4,'',0,6000,4,'',0,2000,4,'',0,2000,4,'',0,6000,4,'',0,2000,4,'',0,1500,4,'',0,7000,4,'',0,3000,4,'',0,7000,4,'',0,3000,4,'',0,7000,4,'',0,3000,4,'',0,10000,4,'',0,10000,4,'',0
'990',1600,63000,0,'Transway1A',0,7500,0,'Transway1A',0,3000,0,'Transway1A',0,2000,0,'Transway1A',0,6000,0,'Transway1A',0,2000,0,'Transway1A',0,2000,0,'Transway1A',0,6000,0,'Transway1A',0,2000,0,'Transway1A',0,2000,0,'Transway1A',0,6000,0,'Transway1A',0,2000,0,'Transway1A',0,2000,0,'Transway1A',0,6000,0,'Transway1A',0,2000,0,'Transway1A',0,2000,0,'Transway1A',0,6000,0,'Transway1A',0,2000,0,'Transway1A',0,2000,0,'Transway1A',0,6000,0,'Transway1A',0,2000,0,'Transway1A',0,2000,0,'Transway1A',0,6000,0,'Transway1A',0,2000,0,'Transway1A',0,2000,0,'Transway1A',0,6000,0,'Transway1A',0,2000,0,'Transway1A',0,2000,0,'Transway1A',0,6000,0,'Transway1A',0,2000,0,'Transway1A',0,2000,0,'Transway1A',0,6000,0,'Transway1A',0,2000,0,'Transway1A',0,2000,0,'Transway1A',0,6000,0,'Transway1A',0,2000,0,'Transway1A',0,1500,0,'Transway1A',0,7000,0,'Transway1A',0,3000,0,'Transway1A',0,7000,0,'Transway1A',0,3000,0,'Transway1A',0,7000,0,'Transway1A',0,3000,0,'Transway1A',0,10000,0,'Transway1A',0
'990',1601,62500,4,'',0,7700,4,'',0,3000,4,'',0,2000,4,'',0,6000,4,'',0,2000,4,'',0,2000,4,'',0,6000,4,'',0,2000,4,'',0,2000,4,'',0,6000,4,'',0,2000,4,'',0,2000,4,'',0,6000,4,'',0,2000,4,'',0,2000,4,'',0,6000,4,'',0,2000,4,'',0,2000,4,'',0,6000,4,'',0,2000,4,'',0,2000,4,'',0,6000,4,'',0,2000,4,'',0,2000,4,'',0,6000,4,'',0,2000,4,'',0,2000,4,'',0,6000,4,'',0,2000,4,'',0,2000,4,'',0,6000,4,'',0,2000,4,'',0,2000,4,'',0,6000,4,'',0,2000,4,'',0,1500,4,'',0,7000,4,'',0,3000,4,'',0,7000,4,'',0,3000,4,'',0,7000,4,'',0,3000,4,'',0,10000,4,'',0,10000,4,'',0
'984',2602,72400,0,'WB',0,9000,0,'WB',0,9000,0,'WB',0,5000,0,'WB',0,9000,0,'WB',0,9000,0,'WB',0,9000,0,'WB',0,9000,0,'WB',0,9000,0,'WB',0,5000,0,'WB',0,9000,0,'WB',0,9000,0,'WB',0,9000,0,'WB',0,9000,0,'WB',0,9000,0,'WB',0
'986',2602,72200,0,'WB',0,3000,0,'WB',0,7000,0,'WB',0,3000,0,'WB',0,7000,0,'WB',0,3000,0,'WB',0,7000,0,'WB',0,3000,0,'WB',0,7000,0,'WB',0,3000,0,'WB',0,7000,0,'WB',0,3000,0,'WB',0,7000,0,'WB',0,3000,0,'WB',0,7000,0,'WB',0,3000,0,'WB',0,7000,0,'WB',0,3000,0,'WB',0,7000,0,'WB',0,3000,0,'WB',0,7000,0,'WB',0,3000,0,'WB',0,7000,0,'WB',0,3000,0,'WB',0
'987',2602,72200,0,'WB',0,3000,0,'WB',0,7000,0,'WB',0,3000,0,'WB',0,7000,0,'WB',0,3000,0,'WB',0,7000,0,'WB',0,3000,0,'WB',0,7000,0,'WB',0,3000,0,'WB',0,7000,0,'WB',0,3000,0,'WB',0,7000,0,'WB',0,3000,0,'WB',0,7000,0,'WB',0,3000,0,'WB',0,7000,0,'WB',0,3000,0,'WB',0,7000,0,'WB',0,3000,0,'WB',0,7000,0,'WB',0,3000,0,'WB',0,7000,0,'WB',0,3000,0,'WB',0
'988',2602,72200,0,'WB',0,3000,0,'WB',0,7000,0,'WB',0,3000,0,'WB',0,7000,0,'WB',0,3000,0,'WB',0,7000,0,'WB',0,3000,0,'WB',0,7000,0,'WB',0,3000,0,'WB',0,7000,0,'WB',0,3000,0,'WB',0,7000,0,'WB',0,3000,0,'WB',0,7000,0,'WB',0,3000,0,'WB',0,7000,0,'WB',0,3000,0,'WB',0,7000,0,'WB',0,3000,0,'WB',0,7000,0,'WB',0,3000,0,'WB',0,7000,0,'WB',0,3000,0,'WB',0
'989',2602,72200,0,'WB',0,3000,0,'WB',0,7000,0,'WB',0,3000,0,'WB',0,7000,0,'WB',0,3000,0,'WB',0,7000,0,'WB',0,3000,0,'WB',0,7000,0,'WB',0,3000,0,'WB',0,7000,0,'WB',0,3000,0,'WB',0,7000,0,'WB',0,3000,0,'WB',0,7000,0,'WB',0,3000,0,'WB',0,7000,0,'WB',0,3000,0,'WB',0,7000,0,'WB',0,3000,0,'WB',0,7000,0,'WB',0,3000,0,'WB',0,7000,0,'WB',0,3000,0,'WB',0
'990',2602,72200,0,'WB',0,3000,0,'WB',0,7000,0,'WB',0,3000,0,'WB',0,7000,0,'WB',0,3000,0,'WB',0,7000,0,'WB',0,3000,0,'WB',0,7000,0,'WB',0,3000,0,'WB',0,7000,0,'WB',0,3000,0,'WB',0,7000,0,'WB',0,3000,0,'WB',0,7000,0,'WB',0,3000,0,'WB',0,7000,0,'WB',0,3000,0,'WB',0,7000,0,'WB',0,3000,0,'WB',0,7000,0,'WB',0,3000,0,'WB',0,7000,0,'WB',0,3000,0,'WB',0
'983',400100,93400,0,'518',0,7500,0,'518',0,3500,0,'518',0,7500,0,'518',0,3500,0,'518',0,7500,0,'518',0,7500,0,'518',0,3500,0,'518',0,7500,0,'518',0,3500,0,'518',0,7500,0,'518',0,3500,0,'518',0,7500,0,'518',0,7500,0,'518',0,3500,0,'518',0,7500,0,'518',0
'984',400100,75900,0,'518',0,7500,0,'518',0,7500,0,'518',0,3500,0,'518',0,7500,0,'518',0,3500,0,'518',0,7500,0,'518',0,7500,0,'518',0,3500,0,'518',0,7500,0,'518',0,3500,0,'518',0,7500,0,'518',0,3500,0,'518',0,7500,0,'518',0,7500,0,'518',0,3500,0,'518',0,7500,0,'518',0,3500,0,'518',0,7500,0,'518',0,7500,0,'518',0
'985',400100,93400,0,'518',0,7500,0,'518',0,3500,0,'518',0,7500,0,'518',0,3500,0,'518',0,7500,0,'518',0,7500,0,'518',0,3500,0,'518',0,7500,0,'518',0,3500,0,'518',0,7500,0,'518',0,3500,0,'518',0,7500,0,'518',0,7500,0,'518',0,3500,0,'518',0,7500,0,'518',0
'986',400100,65900,0,'518',0,7500,0,'518',0,7500,0,'518',0,3500,0,'518',0,7500,0,'518',0,3500,0,'518',0,7500,0,'518',0,7500,0,'518',0,3500,0,'518',0,7500,0,'518',0,3500,0,'518',0,7500,0,'518',0,3500,0,'518',0,7500,0,'518',0,7500,0,'518',0,3500,0,'518',0,7500,0,'518',0,3500,0,'518',0,7500,0,'518',0,7500,0,'518',0,3500,0,'518',0,7500,0,'518',0,3500,0,'518',0,7500,0,'518',0,3500,0,'518',0,7500,0,'518',0,7500,0,'518',0
'987',400100,65900,0,'518',0,7500,0,'518',0,7500,0,'518',0,3500,0,'518',0,7500,0,'518',0,3500,0,'518',0,7500,0,'518',0,7500,0,'518',0,3500,0,'518',0,7500,0,'518',0,3500,0,'518',0,7500,0,'518',0,3500,0,'518',0,7500,0,'518',0,7500,0,'518',0,3500,0,'518',0,7500,0,'518',0,3500,0,'518',0,7500,0,'518',0,7500,0,'518',0,3500,0,'518',0,7500,0,'518',0,3500,0,'518',0,7500,0,'518',0,3500,0,'518',0,7500,0,'518',0,7500,0,'518',0
'988',400100,65900,0,'518',0,7500,0,'518',0,7500,0,'518',0,3500,0,'518',0,7500,0,'518',0,3500,0,'518',0,7500,0,'518',0,7500,0,'518',0,3500,0,'518',0,7500,0,'518',0,3500,0,'518',0,7500,0,'518',0,3500,0,'518',0,7500,0,'518',0,7500,0,'518',0,3500,0,'518',0,7500,0,'518',0,3500,0,'518',0,7500,0,'518',0,7500,0,'518',0,3500,0,'518',0,7500,0,'518',0,3500,0,'518',0,7500,0,'518',0,3500,0,'518',0,7500,0,'518',0,7500,0,'518',0
'989',400100,65900,0,'518',0,7500,0,'518',0,7500,0,'518',0,3500,0,'518',0,7500,0,'518',0,3500,0,'518',0,7500,0,'518',0,7500,0,'518',0,3500,0,'518',0,7500,0,'518',0,3500,0,'518',0,7500,0,'518',0,3500,0,'518',0,7500,0,'518',0,7500,0,'518',0,3500,0,'518',0,7500,0,'518',0,3500,0,'518',0,7500,0,'518',0,7500,0,'518',0,3500,0,'518',0,7500,0,'518',0,3500,0,'518',0,7500,0,'518',0,3500,0,'518',0,7500,0,'518',0,7500,0,'518',0
'990',400100,65900,0,'518',0,7500,0,'518',0,7500,0,'518',0,3500,0,'518',0,7500,0,'518',0,3500,0,'518',0,7500,0,'518',0,7500,0,'518',0,3500,0,'518',0,7500,0,'518',0,3500,0,'518',0,7500,0,'518',0,3500,0,'518',0,7500,0,'518',0,7500,0,'518',0,3500,0,'518',0,7500,0,'518',0,3500,0,'518',0,7500,0,'518',0,7500,0,'518',0,3500,0,'518',0,7500,0,'518',0,3500,0,'518',0,7500,0,'518',0,3500,0,'518',0,7500,0,'518',0,7500,0,'518',0
