'962',552200,70700,0,'418X',0,3000,0,'418X',0,7000,0,'418X',0,3000,0,'418X',0,7000,0,'418X',0,3000,0,'418X',0,7000,0,'418X',0,3000,0,'418X',0,7000,0,'418X',0,3000,0,'418X',0,7000,0,'418X',0,3000,0,'418X',0,7000,0,'418X',0,3000,0,'418X',0,7000,0,'418X',0,3000,0,'418X',0,7000,0,'418X',0,3000,0,'418X',0,7000,0,'418X',0,3000,0,'418X',0,7000,0,'418X',0,3000,0,'418X',0,7000,0,'418X',0
'962',552201,65000,0,'418X',0,7000,0,'418X',0,3000,0,'418X',0,7000,0,'418X',0,3000,0,'418X',0,7000,0,'418X',0,3000,0,'418X',0,7000,0,'418X',0,3000,0,'418X',0,7000,0,'418X',0,3000,0,'418X',0,7000,0,'418X',0,3000,0,'418X',0,7000,0,'418X',0,3000,0,'418X',0,7000,0,'418X',0,3000,0,'418X',0,7000,0,'418X',0,3000,0,'418X',0,7000,0,'418X',0,3000,0,'418X',0,7000,0,'418X',0,3000,0,'418X',0
'963',552200,70700,0,'418X',0,3000,0,'418X',0,7000,0,'418X',0,3000,0,'418X',0,7000,0,'418X',0,3000,0,'418X',0,7000,0,'418X',0,3000,0,'418X',0,7000,0,'418X',0,3000,0,'418X',0,7000,0,'418X',0,3000,0,'418X',0,7000,0,'418X',0,3000,0,'418X',0,7000,0,'418X',0,3000,0,'418X',0,7000,0,'418X',0,3000,0,'418X',0,7000,0,'418X',0,3000,0,'418X',0,7000,0,'418X',0,3000,0,'418X',0,7000,0,'418X',0
'963',552201,65000,0,'418X',0,7000,0,'418X',0,3000,0,'418X',0,7000,0,'418X',0,3000,0,'418X',0,7000,0,'418X',0,3000,0,'418X',0,7000,0,'418X',0,3000,0,'418X',0,7000,0,'418X',0,3000,0,'418X',0,7000,0,'418X',0,3000,0,'418X',0,7000,0,'418X',0,3000,0,'418X',0,7000,0,'418X',0,3000,0,'418X',0,7000,0,'418X',0,3000,0,'418X',0,7000,0,'418X',0,3000,0,'418X',0,7000,0,'418X',0,3000,0,'418X',0
'964',552200,70700,0,'418X',0,3000,0,'418X',0,7000,0,'418X',0,3000,0,'418X',0,7000,0,'418X',0,3000,0,'418X',0,7000,0,'418X',0,3000,0,'418X',0,7000,0,'418X',0,3000,0,'418X',0,7000,0,'418X',0,3000,0,'418X',0,7000,0,'418X',0,3000,0,'418X',0,7000,0,'418X',0,3000,0,'418X',0,7000,0,'418X',0,3000,0,'418X',0,7000,0,'418X',0,3000,0,'418X',0,7000,0,'418X',0,3000,0,'418X',0,7000,0,'418X',0
'964',552201,65000,0,'418X',0,7000,0,'418X',0,3000,0,'418X',0,7000,0,'418X',0,3000,0,'418X',0,7000,0,'418X',0,3000,0,'418X',0,7000,0,'418X',0,3000,0,'418X',0,7000,0,'418X',0,3000,0,'418X',0,7000,0,'418X',0,3000,0,'418X',0,7000,0,'418X',0,3000,0,'418X',0,7000,0,'418X',0,3000,0,'418X',0,7000,0,'418X',0,3000,0,'418X',0,7000,0,'418X',0,3000,0,'418X',0,7000,0,'418X',0,3000,0,'418X',0
'965',552200,70700,0,'418X',0,3000,0,'418X',0,7000,0,'418X',0,3000,0,'418X',0,7000,0,'418X',0,3000,0,'418X',0,7000,0,'418X',0,3000,0,'418X',0,7000,0,'418X',0,3000,0,'418X',0,7000,0,'418X',0,3000,0,'418X',0,7000,0,'418X',0,3000,0,'418X',0,7000,0,'418X',0,3000,0,'418X',0,7000,0,'418X',0,3000,0,'418X',0,7000,0,'418X',0,3000,0,'418X',0,7000,0,'418X',0,3000,0,'418X',0,7000,0,'418X',0
'965',552201,65000,0,'418X',0,7000,0,'418X',0,3000,0,'418X',0,7000,0,'418X',0,3000,0,'418X',0,7000,0,'418X',0,3000,0,'418X',0,7000,0,'418X',0,3000,0,'418X',0,7000,0,'418X',0,3000,0,'418X',0,7000,0,'418X',0,3000,0,'418X',0,7000,0,'418X',0,3000,0,'418X',0,7000,0,'418X',0,3000,0,'418X',0,7000,0,'418X',0,3000,0,'418X',0,7000,0,'418X',0,3000,0,'418X',0,7000,0,'418X',0,3000,0,'418X',0
'966',552200,70700,0,'418X',0,3000,0,'418X',0,7000,0,'418X',0,3000,0,'418X',0,7000,0,'418X',0,3000,0,'418X',0,7000,0,'418X',0,3000,0,'418X',0,7000,0,'418X',0,3000,0,'418X',0,7000,0,'418X',0,3000,0,'418X',0,7000,0,'418X',0,3000,0,'418X',0,7000,0,'418X',0,3000,0,'418X',0,7000,0,'418X',0,3000,0,'418X',0,7000,0,'418X',0,3000,0,'418X',0,7000,0,'418X',0,3000,0,'418X',0,7000,0,'418X',0
'966',552201,65000,0,'418X',0,7000,0,'418X',0,3000,0,'418X',0,7000,0,'418X',0,3000,0,'418X',0,7000,0,'418X',0,3000,0,'418X',0,7000,0,'418X',0,3000,0,'418X',0,7000,0,'418X',0,3000,0,'418X',0,7000,0,'418X',0,3000,0,'418X',0,7000,0,'418X',0,3000,0,'418X',0,7000,0,'418X',0,3000,0,'418X',0,7000,0,'418X',0,3000,0,'418X',0,7000,0,'418X',0,3000,0,'418X',0,7000,0,'418X',0,3000,0,'418X',0
