'1039',463600,91300,0,'605',0,44000,0,'605',0,45500,0,'605',0
'1040',463600,74300,0,'605',0,67000,0,'605',0,43000,0,'605',0
'1041',463600,91300,0,'605',0,44000,0,'605',0,45500,0,'605',0
'1042',463600,64300,0,'605',0,77000,0,'605',0,43000,0,'605',0
'1043',463600,64300,0,'605',0,77000,0,'605',0,43000,0,'605',0
'1044',463600,64300,0,'605',0,77000,0,'605',0,43000,0,'605',0
'1045',463600,64300,0,'605',0,77000,0,'605',0,43000,0,'605',0
'1046',463600,64300,0,'605',0,77000,0,'605',0,43000,0,'605',0
'1047',463600,91300,0,'605',0,44000,0,'605',0,45500,0,'605',0
'1048',463600,94300,0,'605',0,30000,0,'605',0,30000,0,'605',0
'1049',463600,91300,0,'605',0,44000,0,'605',0,45500,0,'605',0
