'936',70101,70500,0,'E',0,13000,0,'E',0,17000,0,'E',0,13000,0,'E',0,17000,0,'E',0,13000,0,'E',0,17000,0,'E',0,13000,0,'E',0
'938',70101,70500,0,'E',0,4500,0,'E',0,8500,0,'E',0,8500,0,'E',0,8500,0,'E',0,13000,0,'E',0,17000,0,'E',0,4500,0,'E',0,8500,0,'E',0,8500,0,'E',0,8500,0,'E',0,4500,0,'E',0,8500,0,'E',0,8500,0,'E',0
'939',70101,70500,0,'E',0,4500,0,'E',0,8500,0,'E',0,8500,0,'E',0,8500,0,'E',0,13000,0,'E',0,17000,0,'E',0,4500,0,'E',0,8500,0,'E',0,8500,0,'E',0,8500,0,'E',0,4500,0,'E',0,8500,0,'E',0,8500,0,'E',0
'940',70101,70500,0,'E',0,4500,0,'E',0,8500,0,'E',0,8500,0,'E',0,8500,0,'E',0,13000,0,'E',0,17000,0,'E',0,4500,0,'E',0,8500,0,'E',0,8500,0,'E',0,8500,0,'E',0,4500,0,'E',0,8500,0,'E',0,8500,0,'E',0
'941',70101,70500,0,'E',0,4500,0,'E',0,8500,0,'E',0,8500,0,'E',0,8500,0,'E',0,13000,0,'E',0,17000,0,'E',0,4500,0,'E',0,8500,0,'E',0,8500,0,'E',0,8500,0,'E',0,4500,0,'E',0,8500,0,'E',0,8500,0,'E',0
'942',70101,70500,0,'E',0,4500,0,'E',0,8500,0,'E',0,8500,0,'E',0,8500,0,'E',0,13000,0,'E',0,17000,0,'E',0,4500,0,'E',0,8500,0,'E',0,8500,0,'E',0,8500,0,'E',0,4500,0,'E',0,8500,0,'E',0,8500,0,'E',0
'935',463601,84200,0,'605',0,48000,0,'605',0,41500,0,'605',0
'936',463601,71200,0,'605',0,63000,0,'605',0,47000,0,'605',0
'937',463601,84200,0,'605',0,48000,0,'605',0,41500,0,'605',0
'938',463601,61200,0,'605',0,73000,0,'605',0,47000,0,'605',0
'939',463601,61200,0,'605',0,73000,0,'605',0,47000,0,'605',0
'940',463601,61200,0,'605',0,73000,0,'605',0,47000,0,'605',0
'941',463601,61200,0,'605',0,73000,0,'605',0,47000,0,'605',0
'942',463601,61200,0,'605',0,73000,0,'605',0,47000,0,'605',0
