'893',463600,92700,0,'605',0,48000,0,'605',0,41500,0,'605',0
'894',463600,75700,0,'605',0,67000,0,'605',0,43000,0,'605',0
'895',463600,92700,0,'605',0,48000,0,'605',0,41500,0,'605',0
'896',463600,65700,0,'605',0,77000,0,'605',0,43000,0,'605',0
'897',463600,65700,0,'605',0,77000,0,'605',0,43000,0,'605',0
'898',463600,65700,0,'605',0,77000,0,'605',0,43000,0,'605',0
'899',463600,65700,0,'605',0,77000,0,'605',0,43000,0,'605',0
'900',463600,65700,0,'605',0,77000,0,'605',0,43000,0,'605',0
'901',463600,92700,0,'605',0,48000,0,'605',0,41500,0,'605',0
'902',463600,95700,0,'605',0,30000,0,'605',0,30000,0,'605',0
'903',463600,92700,0,'605',0,48000,0,'605',0,41500,0,'605',0
