'936',2601,74000,0,'EB',0,9000,0,'EB',0,9000,0,'EB',0,9000,0,'EB',0,9000,0,'EB',0,5000,0,'EB',0,9000,0,'EB',0,9000,0,'EB',0,9000,0,'EB',0,9000,0,'EB',0,9000,0,'EB',0,5000,0,'EB',0,9000,0,'EB',0,9000,0,'EB',0,9000,0,'EB',0
'936',2602,73600,0,'WB',0,9000,0,'WB',0,9000,0,'WB',0,9000,0,'WB',0,5000,0,'WB',0,9000,0,'WB',0,9000,0,'WB',0,9000,0,'WB',0,9000,0,'WB',0,9000,0,'WB',0,5000,0,'WB',0,9000,0,'WB',0,9000,0,'WB',0,9000,0,'WB',0,9000,0,'WB',0
'938',2601,74000,0,'EB',0,7000,0,'EB',0,3000,0,'EB',0,7000,0,'EB',0,3000,0,'EB',0,7000,0,'EB',0,3000,0,'EB',0,7000,0,'EB',0,3000,0,'EB',0,7000,0,'EB',0,3000,0,'EB',0,7000,0,'EB',0,3000,0,'EB',0,7000,0,'EB',0,3000,0,'EB',0,7000,0,'EB',0,3000,0,'EB',0,7000,0,'EB',0,3000,0,'EB',0,7000,0,'EB',0,3000,0,'EB',0,7000,0,'EB',0,3000,0,'EB',0,7000,0,'EB',0
'938',2602,73600,0,'WB',0,7000,0,'WB',0,3000,0,'WB',0,7000,0,'WB',0,3000,0,'WB',0,7000,0,'WB',0,3000,0,'WB',0,7000,0,'WB',0,3000,0,'WB',0,7000,0,'WB',0,3000,0,'WB',0,7000,0,'WB',0,3000,0,'WB',0,7000,0,'WB',0,3000,0,'WB',0,7000,0,'WB',0,3000,0,'WB',0,7000,0,'WB',0,3000,0,'WB',0,7000,0,'WB',0,3000,0,'WB',0,7000,0,'WB',0,3000,0,'WB',0,7000,0,'WB',0
'939',2601,74000,0,'EB',0,7000,0,'EB',0,3000,0,'EB',0,7000,0,'EB',0,3000,0,'EB',0,7000,0,'EB',0,3000,0,'EB',0,7000,0,'EB',0,3000,0,'EB',0,7000,0,'EB',0,3000,0,'EB',0,7000,0,'EB',0,3000,0,'EB',0,7000,0,'EB',0,3000,0,'EB',0,7000,0,'EB',0,3000,0,'EB',0,7000,0,'EB',0,3000,0,'EB',0,7000,0,'EB',0,3000,0,'EB',0,7000,0,'EB',0,3000,0,'EB',0,7000,0,'EB',0
'939',2602,73600,0,'WB',0,7000,0,'WB',0,3000,0,'WB',0,7000,0,'WB',0,3000,0,'WB',0,7000,0,'WB',0,3000,0,'WB',0,7000,0,'WB',0,3000,0,'WB',0,7000,0,'WB',0,3000,0,'WB',0,7000,0,'WB',0,3000,0,'WB',0,7000,0,'WB',0,3000,0,'WB',0,7000,0,'WB',0,3000,0,'WB',0,7000,0,'WB',0,3000,0,'WB',0,7000,0,'WB',0,3000,0,'WB',0,7000,0,'WB',0,3000,0,'WB',0,7000,0,'WB',0
'940',2601,74000,0,'EB',0,7000,0,'EB',0,3000,0,'EB',0,7000,0,'EB',0,3000,0,'EB',0,7000,0,'EB',0,3000,0,'EB',0,7000,0,'EB',0,3000,0,'EB',0,7000,0,'EB',0,3000,0,'EB',0,7000,0,'EB',0,3000,0,'EB',0,7000,0,'EB',0,3000,0,'EB',0,7000,0,'EB',0,3000,0,'EB',0,7000,0,'EB',0,3000,0,'EB',0,7000,0,'EB',0,3000,0,'EB',0,7000,0,'EB',0,3000,0,'EB',0,7000,0,'EB',0
'940',2602,73600,0,'WB',0,7000,0,'WB',0,3000,0,'WB',0,7000,0,'WB',0,3000,0,'WB',0,7000,0,'WB',0,3000,0,'WB',0,7000,0,'WB',0,3000,0,'WB',0,7000,0,'WB',0,3000,0,'WB',0,7000,0,'WB',0,3000,0,'WB',0,7000,0,'WB',0,3000,0,'WB',0,7000,0,'WB',0,3000,0,'WB',0,7000,0,'WB',0,3000,0,'WB',0,7000,0,'WB',0,3000,0,'WB',0,7000,0,'WB',0,3000,0,'WB',0,7000,0,'WB',0
'941',2601,74000,0,'EB',0,7000,0,'EB',0,3000,0,'EB',0,7000,0,'EB',0,3000,0,'EB',0,7000,0,'EB',0,3000,0,'EB',0,7000,0,'EB',0,3000,0,'EB',0,7000,0,'EB',0,3000,0,'EB',0,7000,0,'EB',0,3000,0,'EB',0,7000,0,'EB',0,3000,0,'EB',0,7000,0,'EB',0,3000,0,'EB',0,7000,0,'EB',0,3000,0,'EB',0,7000,0,'EB',0,3000,0,'EB',0,7000,0,'EB',0,3000,0,'EB',0,7000,0,'EB',0
'941',2602,73600,0,'WB',0,7000,0,'WB',0,3000,0,'WB',0,7000,0,'WB',0,3000,0,'WB',0,7000,0,'WB',0,3000,0,'WB',0,7000,0,'WB',0,3000,0,'WB',0,7000,0,'WB',0,3000,0,'WB',0,7000,0,'WB',0,3000,0,'WB',0,7000,0,'WB',0,3000,0,'WB',0,7000,0,'WB',0,3000,0,'WB',0,7000,0,'WB',0,3000,0,'WB',0,7000,0,'WB',0,3000,0,'WB',0,7000,0,'WB',0,3000,0,'WB',0,7000,0,'WB',0
'942',2601,74000,0,'EB',0,7000,0,'EB',0,3000,0,'EB',0,7000,0,'EB',0,3000,0,'EB',0,7000,0,'EB',0,3000,0,'EB',0,7000,0,'EB',0,3000,0,'EB',0,7000,0,'EB',0,3000,0,'EB',0,7000,0,'EB',0,3000,0,'EB',0,7000,0,'EB',0,3000,0,'EB',0,7000,0,'EB',0,3000,0,'EB',0,7000,0,'EB',0,3000,0,'EB',0,7000,0,'EB',0,3000,0,'EB',0,7000,0,'EB',0,3000,0,'EB',0,7000,0,'EB',0
'942',2602,73600,0,'WB',0,7000,0,'WB',0,3000,0,'WB',0,7000,0,'WB',0,3000,0,'WB',0,7000,0,'WB',0,3000,0,'WB',0,7000,0,'WB',0,3000,0,'WB',0,7000,0,'WB',0,3000,0,'WB',0,7000,0,'WB',0,3000,0,'WB',0,7000,0,'WB',0,3000,0,'WB',0,7000,0,'WB',0,3000,0,'WB',0,7000,0,'WB',0,3000,0,'WB',0,7000,0,'WB',0,3000,0,'WB',0,7000,0,'WB',0,3000,0,'WB',0,7000,0,'WB',0
