'893',463601,90300,0,'605',0,44000,0,'605',0,41500,0,'605',0
'894',463601,73300,0,'605',0,67000,0,'605',0,43000,0,'605',0
'895',463601,90300,0,'605',0,44000,0,'605',0,41500,0,'605',0
'896',463601,63300,0,'605',0,77000,0,'605',0,43000,0,'605',0
'897',463601,63300,0,'605',0,77000,0,'605',0,43000,0,'605',0
'898',463601,63300,0,'605',0,77000,0,'605',0,43000,0,'605',0
'899',463601,63300,0,'605',0,77000,0,'605',0,43000,0,'605',0
'900',463601,63300,0,'605',0,77000,0,'605',0,43000,0,'605',0
'901',463601,90300,0,'605',0,44000,0,'605',0,41500,0,'605',0
'902',463601,93300,0,'605',0,30000,0,'605',0,30000,0,'605',0
'903',463601,90300,0,'605',0,44000,0,'605',0,41500,0,'605',0
