353503,1,'N',3535
353504,1,'S',3535
353601,1,'E',3536
353602,1,'W',3536
353701,1,'E',3537
353702,1,'W',3537
353801,1,'E',3538
353802,1,'W',3538
353901,1,'E',3539
353902,1,'W',3539
354003,1,'N',3540
354004,1,'S',3540
354103,1,'N',3541
354104,1,'S',3541
354203,1,'N',3542
354204,1,'S',3542
354303,1,'N',3543
354304,1,'S',3543
354401,1,'E',3544
354402,1,'W',3544
354501,1,'E',3545
354502,1,'W',3545
354603,1,'N',3546
354604,1,'S',3546
354703,1,'N',3547
354704,1,'S',3547
358301,1,'E',3583
358302,1,'W',3583
358403,1,'N',3584
358404,1,'S',3584
358501,0,'C3 LOOP',3585
