'1017',463600,91900,0,'605',0,44000,0,'605',0,45500,0,'605',0
'1018',463600,74900,0,'605',0,67000,0,'605',0,43000,0,'605',0
'1019',463600,91900,0,'605',0,44000,0,'605',0,45500,0,'605',0
'1020',463600,64900,0,'605',0,77000,0,'605',0,43000,0,'605',0
'1021',463600,64900,0,'605',0,77000,0,'605',0,43000,0,'605',0
'1022',463600,64900,0,'605',0,77000,0,'605',0,43000,0,'605',0
'1023',463600,64900,0,'605',0,77000,0,'605',0,43000,0,'605',0
'1024',463600,64900,0,'605',0,77000,0,'605',0,43000,0,'605',0
'1025',463600,91900,0,'605',0,44000,0,'605',0,45500,0,'605',0
'1026',463600,94900,0,'605',0,30000,0,'605',0,30000,0,'605',0
'1027',463600,91900,0,'605',0,44000,0,'605',0,45500,0,'605',0
