'967',2000,102200,4,'',0,8500,4,'',0,4500,4,'',0,8500,4,'',0,8500,4,'',0,8500,4,'',0,4500,4,'',0,8500,4,'',0,8500,4,'',0,8500,4,'',0,4600,4,'',0,8400,4,'',0,8500,4,'',0,8500,4,'',0,4500,4,'',0
'967',2001,90000,,'',0,4500,,'',0,8500,,'',0,8500,,'',0,8500,,'',0,4500,,'',0,8500,,'',0,8500,,'',0,8500,,'',0,4500,,'',0,8500,,'',0,8500,,'',0,8500,,'',0,4500,,'',0,8500,,'',0
'968',2000,72700,4,'',0,8500,4,'',0,4500,4,'',0,8500,4,'',0,1500,4,'',0,7000,4,'',0,8000,4,'',0,3000,4,'',0,7000,4,'',0,3000,4,'',0,8000,4,'',0,3000,4,'',0,7000,4,'',0,3000,4,'',0,8000,4,'',0,3000,4,'',0,7000,4,'',0,3000,4,'',0,8000,4,'',0,7000,4,'',0,3000,4,'',0,7000,4,'',0,4000,4,'',0,7500,4,'',0,8500,4,'',0,4500,4,'',0,8500,4,'',0,8500,4,'',0,8500,4,'',0,4500,4,'',0
'968',2001,60000,,'',0,4500,,'',0,8500,,'',0,8500,,'',0,8500,,'',0,3000,,'',0,7000,,'',0,3000,,'',0,8000,,'',0,3000,,'',0,7000,,'',0,3000,,'',0,8000,,'',0,3000,,'',0,7000,,'',0,3000,,'',0,8000,,'',0,7000,,'',0,3000,,'',0,7000,,'',0,4000,,'',0,7000,,'',0,4500,,'',0,8500,,'',0,8500,,'',0,8500,,'',0,4500,,'',0,8500,,'',0,8500,,'',0,8500,,'',0
'969',2000,102200,4,'',0,8500,4,'',0,4500,4,'',0,8500,4,'',0,8500,4,'',0,8500,4,'',0,4500,4,'',0,8500,4,'',0,8500,4,'',0,8500,4,'',0,4600,4,'',0,8400,4,'',0,8500,4,'',0,8500,4,'',0,4500,4,'',0
'969',2001,90000,,'',0,4500,,'',0,8500,,'',0,8500,,'',0,8500,,'',0,4500,,'',0,8500,,'',0,8500,,'',0,8500,,'',0,4500,,'',0,8500,,'',0,8500,,'',0,8500,,'',0,4500,,'',0,8500,,'',0
'970',2000,65500,4,'',0,6000,4,'',0,2000,4,'',0,2000,4,'',0,6000,4,'',0,2000,4,'',0,2000,4,'',0,6000,4,'',0,2000,4,'',0,2000,4,'',0,6000,4,'',0,2000,4,'',0,2000,4,'',0,6000,4,'',0,2000,4,'',0,2000,4,'',0,6000,4,'',0,2000,4,'',0,2000,4,'',0,6000,4,'',0,2000,4,'',0,2000,4,'',0,6000,4,'',0,2000,4,'',0,2000,4,'',0,6000,4,'',0,2000,4,'',0,2000,4,'',0,6000,4,'',0,2000,4,'',0,2000,4,'',0,6000,4,'',0,2000,4,'',0,2000,4,'',0,6000,4,'',0,2000,4,'',0,2000,4,'',0,6000,4,'',0,1700,4,'',0,7500,4,'',0,4500,4,'',0,8500,4,'',0,8500,4,'',0,8500,4,'',0,4500,4,'',0,8500,4,'',0,8500,4,'',0
'970',2001,54000,,'',0,6000,,'',0,2000,,'',0,2000,,'',0,6000,,'',0,2000,,'',0,2000,,'',0,6000,,'',0,2000,,'',0,2000,,'',0,6000,,'',0,2000,,'',0,2000,,'',0,6000,,'',0,2000,,'',0,2000,,'',0,6000,,'',0,2000,,'',0,2000,,'',0,6000,,'',0,2000,,'',0,2000,,'',0,6000,,'',0,2000,,'',0,2000,,'',0,6000,,'',0,2000,,'',0,2000,,'',0,6000,,'',0,2000,,'',0,2000,,'',0,6000,,'',0,2000,,'',0,2000,,'',0,6000,,'',0,2000,,'',0,2000,,'',0,6000,,'',0,4500,,'',0,8500,,'',0,8500,,'',0,8500,,'',0,4500,,'',0,8500,,'',0,8500,,'',0,8500,,'',0,4500,,'',0
'971',2000,65500,4,'',0,6000,4,'',0,2000,4,'',0,2000,4,'',0,6000,4,'',0,2000,4,'',0,2000,4,'',0,6000,4,'',0,2000,4,'',0,2000,4,'',0,6000,4,'',0,2000,4,'',0,2000,4,'',0,6000,4,'',0,2000,4,'',0,2000,4,'',0,6000,4,'',0,2000,4,'',0,2000,4,'',0,6000,4,'',0,2000,4,'',0,2000,4,'',0,6000,4,'',0,2000,4,'',0,2000,4,'',0,6000,4,'',0,2000,4,'',0,2000,4,'',0,6000,4,'',0,2000,4,'',0,2000,4,'',0,6000,4,'',0,2000,4,'',0,2000,4,'',0,6000,4,'',0,2000,4,'',0,2000,4,'',0,6000,4,'',0,1700,4,'',0,7500,4,'',0,4500,4,'',0,8500,4,'',0,8500,4,'',0,8500,4,'',0,4500,4,'',0,8500,4,'',0,8500,4,'',0
'971',2001,54000,,'',0,6000,,'',0,2000,,'',0,2000,,'',0,6000,,'',0,2000,,'',0,2000,,'',0,6000,,'',0,2000,,'',0,2000,,'',0,6000,,'',0,2000,,'',0,2000,,'',0,6000,,'',0,2000,,'',0,2000,,'',0,6000,,'',0,2000,,'',0,2000,,'',0,6000,,'',0,2000,,'',0,2000,,'',0,6000,,'',0,2000,,'',0,2000,,'',0,6000,,'',0,2000,,'',0,2000,,'',0,6000,,'',0,2000,,'',0,2000,,'',0,6000,,'',0,2000,,'',0,2000,,'',0,6000,,'',0,2000,,'',0,2000,,'',0,6000,,'',0,4500,,'',0,8500,,'',0,8500,,'',0,8500,,'',0,4500,,'',0,8500,,'',0,8500,,'',0,8500,,'',0,4500,,'',0
'972',2000,65500,4,'',0,6000,4,'',0,2000,4,'',0,2000,4,'',0,6000,4,'',0,2000,4,'',0,2000,4,'',0,6000,4,'',0,2000,4,'',0,2000,4,'',0,6000,4,'',0,2000,4,'',0,2000,4,'',0,6000,4,'',0,2000,4,'',0,2000,4,'',0,6000,4,'',0,2000,4,'',0,2000,4,'',0,6000,4,'',0,2000,4,'',0,2000,4,'',0,6000,4,'',0,2000,4,'',0,2000,4,'',0,6000,4,'',0,2000,4,'',0,2000,4,'',0,6000,4,'',0,2000,4,'',0,2000,4,'',0,6000,4,'',0,2000,4,'',0,2000,4,'',0,6000,4,'',0,2000,4,'',0,2000,4,'',0,6000,4,'',0,1700,4,'',0,7500,4,'',0,4500,4,'',0,8500,4,'',0,8500,4,'',0,8500,4,'',0,4500,4,'',0,8500,4,'',0,8500,4,'',0
'972',2001,54000,,'',0,6000,,'',0,2000,,'',0,2000,,'',0,6000,,'',0,2000,,'',0,2000,,'',0,6000,,'',0,2000,,'',0,2000,,'',0,6000,,'',0,2000,,'',0,2000,,'',0,6000,,'',0,2000,,'',0,2000,,'',0,6000,,'',0,2000,,'',0,2000,,'',0,6000,,'',0,2000,,'',0,2000,,'',0,6000,,'',0,2000,,'',0,2000,,'',0,6000,,'',0,2000,,'',0,2000,,'',0,6000,,'',0,2000,,'',0,2000,,'',0,6000,,'',0,2000,,'',0,2000,,'',0,6000,,'',0,2000,,'',0,2000,,'',0,6000,,'',0,4500,,'',0,8500,,'',0,8500,,'',0,8500,,'',0,4500,,'',0,8500,,'',0,8500,,'',0,8500,,'',0,4500,,'',0
'973',2000,65500,4,'',0,6000,4,'',0,2000,4,'',0,2000,4,'',0,6000,4,'',0,2000,4,'',0,2000,4,'',0,6000,4,'',0,2000,4,'',0,2000,4,'',0,6000,4,'',0,2000,4,'',0,2000,4,'',0,6000,4,'',0,2000,4,'',0,2000,4,'',0,6000,4,'',0,2000,4,'',0,2000,4,'',0,6000,4,'',0,2000,4,'',0,2000,4,'',0,6000,4,'',0,2000,4,'',0,2000,4,'',0,6000,4,'',0,2000,4,'',0,2000,4,'',0,6000,4,'',0,2000,4,'',0,2000,4,'',0,6000,4,'',0,2000,4,'',0,2000,4,'',0,6000,4,'',0,2000,4,'',0,2000,4,'',0,6000,4,'',0,1700,4,'',0,7500,4,'',0,4500,4,'',0,8500,4,'',0,8500,4,'',0,8500,4,'',0,4500,4,'',0,8500,4,'',0,8500,4,'',0
'973',2001,54000,,'',0,6000,,'',0,2000,,'',0,2000,,'',0,6000,,'',0,2000,,'',0,2000,,'',0,6000,,'',0,2000,,'',0,2000,,'',0,6000,,'',0,2000,,'',0,2000,,'',0,6000,,'',0,2000,,'',0,2000,,'',0,6000,,'',0,2000,,'',0,2000,,'',0,6000,,'',0,2000,,'',0,2000,,'',0,6000,,'',0,2000,,'',0,2000,,'',0,6000,,'',0,2000,,'',0,2000,,'',0,6000,,'',0,2000,,'',0,2000,,'',0,6000,,'',0,2000,,'',0,2000,,'',0,6000,,'',0,2000,,'',0,2000,,'',0,6000,,'',0,4500,,'',0,8500,,'',0,8500,,'',0,8500,,'',0,4500,,'',0,8500,,'',0,8500,,'',0,8500,,'',0,4500,,'',0
'974',2000,65500,4,'',0,6000,4,'',0,2000,4,'',0,2000,4,'',0,6000,4,'',0,2000,4,'',0,2000,4,'',0,6000,4,'',0,2000,4,'',0,2000,4,'',0,6000,4,'',0,2000,4,'',0,2000,4,'',0,6000,4,'',0,2000,4,'',0,2000,4,'',0,6000,4,'',0,2000,4,'',0,2000,4,'',0,6000,4,'',0,2000,4,'',0,2000,4,'',0,6000,4,'',0,2000,4,'',0,2000,4,'',0,6000,4,'',0,2000,4,'',0,2000,4,'',0,6000,4,'',0,2000,4,'',0,2000,4,'',0,6000,4,'',0,2000,4,'',0,2000,4,'',0,6000,4,'',0,2000,4,'',0,2000,4,'',0,6000,4,'',0,1700,4,'',0,7500,4,'',0,4500,4,'',0,8500,4,'',0,8500,4,'',0,8500,4,'',0,4500,4,'',0,8500,4,'',0,8500,4,'',0
'974',2001,54000,,'',0,6000,,'',0,2000,,'',0,2000,,'',0,6000,,'',0,2000,,'',0,2000,,'',0,6000,,'',0,2000,,'',0,2000,,'',0,6000,,'',0,2000,,'',0,2000,,'',0,6000,,'',0,2000,,'',0,2000,,'',0,6000,,'',0,2000,,'',0,2000,,'',0,6000,,'',0,2000,,'',0,2000,,'',0,6000,,'',0,2000,,'',0,2000,,'',0,6000,,'',0,2000,,'',0,2000,,'',0,6000,,'',0,2000,,'',0,2000,,'',0,6000,,'',0,2000,,'',0,2000,,'',0,6000,,'',0,2000,,'',0,2000,,'',0,6000,,'',0,4500,,'',0,8500,,'',0,8500,,'',0,8500,,'',0,4500,,'',0,8500,,'',0,8500,,'',0,8500,,'',0,4500,,'',0
