'967',463600,91200,0,'605',0,44000,0,'605',0,45500,0,'605',0
'967',463601,91100,4,'',0,44000,4,'',0,45500,4,'',0
'968',463600,74200,0,'605',0,67000,0,'605',0,43000,0,'605',0
'968',463601,74100,4,'',0,67000,4,'',0,43000,4,'',0
'969',463600,91200,0,'605',0,44000,0,'605',0,45500,0,'605',0
'969',463601,91100,4,'',0,44000,4,'',0,45500,4,'',0
'970',463600,64200,0,'605',0,77000,0,'605',0,43000,0,'605',0
'970',463601,64100,4,'',0,77000,4,'',0,43000,4,'',0
'971',463600,64200,0,'605',0,77000,0,'605',0,43000,0,'605',0
'971',463601,64100,4,'',0,77000,4,'',0,43000,4,'',0
'972',463600,64200,0,'605',0,77000,0,'605',0,43000,0,'605',0
'972',463601,64100,4,'',0,77000,4,'',0,43000,4,'',0
'973',463600,64200,0,'605',0,77000,0,'605',0,43000,0,'605',0
'973',463601,64100,4,'',0,77000,4,'',0,43000,4,'',0
'974',463600,64200,0,'605',0,77000,0,'605',0,43000,0,'605',0
'974',463601,64100,4,'',0,77000,4,'',0,43000,4,'',0
