'893',463601,85500,0,'605',0,48000,0,'605',0,41500,0,'605',0
'894',463601,72500,0,'605',0,63000,0,'605',0,47000,0,'605',0
'895',463601,85500,0,'605',0,48000,0,'605',0,41500,0,'605',0
'896',463601,62500,0,'605',0,73000,0,'605',0,47000,0,'605',0
'897',463601,62500,0,'605',0,73000,0,'605',0,47000,0,'605',0
'898',463601,62500,0,'605',0,73000,0,'605',0,47000,0,'605',0
'899',463601,62500,0,'605',0,73000,0,'605',0,47000,0,'605',0
'900',463601,62500,0,'605',0,73000,0,'605',0,47000,0,'605',0
'901',463601,85500,0,'605',0,48000,0,'605',0,41500,0,'605',0
'902',463601,92500,0,'605',0,30000,0,'605',0,30000,0,'605',0
'903',463601,85500,0,'605',0,48000,0,'605',0,41500,0,'605',0
