'927',2100,95000,,'',0,15000,,'',0,11000,,'',0,11000,,'',0,11000,,'',0,11000,,'',0,11000,,'',0,15000,,'',0,11000,,'',0
'928',2100,60400,,'',0,10100,,'',0,11000,,'',0,11000,,'',0,11800,,'',0,8000,,'',0,8000,,'',0,4000,,'',0,8000,,'',0,8000,,'',0,4000,,'',0,8000,,'',0,8000,,'',0,4000,,'',0,8000,,'',0,8000,,'',0,11200,,'',0,11000,,'',0,11000,,'',0,11000,,'',0
'929',2100,95000,,'',0,15000,,'',0,11000,,'',0,11000,,'',0,11000,,'',0,11000,,'',0,11000,,'',0,15000,,'',0,11000,,'',0
'930',2100,61000,,'',0,3500,,'',0,8000,,'',0,8000,,'',0,4000,,'',0,8000,,'',0,8000,,'',0,4000,,'',0,8000,,'',0,8000,,'',0,4000,,'',0,8000,,'',0,8000,,'',0,4000,,'',0,8000,,'',0,8000,,'',0,4000,,'',0,8000,,'',0,8200,,'',0,2700,,'',0,11000,,'',0,11000,,'',0,16700,,'',0
'931',2100,61000,,'',0,3500,,'',0,8000,,'',0,8000,,'',0,4000,,'',0,8000,,'',0,8000,,'',0,4000,,'',0,8000,,'',0,8000,,'',0,4000,,'',0,8000,,'',0,8000,,'',0,4000,,'',0,8000,,'',0,8000,,'',0,4000,,'',0,8000,,'',0,8200,,'',0,2700,,'',0,11000,,'',0,11000,,'',0,16700,,'',0
'932',2100,61000,,'',0,3500,,'',0,8000,,'',0,8000,,'',0,4000,,'',0,8000,,'',0,8000,,'',0,4000,,'',0,8000,,'',0,8000,,'',0,4000,,'',0,8000,,'',0,8000,,'',0,4000,,'',0,8000,,'',0,8000,,'',0,4000,,'',0,8000,,'',0,8200,,'',0,2700,,'',0,11000,,'',0,11000,,'',0,16700,,'',0
'933',2100,61000,,'',0,3500,,'',0,8000,,'',0,8000,,'',0,4000,,'',0,8000,,'',0,8000,,'',0,4000,,'',0,8000,,'',0,8000,,'',0,4000,,'',0,8000,,'',0,8000,,'',0,4000,,'',0,8000,,'',0,8000,,'',0,4000,,'',0,8000,,'',0,8200,,'',0,2700,,'',0,11000,,'',0,11000,,'',0,16700,,'',0
'934',2100,61000,,'',0,3500,,'',0,8000,,'',0,8000,,'',0,4000,,'',0,8000,,'',0,8000,,'',0,4000,,'',0,8000,,'',0,8000,,'',0,4000,,'',0,8000,,'',0,8000,,'',0,4000,,'',0,8000,,'',0,8000,,'',0,4000,,'',0,8000,,'',0,8200,,'',0,2700,,'',0,11000,,'',0,11000,,'',0,16700,,'',0
'927',400101,100400,0,'518',0,3500,0,'518',0,7500,0,'518',0,3500,0,'518',0,7500,0,'518',0,3500,0,'518',0,7500,0,'518',0,7500,0,'518',0,3500,0,'518',0,7500,0,'518',0,3500,0,'518',0,7500,0,'518',0,7500,0,'518',0,3500,0,'518',0,7500,0,'518',0,3500,0,'518',0
'928',400101,82900,0,'518',0,7500,0,'518',0,3500,0,'518',0,7500,0,'518',0,3500,0,'518',0,7500,0,'518',0,3500,0,'518',0,7500,0,'518',0,7500,0,'518',0,3500,0,'518',0,7500,0,'518',0,3500,0,'518',0,7500,0,'518',0,7500,0,'518',0,3500,0,'518',0,7500,0,'518',0,3500,0,'518',0,7500,0,'518',0,3500,0,'518',0,7500,0,'518',0
'929',400101,100400,0,'518',0,3500,0,'518',0,7500,0,'518',0,3500,0,'518',0,7500,0,'518',0,3500,0,'518',0,7500,0,'518',0,7500,0,'518',0,3500,0,'518',0,7500,0,'518',0,3500,0,'518',0,7500,0,'518',0,7500,0,'518',0,3500,0,'518',0,7500,0,'518',0,3500,0,'518',0
'930',400101,72900,0,'518',0,7500,0,'518',0,3500,0,'518',0,7500,0,'518',0,3500,0,'518',0,7500,0,'518',0,3500,0,'518',0,7500,0,'518',0,7500,0,'518',0,3500,0,'518',0,7500,0,'518',0,3500,0,'518',0,7500,0,'518',0,7500,0,'518',0,3500,0,'518',0,7500,0,'518',0,3500,0,'518',0,7500,0,'518',0,3500,0,'518',0,7500,0,'518',0,7500,0,'518',0,3500,0,'518',0,7500,0,'518',0,3500,0,'518',0,7500,0,'518',0,7500,0,'518',0,3500,0,'518',0
'931',400101,72900,0,'518',0,7500,0,'518',0,3500,0,'518',0,7500,0,'518',0,3500,0,'518',0,7500,0,'518',0,3500,0,'518',0,7500,0,'518',0,7500,0,'518',0,3500,0,'518',0,7500,0,'518',0,3500,0,'518',0,7500,0,'518',0,7500,0,'518',0,3500,0,'518',0,7500,0,'518',0,3500,0,'518',0,7500,0,'518',0,3500,0,'518',0,7500,0,'518',0,7500,0,'518',0,3500,0,'518',0,7500,0,'518',0,3500,0,'518',0,7500,0,'518',0,7500,0,'518',0,3500,0,'518',0
'932',400101,72900,0,'518',0,7500,0,'518',0,3500,0,'518',0,7500,0,'518',0,3500,0,'518',0,7500,0,'518',0,3500,0,'518',0,7500,0,'518',0,7500,0,'518',0,3500,0,'518',0,7500,0,'518',0,3500,0,'518',0,7500,0,'518',0,7500,0,'518',0,3500,0,'518',0,7500,0,'518',0,3500,0,'518',0,7500,0,'518',0,3500,0,'518',0,7500,0,'518',0,7500,0,'518',0,3500,0,'518',0,7500,0,'518',0,3500,0,'518',0,7500,0,'518',0,7500,0,'518',0,3500,0,'518',0
'933',400101,72900,0,'518',0,7500,0,'518',0,3500,0,'518',0,7500,0,'518',0,3500,0,'518',0,7500,0,'518',0,3500,0,'518',0,7500,0,'518',0,7500,0,'518',0,3500,0,'518',0,7500,0,'518',0,3500,0,'518',0,7500,0,'518',0,7500,0,'518',0,3500,0,'518',0,7500,0,'518',0,3500,0,'518',0,7500,0,'518',0,3500,0,'518',0,7500,0,'518',0,7500,0,'518',0,3500,0,'518',0,7500,0,'518',0,3500,0,'518',0,7500,0,'518',0,7500,0,'518',0,3500,0,'518',0
'934',400101,72900,0,'518',0,7500,0,'518',0,3500,0,'518',0,7500,0,'518',0,3500,0,'518',0,7500,0,'518',0,3500,0,'518',0,7500,0,'518',0,7500,0,'518',0,3500,0,'518',0,7500,0,'518',0,3500,0,'518',0,7500,0,'518',0,7500,0,'518',0,3500,0,'518',0,7500,0,'518',0,3500,0,'518',0,7500,0,'518',0,3500,0,'518',0,7500,0,'518',0,7500,0,'518',0,3500,0,'518',0,7500,0,'518',0,3500,0,'518',0,7500,0,'518',0,7500,0,'518',0,3500,0,'518',0
