'893',463600,91800,0,'605',0,44000,0,'605',0,45500,0,'605',0
'894',463600,74800,0,'605',0,67000,0,'605',0,43000,0,'605',0
'895',463600,91800,0,'605',0,44000,0,'605',0,45500,0,'605',0
'896',463600,64800,0,'605',0,77000,0,'605',0,43000,0,'605',0
'897',463600,64800,0,'605',0,77000,0,'605',0,43000,0,'605',0
'898',463600,64800,0,'605',0,77000,0,'605',0,43000,0,'605',0
'899',463600,64800,0,'605',0,77000,0,'605',0,43000,0,'605',0
'900',463600,64800,0,'605',0,77000,0,'605',0,43000,0,'605',0
'901',463600,91800,0,'605',0,44000,0,'605',0,45500,0,'605',0
'902',463600,94800,0,'605',0,30000,0,'605',0,30000,0,'605',0
'903',463600,91800,0,'605',0,44000,0,'605',0,45500,0,'605',0
