'1017',463600,92000,0,'605',0,48000,0,'605',0,41500,0,'605',0
'1018',463600,75000,0,'605',0,67000,0,'605',0,43000,0,'605',0
'1019',463600,92000,0,'605',0,48000,0,'605',0,41500,0,'605',0
'1020',463600,65000,0,'605',0,77000,0,'605',0,43000,0,'605',0
'1021',463600,65000,0,'605',0,77000,0,'605',0,43000,0,'605',0
'1022',463600,65000,0,'605',0,77000,0,'605',0,43000,0,'605',0
'1023',463600,65000,0,'605',0,77000,0,'605',0,43000,0,'605',0
'1024',463600,65000,0,'605',0,77000,0,'605',0,43000,0,'605',0
'1025',463600,92000,0,'605',0,48000,0,'605',0,41500,0,'605',0
'1026',463600,95000,0,'605',0,30000,0,'605',0,30000,0,'605',0
'1027',463600,92000,0,'605',0,48000,0,'605',0,41500,0,'605',0
