'1090',2200,90100,,'',0,11000,,'',0,11000,,'',0,11100,,'',0,10900,,'',0,11000,,'',0,15000,,'',0,11000,,'',0,11000,,'',0,11000,,'',0
'1091',2200,80200,,'',0,11000,,'',0,11000,,'',0,11500,,'',0,8000,,'',0,4000,,'',0,8000,,'',0,8000,,'',0,4000,,'',0,8000,,'',0,8000,,'',0,4000,,'',0,8000,,'',0,8000,,'',0,3500,,'',0,15000,,'',0,11000,,'',0,11000,,'',0,11000,,'',0
'1092',2200,90100,,'',0,11000,,'',0,11000,,'',0,11100,,'',0,10900,,'',0,11000,,'',0,15000,,'',0,11000,,'',0,11000,,'',0,11000,,'',0
'1093',2200,60200,,'',0,2800,,'',0,7200,,'',0,3000,,'',0,7000,,'',0,3000,,'',0,7000,,'',0,3800,,'',0,8300,,'',0,8500,,'',0,3900,,'',0,8000,,'',0,8000,,'',0,4000,,'',0,8000,,'',0,7300,,'',0,3000,,'',0,7000,,'',0,3000,,'',0,7000,,'',0,3000,,'',0,7000,,'',0,2800,,'',0,3000,,'',0,6900,,'',0,11000,,'',0,11000,,'',0,17800,,'',0
'1094',2200,60200,,'',0,2800,,'',0,7200,,'',0,3000,,'',0,7000,,'',0,3000,,'',0,7000,,'',0,3800,,'',0,8300,,'',0,8500,,'',0,3900,,'',0,8000,,'',0,8000,,'',0,4000,,'',0,8000,,'',0,7300,,'',0,3000,,'',0,7000,,'',0,3000,,'',0,7000,,'',0,3000,,'',0,7000,,'',0,2800,,'',0,3000,,'',0,6900,,'',0,11000,,'',0,11000,,'',0,17800,,'',0
'1095',2200,60200,,'',0,2800,,'',0,7200,,'',0,3000,,'',0,7000,,'',0,3000,,'',0,7000,,'',0,3800,,'',0,8300,,'',0,8500,,'',0,3900,,'',0,8000,,'',0,8000,,'',0,4000,,'',0,8000,,'',0,7300,,'',0,3000,,'',0,7000,,'',0,3000,,'',0,7000,,'',0,3000,,'',0,7000,,'',0,2800,,'',0,3000,,'',0,6900,,'',0,11000,,'',0,11000,,'',0,17800,,'',0
'1096',2200,60200,,'',0,2800,,'',0,7200,,'',0,3000,,'',0,7000,,'',0,3000,,'',0,7000,,'',0,3800,,'',0,8300,,'',0,8500,,'',0,3900,,'',0,8000,,'',0,8000,,'',0,4000,,'',0,8000,,'',0,7300,,'',0,3000,,'',0,7000,,'',0,3000,,'',0,7000,,'',0,3000,,'',0,7000,,'',0,2800,,'',0,3000,,'',0,6900,,'',0,11000,,'',0,11000,,'',0,17800,,'',0
'1097',2200,60200,,'',0,2800,,'',0,7200,,'',0,3000,,'',0,7000,,'',0,3000,,'',0,7000,,'',0,3800,,'',0,8300,,'',0,8500,,'',0,3900,,'',0,8000,,'',0,8000,,'',0,4000,,'',0,8000,,'',0,7300,,'',0,3000,,'',0,7000,,'',0,3000,,'',0,7000,,'',0,3000,,'',0,7000,,'',0,2800,,'',0,3000,,'',0,6900,,'',0,11000,,'',0,11000,,'',0,17800,,'',0
'1091',2602,71600,0,'WB',0,9000,0,'WB',0,5000,0,'WB',0,9000,0,'WB',0,9000,0,'WB',0,9000,0,'WB',0,9000,0,'WB',0,9000,0,'WB',0,5000,0,'WB',0,9000,0,'WB',0,9000,0,'WB',0,9000,0,'WB',0,9000,0,'WB',0,9000,0,'WB',0,5000,0,'WB',0
'1093',2602,71400,0,'WB',0,3000,0,'WB',0,7000,0,'WB',0,3000,0,'WB',0,7000,0,'WB',0,3000,0,'WB',0,7000,0,'WB',0,3000,0,'WB',0,7000,0,'WB',0,3000,0,'WB',0,7000,0,'WB',0,3000,0,'WB',0,7000,0,'WB',0,3000,0,'WB',0,7000,0,'WB',0,3000,0,'WB',0,7000,0,'WB',0,3000,0,'WB',0,7000,0,'WB',0,3000,0,'WB',0,7000,0,'WB',0,3000,0,'WB',0,7000,0,'WB',0,3000,0,'WB',0
'1094',2602,71400,0,'WB',0,3000,0,'WB',0,7000,0,'WB',0,3000,0,'WB',0,7000,0,'WB',0,3000,0,'WB',0,7000,0,'WB',0,3000,0,'WB',0,7000,0,'WB',0,3000,0,'WB',0,7000,0,'WB',0,3000,0,'WB',0,7000,0,'WB',0,3000,0,'WB',0,7000,0,'WB',0,3000,0,'WB',0,7000,0,'WB',0,3000,0,'WB',0,7000,0,'WB',0,3000,0,'WB',0,7000,0,'WB',0,3000,0,'WB',0,7000,0,'WB',0,3000,0,'WB',0
'1095',2602,71400,0,'WB',0,3000,0,'WB',0,7000,0,'WB',0,3000,0,'WB',0,7000,0,'WB',0,3000,0,'WB',0,7000,0,'WB',0,3000,0,'WB',0,7000,0,'WB',0,3000,0,'WB',0,7000,0,'WB',0,3000,0,'WB',0,7000,0,'WB',0,3000,0,'WB',0,7000,0,'WB',0,3000,0,'WB',0,7000,0,'WB',0,3000,0,'WB',0,7000,0,'WB',0,3000,0,'WB',0,7000,0,'WB',0,3000,0,'WB',0,7000,0,'WB',0,3000,0,'WB',0
'1096',2602,71400,0,'WB',0,3000,0,'WB',0,7000,0,'WB',0,3000,0,'WB',0,7000,0,'WB',0,3000,0,'WB',0,7000,0,'WB',0,3000,0,'WB',0,7000,0,'WB',0,3000,0,'WB',0,7000,0,'WB',0,3000,0,'WB',0,7000,0,'WB',0,3000,0,'WB',0,7000,0,'WB',0,3000,0,'WB',0,7000,0,'WB',0,3000,0,'WB',0,7000,0,'WB',0,3000,0,'WB',0,7000,0,'WB',0,3000,0,'WB',0,7000,0,'WB',0,3000,0,'WB',0
'1097',2602,71400,0,'WB',0,3000,0,'WB',0,7000,0,'WB',0,3000,0,'WB',0,7000,0,'WB',0,3000,0,'WB',0,7000,0,'WB',0,3000,0,'WB',0,7000,0,'WB',0,3000,0,'WB',0,7000,0,'WB',0,3000,0,'WB',0,7000,0,'WB',0,3000,0,'WB',0,7000,0,'WB',0,3000,0,'WB',0,7000,0,'WB',0,3000,0,'WB',0,7000,0,'WB',0,3000,0,'WB',0,7000,0,'WB',0,3000,0,'WB',0,7000,0,'WB',0,3000,0,'WB',0
