'1067',70101,71900,0,'E',0,13000,0,'E',0,17000,0,'E',0,13000,0,'E',0,17000,0,'E',0,13000,0,'E',0,17000,0,'E',0,13000,0,'E',0
'1067',70102,82000,0,'W',0,13000,0,'W',0,17000,0,'W',0,13000,0,'W',0,17000,0,'W',0,13000,0,'W',0,17000,0,'W',0,13000,0,'W',0
'1069',70101,71900,0,'E',0,8500,0,'E',0,4500,0,'E',0,8500,0,'E',0,8500,0,'E',0,13000,0,'E',0,17000,0,'E',0,8500,0,'E',0,4500,0,'E',0,8500,0,'E',0,8500,0,'E',0,8500,0,'E',0,4500,0,'E',0,8500,0,'E',0
'1069',70102,73500,0,'W',0,8500,0,'W',0,8500,0,'W',0,4500,0,'W',0,8500,0,'W',0,8500,0,'W',0,13000,0,'W',0,17000,0,'W',0,8500,0,'W',0,4500,0,'W',0,8500,0,'W',0,8500,0,'W',0,8500,0,'W',0,4500,0,'W',0
'1070',70101,71900,0,'E',0,8500,0,'E',0,4500,0,'E',0,8500,0,'E',0,8500,0,'E',0,13000,0,'E',0,17000,0,'E',0,8500,0,'E',0,4500,0,'E',0,8500,0,'E',0,8500,0,'E',0,8500,0,'E',0,4500,0,'E',0,8500,0,'E',0
'1070',70102,73500,0,'W',0,8500,0,'W',0,8500,0,'W',0,4500,0,'W',0,8500,0,'W',0,8500,0,'W',0,13000,0,'W',0,17000,0,'W',0,8500,0,'W',0,4500,0,'W',0,8500,0,'W',0,8500,0,'W',0,8500,0,'W',0,4500,0,'W',0
'1071',70101,71900,0,'E',0,8500,0,'E',0,4500,0,'E',0,8500,0,'E',0,8500,0,'E',0,13000,0,'E',0,17000,0,'E',0,8500,0,'E',0,4500,0,'E',0,8500,0,'E',0,8500,0,'E',0,8500,0,'E',0,4500,0,'E',0,8500,0,'E',0
'1071',70102,73500,0,'W',0,8500,0,'W',0,8500,0,'W',0,4500,0,'W',0,8500,0,'W',0,8500,0,'W',0,13000,0,'W',0,17000,0,'W',0,8500,0,'W',0,4500,0,'W',0,8500,0,'W',0,8500,0,'W',0,8500,0,'W',0,4500,0,'W',0
'1072',70101,71900,0,'E',0,8500,0,'E',0,4500,0,'E',0,8500,0,'E',0,8500,0,'E',0,13000,0,'E',0,17000,0,'E',0,8500,0,'E',0,4500,0,'E',0,8500,0,'E',0,8500,0,'E',0,8500,0,'E',0,4500,0,'E',0,8500,0,'E',0
'1072',70102,73500,0,'W',0,8500,0,'W',0,8500,0,'W',0,4500,0,'W',0,8500,0,'W',0,8500,0,'W',0,13000,0,'W',0,17000,0,'W',0,8500,0,'W',0,4500,0,'W',0,8500,0,'W',0,8500,0,'W',0,8500,0,'W',0,4500,0,'W',0
'1073',70101,71900,0,'E',0,8500,0,'E',0,4500,0,'E',0,8500,0,'E',0,8500,0,'E',0,13000,0,'E',0,17000,0,'E',0,8500,0,'E',0,4500,0,'E',0,8500,0,'E',0,8500,0,'E',0,8500,0,'E',0,4500,0,'E',0,8500,0,'E',0
'1073',70102,73500,0,'W',0,8500,0,'W',0,8500,0,'W',0,4500,0,'W',0,8500,0,'W',0,8500,0,'W',0,13000,0,'W',0,17000,0,'W',0,8500,0,'W',0,4500,0,'W',0,8500,0,'W',0,8500,0,'W',0,8500,0,'W',0,4500,0,'W',0
