'1028',2100,100600,4,'',0,11000,4,'',0,11000,4,'',0,11000,4,'',0,11000,4,'',0,11000,4,'',0,15000,4,'',0,11000,4,'',0,11000,4,'',0
'1028',2101,90000,,'',0,11000,,'',0,11000,,'',0,11000,,'',0,11000,,'',0,11000,,'',0,15000,,'',0,11000,,'',0,11000,,'',0
'1029',2100,62000,4,'',0,10100,4,'',0,11000,4,'',0,11000,4,'',0,16100,4,'',0,4000,4,'',0,8000,4,'',0,8000,4,'',0,4000,4,'',0,8000,4,'',0,8000,4,'',0,4000,4,'',0,8000,4,'',0,8000,4,'',0,4000,4,'',0,8000,4,'',0,10900,4,'',0,11000,4,'',0,11000,4,'',0,15000,4,'',0
'1029',2101,62000,,'',0,11000,,'',0,11000,,'',0,11000,,'',0,8000,,'',0,8000,,'',0,4000,,'',0,8000,,'',0,8000,,'',0,4000,,'',0,8000,,'',0,8000,,'',0,4000,,'',0,8000,,'',0,8000,,'',0,9500,,'',0,2500,,'',0,11000,,'',0,11000,,'',0,15000,,'',0
'1031',2100,62600,4,'',0,7800,4,'',0,4000,4,'',0,8000,4,'',0,8000,4,'',0,4000,4,'',0,8000,4,'',0,8000,4,'',0,4000,4,'',0,8000,4,'',0,8000,4,'',0,4000,4,'',0,8000,4,'',0,8000,4,'',0,4000,4,'',0,8000,4,'',0,8000,4,'',0,4000,4,'',0,8500,4,'',0,2700,4,'',0,15000,4,'',0,11000,4,'',0,12700,4,'',0
'1031',2101,55500,,'',0,7500,,'',0,8000,,'',0,4000,,'',0,8000,,'',0,8000,,'',0,4000,,'',0,8000,,'',0,8000,,'',0,4000,,'',0,8000,,'',0,8000,,'',0,4000,,'',0,8000,,'',0,8000,,'',0,4000,,'',0,8000,,'',0,8000,,'',0,3800,,'',0,11000,,'',0,15000,,'',0,11700,,'',0
'1032',2100,62600,4,'',0,7800,4,'',0,4000,4,'',0,8000,4,'',0,8000,4,'',0,4000,4,'',0,8000,4,'',0,8000,4,'',0,4000,4,'',0,8000,4,'',0,8000,4,'',0,4000,4,'',0,8000,4,'',0,8000,4,'',0,4000,4,'',0,8000,4,'',0,8000,4,'',0,4000,4,'',0,8500,4,'',0,2700,4,'',0,15000,4,'',0,11000,4,'',0,12700,4,'',0
'1032',2101,55500,,'',0,7500,,'',0,8000,,'',0,4000,,'',0,8000,,'',0,8000,,'',0,4000,,'',0,8000,,'',0,8000,,'',0,4000,,'',0,8000,,'',0,8000,,'',0,4000,,'',0,8000,,'',0,8000,,'',0,4000,,'',0,8000,,'',0,8000,,'',0,3800,,'',0,11000,,'',0,15000,,'',0,11700,,'',0
'1033',2100,62600,4,'',0,7800,4,'',0,4000,4,'',0,8000,4,'',0,8000,4,'',0,4000,4,'',0,8000,4,'',0,8000,4,'',0,4000,4,'',0,8000,4,'',0,8000,4,'',0,4000,4,'',0,8000,4,'',0,8000,4,'',0,4000,4,'',0,8000,4,'',0,8000,4,'',0,4000,4,'',0,8500,4,'',0,2700,4,'',0,15000,4,'',0,11000,4,'',0,12700,4,'',0
'1033',2101,55500,,'',0,7500,,'',0,8000,,'',0,4000,,'',0,8000,,'',0,8000,,'',0,4000,,'',0,8000,,'',0,8000,,'',0,4000,,'',0,8000,,'',0,8000,,'',0,4000,,'',0,8000,,'',0,8000,,'',0,4000,,'',0,8000,,'',0,8000,,'',0,3800,,'',0,11000,,'',0,15000,,'',0,11700,,'',0
'1034',2100,62600,4,'',0,7800,4,'',0,4000,4,'',0,8000,4,'',0,8000,4,'',0,4000,4,'',0,8000,4,'',0,8000,4,'',0,4000,4,'',0,8000,4,'',0,8000,4,'',0,4000,4,'',0,8000,4,'',0,8000,4,'',0,4000,4,'',0,8000,4,'',0,8000,4,'',0,4000,4,'',0,8500,4,'',0,2700,4,'',0,15000,4,'',0,11000,4,'',0,12700,4,'',0
'1034',2101,55500,,'',0,7500,,'',0,8000,,'',0,4000,,'',0,8000,,'',0,8000,,'',0,4000,,'',0,8000,,'',0,8000,,'',0,4000,,'',0,8000,,'',0,8000,,'',0,4000,,'',0,8000,,'',0,8000,,'',0,4000,,'',0,8000,,'',0,8000,,'',0,3800,,'',0,11000,,'',0,15000,,'',0,11700,,'',0
'1035',2100,62600,4,'',0,7800,4,'',0,4000,4,'',0,8000,4,'',0,8000,4,'',0,4000,4,'',0,8000,4,'',0,8000,4,'',0,4000,4,'',0,8000,4,'',0,8000,4,'',0,4000,4,'',0,8000,4,'',0,8000,4,'',0,4000,4,'',0,8000,4,'',0,8000,4,'',0,4000,4,'',0,8500,4,'',0,2700,4,'',0,15000,4,'',0,11000,4,'',0,12700,4,'',0
'1035',2101,55500,,'',0,7500,,'',0,8000,,'',0,4000,,'',0,8000,,'',0,8000,,'',0,4000,,'',0,8000,,'',0,8000,,'',0,4000,,'',0,8000,,'',0,8000,,'',0,4000,,'',0,8000,,'',0,8000,,'',0,4000,,'',0,8000,,'',0,8000,,'',0,3800,,'',0,11000,,'',0,15000,,'',0,11700,,'',0
