353503,94997,1,0
353503,94996,2,0
353503,95130,3,0
353503,94772,4,0
353503,95039,5,0
353503,94768,6,0
353503,94767,7,0
353503,95789,8,0
353503,95176,9,0
353503,95075,10,0
353503,95286,11,0
353503,95175,12,0
353503,95319,13,0
353503,95025,14,0
353503,95644,15,0
353503,95158,16,0
353503,95567,17,0
353503,95047,18,0
353503,95366,19,0
353503,95105,20,0
353503,95471,21,0
353503,95059,22,0
353503,94798,23,0
353503,95041,24,0
353503,95745,25,0
353503,95439,26,0
353503,95420,27,0
353503,95732,28,1
353504,95732,1,0
353504,94939,2,0
353504,95440,3,0
353504,95746,4,0
353504,95042,5,0
353504,95058,6,0
353504,95470,7,0
353504,95104,8,0
353504,95365,9,0
353504,95046,10,0
353504,95566,11,0
353504,95157,12,0
353504,95421,13,0
353504,95318,14,0
353504,95174,15,0
353504,95285,16,0
353504,95787,17,0
353504,95788,18,0
353504,95067,19,0
353504,95320,20,0
353504,95040,21,0
353504,94771,22,0
353504,95131,23,0
353504,95545,24,0
353504,95006,25,0
353504,94997,26,1
353601,95985,1,0
353601,95989,2,0
353601,95990,3,0
353601,95991,4,0
353601,95992,5,0
353601,95993,6,0
353601,95988,7,0
353601,94963,8,0
353601,95351,9,0
353601,95748,10,0
353601,95552,11,0
353601,94995,12,0
353601,95817,13,0
353601,95192,14,0
353601,95670,15,0
353601,94891,16,0
353601,95491,17,0
353601,95447,18,0
353601,94900,19,0
353601,95861,20,0
353601,94897,21,0
353601,95714,22,0
353601,94980,23,0
353601,94915,24,0
353601,94872,25,0
353601,95862,26,0
353601,95790,27,0
353601,95734,28,0
353601,94939,29,0
353601,95440,30,0
353601,95746,31,0
353601,95042,32,0
353601,95058,33,0
353601,95470,34,0
353601,95104,35,0
353601,95365,36,0
353601,95046,37,0
353601,95566,38,0
353601,95157,39,0
353601,95421,40,0
353601,95318,41,0
353601,95791,42,0
353601,95302,43,0
353601,95431,44,0
353601,95236,45,0
353601,95445,46,0
353601,95371,47,0
353601,95270,48,0
353601,95228,49,0
353601,94877,50,0
353601,95692,51,0
353601,94888,52,0
353601,94933,53,0
353601,95339,54,0
353601,94927,55,0
353601,94835,56,0
353601,95096,57,0
353601,95541,58,0
353601,95087,59,0
353601,95462,60,0
353601,95390,61,0
353601,95723,62,0
353601,95076,63,0
353601,95624,64,0
353601,94766,65,0
353601,95533,66,0
353601,95221,67,0
353601,95284,68,0
353601,95651,69,0
353601,95653,70,0
353601,94937,71,0
353601,95625,72,0
353601,95645,73,0
353601,95647,74,0
353601,95248,75,0
353601,94826,76,0
353601,95250,77,0
353601,94908,78,0
353601,95488,79,0
353601,95455,80,0
353601,94799,81,0
353601,95627,82,0
353601,95029,83,0
353601,95513,84,0
353601,95728,85,0
353601,95376,86,1
353602,95376,1,0
353602,95054,2,0
353602,95729,3,0
353602,95167,4,0
353602,95350,5,0
353602,95081,6,0
353602,94845,7,0
353602,94774,8,0
353602,95080,9,0
353602,95514,10,0
353602,95030,11,0
353602,95628,12,0
353602,95614,13,0
353602,94800,14,0
353602,95489,15,0
353602,94909,16,0
353602,95251,17,0
353602,94827,18,0
353602,95257,19,0
353602,95648,20,0
353602,95704,21,0
353602,95626,22,0
353602,94938,23,0
353602,95654,24,0
353602,95652,25,0
353602,95208,26,0
353602,95222,27,0
353602,95516,28,0
353602,94807,29,0
353602,95863,30,0
353602,95077,31,0
353602,94875,32,0
353602,95722,33,0
353602,95389,34,0
353602,95461,35,0
353602,95051,36,0
353602,95821,37,0
353602,95792,38,0
353602,95097,39,0
353602,95720,40,0
353602,94926,41,0
353602,95338,42,0
353602,94932,43,0
353602,95169,44,0
353602,95068,45,0
353602,95667,46,0
353602,95027,47,0
353602,95227,48,0
353602,95269,49,0
353602,95151,50,0
353602,94855,51,0
353602,95430,52,0
353602,94787,53,0
353602,95177,54,0
353602,95319,55,0
353602,95025,56,0
353602,95644,57,0
353602,95158,58,0
353602,95567,59,0
353602,95047,60,0
353602,95366,61,0
353602,95105,62,0
353602,95471,63,0
353602,95059,64,0
353602,94798,65,0
353602,95041,66,0
353602,95745,67,0
353602,95439,68,0
353602,95422,69,0
353602,95790,70,0
353602,95733,71,0
353602,94871,72,0
353602,94914,73,0
353602,94979,74,0
353602,95052,75,0
353602,94896,76,0
353602,94984,77,0
353602,94899,78,0
353602,94863,79,0
353602,95490,80,0
353602,94831,81,0
353602,95449,82,0
353602,95193,83,0
353602,95527,84,0
353602,95553,85,0
353602,95551,86,0
353602,95747,87,0
353602,95279,88,0
353602,94962,89,0
353602,95984,90,0
353602,95579,91,0
353602,95483,92,0
353602,95987,93,0
353602,95996,94,0
353602,95997,95,0
353602,95985,96,1
353701,95986,1,0
353701,95989,2,0
353701,95990,3,0
353701,95991,4,0
353701,95994,5,0
353701,95819,6,0
353701,95457,7,0
353701,95706,8,0
353701,95580,9,0
353701,94946,10,0
353701,94870,11,0
353701,95551,12,0
353701,95353,13,0
353701,95538,14,0
353701,95194,15,0
353701,95613,16,0
353701,95493,17,0
353701,94865,18,0
353701,94902,19,0
353701,95331,20,0
353701,95716,21,0
353701,94982,22,0
353701,95204,23,0
353701,94874,24,0
353701,95685,25,0
353701,95424,26,0
353701,95425,27,0
353701,95120,28,0
353701,95322,29,0
353701,95117,30,0
353701,94836,31,0
353701,95304,32,0
353701,95434,33,0
353701,95309,34,0
353701,95153,35,0
353701,95113,36,0
353701,95271,37,0
353701,95000,38,0
353701,95361,39,0
353701,95694,40,0
353701,94813,41,0
353701,95016,42,0
353701,94854,43,0
353701,95610,44,0
353701,95608,45,0
353701,95099,46,0
353701,95543,47,0
353701,95220,48,0
353701,95464,49,0
353701,94992,50,0
353701,95725,51,0
353701,95079,52,0
353701,95480,53,0
353701,95594,54,0
353701,95209,55,0
353701,95683,56,0
353701,95599,57,0
353701,95603,58,0
353701,95200,59,0
353701,95069,60,0
353701,95031,61,0
353701,95752,62,0
353701,94924,63,0
353701,94949,64,0
353701,95520,65,0
353701,95708,66,0
353701,94792,67,0
353701,94794,68,0
353701,94795,69,0
353701,94797,70,0
353701,94925,71,0
353701,95343,72,0
353701,95754,73,0
353701,95215,74,0
353701,95605,75,0
353701,94801,76,0
353701,94811,77,0
353701,94973,78,0
353701,95086,79,0
353701,95283,80,0
353701,95241,81,0
353701,95036,82,0
353701,94757,83,0
353701,95664,84,0
353701,95246,85,0
353701,95681,86,0
353701,95649,87,1
353702,95649,1,0
353702,95247,2,0
353702,94759,3,0
353702,94756,4,0
353702,95253,5,0
353702,95818,6,0
353702,95095,7,0
353702,95085,8,0
353702,94977,9,0
353702,94810,10,0
353702,95282,11,0
353702,95604,12,0
353702,95214,13,0
353702,95753,14,0
353702,95342,15,0
353702,95521,16,0
353702,95307,17,0
353702,94796,18,0
353702,94793,19,0
353702,94791,20,0
353702,94790,21,0
353702,95252,22,0
353702,94922,23,0
353702,94923,24,0
353702,95751,25,0
353702,95317,26,0
353702,95070,27,0
353702,95680,28,0
353702,95602,29,0
353702,95966,30,0
353702,95205,31,0
353702,95172,32,0
353702,95824,33,0
353702,95210,34,0
353702,95500,35,0
353702,95688,36,0
353702,95078,37,0
353702,95724,38,0
353702,94991,39,0
353702,95463,40,0
353702,95219,41,0
353702,95542,42,0
353702,95098,43,0
353702,95607,44,0
353702,95609,45,0
353702,94853,46,0
353702,95015,47,0
353702,95595,48,0
353702,95693,49,0
353702,94999,50,0
353702,94942,51,0
353702,95112,52,0
353702,95152,53,0
353702,95240,54,0
353702,95303,55,0
353702,95289,56,0
353702,95116,57,0
353702,95321,58,0
353702,95119,59,0
353702,95423,60,0
353702,95684,61,0
353702,94873,62,0
353702,95203,63,0
353702,94981,64,0
353702,95715,65,0
353702,94898,66,0
353702,94901,67,0
353702,94864,68,0
353702,95492,69,0
353702,95797,70,0
353702,95450,71,0
353702,95537,72,0
353702,95352,73,0
353702,95458,74,0
353702,94869,75,0
353702,94945,76,0
353702,95577,77,0
353702,95705,78,0
353702,95456,79,0
353702,95233,80,0
353702,95995,81,0
353702,95987,82,0
353702,95996,83,0
353702,95997,84,0
353702,95986,85,1
353801,95985,1,0
353801,94934,2,0
353801,95141,3,0
353801,95295,4,0
353801,95198,5,0
353801,95981,6,0
353801,95199,7,0
353801,94825,8,0
353801,95296,9,0
353801,95297,10,0
353801,95658,11,0
353801,94817,12,0
353801,95391,13,0
353801,94892,14,0
353801,95496,15,0
353801,94866,16,0
353801,94904,17,0
353801,94985,18,0
353801,95643,19,0
353801,95142,20,0
353801,95060,21,0
353801,94965,22,0
353801,95045,23,0
353801,95756,24,0
353801,95204,25,0
353801,94874,26,0
353801,95685,27,0
353801,95746,28,0
353801,95042,29,0
353801,95427,30,0
353801,95122,31,0
353801,95323,32,0
353801,95181,33,0
353801,95305,34,0
353801,95798,35,0
353801,95310,36,0
353801,95154,37,0
353801,95063,38,0
353801,95274,39,0
353801,94944,40,0
353801,95363,41,0
353801,95695,42,0
353801,95597,43,0
353801,95018,44,0
353801,95406,45,0
353801,95091,46,0
353801,95826,47,0
353801,95557,48,0
353801,95502,49,0
353801,94819,50,0
353801,95355,51,0
353801,95633,52,0
353801,94888,53,0
353801,94933,54,0
353801,95339,55,0
353801,94927,56,0
353801,95634,57,0
353801,95827,58,0
353801,95357,59,0
353801,94821,60,0
353801,95504,61,0
353801,95100,62,0
353801,95544,63,0
353801,95088,64,0
353801,95465,65,0
353801,95506,66,0
353801,94823,67,0
353801,95359,68,0
353801,95147,69,0
353801,95636,70,0
353801,94809,71,0
353801,95133,72,0
353801,95479,73,0
353801,95528,74,0
353801,95662,75,0
353801,95134,76,0
353801,95620,77,1
353802,95620,1,0
353802,94928,2,0
353802,94824,3,0
353802,95661,4,0
353802,94857,5,0
353802,95466,6,0
353802,94808,7,0
353802,95635,8,0
353802,95146,9,0
353802,95358,10,0
353802,94822,11,0
353802,95505,12,0
353802,95469,13,0
353802,95089,14,0
353802,94858,15,0
353802,95558,16,0
353802,95503,17,0
353802,94820,18,0
353802,95356,19,0
353802,95825,20,0
353802,95097,21,0
353802,95720,22,0
353802,94926,23,0
353802,95338,24,0
353802,94932,25,0
353802,95632,26,0
353802,95019,27,0
353802,94818,28,0
353802,95501,29,0
353802,95556,30,0
353802,95344,31,0
353802,95090,32,0
353802,95405,33,0
353802,95017,34,0
353802,95596,35,0
353802,95696,36,0
353802,95362,37,0
353802,94943,38,0
353802,95273,39,0
353802,95272,40,0
353802,95372,41,0
353802,95800,42,0
353802,95799,43,0
353802,95290,44,0
353802,95180,45,0
353802,95324,46,0
353802,95730,47,0
353802,95426,48,0
353802,94798,49,0
353802,95041,50,0
353802,95423,51,0
353802,95684,52,0
353802,94873,53,0
353802,95203,54,0
353802,95755,55,0
353802,95482,56,0
353802,94966,57,0
353802,95061,58,0
353802,95143,59,0
353802,95631,60,0
353802,94983,61,0
353802,95332,62,0
353802,94903,63,0
353802,94867,64,0
353802,95495,65,0
353802,94893,66,0
353802,95392,67,0
353802,95195,68,0
353802,95071,69,0
353802,95300,70,0
353802,95111,71,0
353802,95354,72,0
353802,95984,73,0
353802,94964,74,0
353802,94843,75,0
353802,95578,76,0
353802,95611,77,0
353802,95996,78,0
353802,95997,79,0
353802,95985,80,1
353901,95737,1,0
353901,94939,2,0
353901,95440,3,0
353901,95746,4,0
353901,95042,5,0
353901,95058,6,0
353901,95470,7,0
353901,95428,8,0
353901,95123,9,0
353901,95325,10,0
353901,95182,11,0
353901,95306,12,0
353901,95435,13,0
353901,95427,14,0
353901,95122,15,0
353901,95323,16,0
353901,95181,17,0
353901,95305,18,0
353901,95798,19,0
353901,95106,20,0
353901,95436,21,0
353901,95459,22,0
353901,95373,23,0
353901,95417,24,0
353901,95275,25,0
353901,95229,26,0
353901,95313,27,0
353901,95411,28,0
353901,95695,29,0
353901,95597,30,0
353901,95018,31,0
353901,95406,32,0
353901,95091,33,0
353901,95826,34,0
353901,95697,35,0
353901,95598,36,0
353901,95020,37,0
353901,94815,38,0
353901,94930,39,0
353901,95721,40,0
353901,95100,41,0
353901,95544,42,0
353901,95088,43,0
353901,95559,44,0
353901,95345,45,0
353901,95547,46,0
353901,95407,47,0
353901,95757,48,0
353901,94992,49,0
353901,95725,50,0
353901,95079,51,0
353901,95480,52,0
353901,95594,53,0
353901,95209,54,0
353901,95410,55,0
353901,95499,56,0
353901,95038,57,0
353901,95212,58,0
353901,94839,59,0
353901,95073,60,0
353901,95549,61,0
353901,95508,62,0
353901,95245,63,0
353901,94975,64,0
353901,95057,65,0
353901,95076,66,0
353901,95624,67,0
353901,94766,68,0
353901,95533,69,0
353901,95216,70,0
353901,95148,71,0
353901,95127,72,0
353901,94776,73,0
353901,95485,74,0
353901,94950,75,0
353901,95162,76,0
353901,94954,77,0
353901,95531,78,0
353901,94955,79,0
353901,94770,80,0
353901,95218,81,0
353901,94952,82,0
353901,95284,83,0
353901,95651,84,0
353901,95653,85,0
353901,94937,86,0
353901,95625,87,0
353901,95645,88,0
353901,95647,89,0
353901,95248,90,0
353901,94826,91,0
353901,95765,92,0
353901,95164,93,0
353901,95615,94,0
353901,95166,95,0
353901,94769,96,0
353901,95414,97,0
353901,94777,98,0
353901,95335,99,1
353902,95335,1,0
353902,95226,2,0
353902,95256,3,0
353902,95475,4,0
353902,95255,5,0
353902,95081,6,0
353902,94845,7,0
353902,94941,8,0
353902,94846,9,0
353902,95515,10,0
353902,95266,11,0
353902,95254,12,0
353902,95165,13,0
353902,95766,14,0
353902,94827,15,0
353902,95257,16,0
353902,95648,17,0
353902,95704,18,0
353902,95626,19,0
353902,94938,20,0
353902,95654,21,0
353902,95652,22,0
353902,95208,23,0
353902,95535,24,0
353902,94956,25,0
353902,94773,26,0
353902,95129,27,0
353902,95532,28,0
353902,95486,29,0
353902,95139,30,0
353902,94951,31,0
353902,95517,32,0
353902,95264,33,0
353902,95128,34,0
353902,95149,35,0
353902,95217,36,0
353902,95534,37,0
353902,94807,38,0
353902,95863,39,0
353902,95077,40,0
353902,95056,41,0
353902,94974,42,0
353902,95244,43,0
353902,95507,44,0
353902,95548,45,0
353902,95072,46,0
353902,94838,47,0
353902,94758,48,0
353902,95037,49,0
353902,95498,50,0
353902,95409,51,0
353902,95210,52,0
353902,95500,53,0
353902,95688,54,0
353902,95078,55,0
353902,95724,56,0
353902,94991,57,0
353902,95758,58,0
353902,95408,59,0
353902,95682,60,0
353902,95346,61,0
353902,95469,62,0
353902,95089,63,0
353902,94858,64,0
353902,95101,65,0
353902,94931,66,0
353902,94816,67,0
353902,95021,68,0
353902,94814,69,0
353902,95698,70,0
353902,95344,71,0
353902,95090,72,0
353902,95405,73,0
353902,95017,74,0
353902,95596,75,0
353902,95696,76,0
353902,95412,77,0
353902,95364,78,0
353902,95230,79,0
353902,95276,80,0
353902,95114,81,0
353902,95155,82,0
353902,94856,83,0
353902,95416,84,0
353902,95107,85,0
353902,95799,86,0
353902,95290,87,0
353902,95180,88,0
353902,95324,89,0
353902,95730,90,0
353902,95426,91,0
353902,95055,92,0
353902,95291,93,0
353902,95183,94,0
353902,95326,95,0
353902,95731,96,0
353902,95429,97,0
353902,95471,98,0
353902,95059,99,0
353902,94798,100,0
353902,95041,101,0
353902,95745,102,0
353902,95439,103,0
353902,95420,104,0
353902,95737,105,1
354003,95092,1,0
354003,95224,2,0
354003,95375,3,0
354003,94804,4,0
354003,94789,5,0
354003,95189,6,0
354003,95564,7,0
354003,95717,8,0
354003,95380,9,0
354003,95554,10,0
354003,95023,11,0
354003,95368,12,0
354003,95184,13,0
354003,95191,14,0
354003,95012,15,0
354003,95125,16,0
354003,95336,17,0
354003,94849,18,0
354003,95835,19,0
354003,94778,20,0
354003,95398,21,0
354003,95836,22,0
354003,95718,23,0
354003,95034,24,0
354003,95452,25,0
354003,95536,26,0
354003,95589,27,0
354003,94862,28,0
354003,95712,29,0
354003,94948,30,0
354003,95639,31,0
354003,95570,32,0
354003,94957,33,0
354003,95109,34,0
354003,95473,35,0
354003,95062,36,0
354003,95839,37,0
354003,95803,38,0
354003,95762,39,0
354003,95442,40,0
354003,95676,41,0
354003,95739,42,1
354004,95739,1,0
354004,95441,2,0
354004,95761,3,0
354004,95832,4,0
354004,95833,5,0
354004,95834,6,0
354004,94947,7,0
354004,95472,8,0
354004,95108,9,0
354004,95367,10,0
354004,95050,11,0
354004,95571,12,0
354004,95161,13,0
354004,95640,14,0
354004,95711,15,0
354004,95202,16,0
354004,95677,17,0
354004,95477,18,0
354004,95478,19,0
354004,95011,20,0
354004,95035,21,0
354004,95691,22,0
354004,95399,23,0
354004,95388,24,0
354004,95263,25,0
354004,94850,26,0
354004,95337,27,0
354004,95126,28,0
354004,95013,29,0
354004,95190,30,0
354004,94880,31,0
354004,95369,32,0
354004,95022,33,0
354004,95703,34,0
354004,95382,35,0
354004,95185,36,0
354004,94960,37,0
354004,95188,38,0
354004,94940,39,0
354004,94917,40,0
354004,95374,41,0
354004,95196,42,0
354004,95092,43,1
354103,95573,1,0
354103,95170,2,0
354103,95588,3,0
354103,95024,4,0
354103,94911,5,0
354103,94841,6,0
354103,95726,7,0
354103,95258,8,0
354103,95701,9,0
354103,95806,10,0
354103,94788,11,0
354103,95612,12,0
354103,94910,13,0
354103,95074,14,0
354103,94883,15,0
354103,95370,16,0
354103,94812,17,0
354103,95341,18,0
354103,94890,19,0
354103,95243,20,0
354103,95084,21,0
354103,95563,22,0
354103,95617,23,0
354103,95004,24,0
354103,95444,25,0
354103,95138,26,0
354103,95593,27,0
354103,95575,28,0
354103,95669,29,0
354103,95232,30,0
354103,95278,31,0
354103,95690,32,0
354103,95261,33,0
354103,95642,34,0
354103,95855,35,0
354103,95561,36,0
354103,95065,37,0
354103,95572,38,0
354103,95419,39,0
354103,95413,40,0
354103,95512,41,0
354103,95064,42,0
354103,95384,43,0
354103,94921,44,0
354103,95764,45,0
354103,94834,46,0
354103,95856,47,0
354103,95156,48,0
354103,95854,49,0
354103,95438,50,0
354103,95292,51,0
354103,95805,52,0
354103,95124,53,0
354103,95474,54,0
354103,95740,55,1
354104,95740,1,0
354104,95666,2,0
354104,95327,3,0
354104,94837,4,0
354104,95437,5,0
354104,95857,6,0
354104,95460,7,0
354104,95859,8,0
354104,94833,9,0
354104,95763,10,0
354104,94920,11,0
354104,95383,12,0
354104,95063,13,0
354104,95511,14,0
354104,95110,15,0
354104,95418,16,0
354104,95860,17,0
354104,95277,18,0
354104,95066,19,0
354104,95560,20,0
354104,95641,21,0
354104,95260,22,0
354104,95689,23,0
354104,95767,24,0
354104,95231,25,0
354104,95699,26,0
354104,95574,27,0
354104,95592,28,0
354104,95137,29,0
354104,95443,30,0
354104,95003,31,0
354104,95616,32,0
354104,95562,33,0
354104,95083,34,0
354104,95242,35,0
354104,94889,36,0
354104,95340,37,0
354104,95259,38,0
354104,95853,39,0
354104,94882,40,0
354104,95171,41,0
354104,94907,42,0
354104,94859,43,0
354104,94976,44,0
354104,95700,45,0
354104,95807,46,0
354104,95702,47,0
354104,94754,48,0
354104,94785,49,0
354104,95381,50,0
354104,95150,51,0
354104,94876,52,0
354104,95026,53,0
354104,95404,54,0
354104,95808,55,0
354104,95573,56,1
354203,94998,1,0
354203,95811,2,0
354203,95796,3,0
354203,95795,4,0
354203,94972,5,0
354203,95379,6,0
354203,95239,7,0
354203,95237,8,0
354203,95582,9,0
354203,95093,10,0
354203,95163,11,0
354203,95585,12,0
354203,94861,13,0
354203,95606,14,0
354203,95213,15,0
354203,95433,16,0
354203,95268,17,0
354203,95509,18,0
354203,95176,19,0
354203,95075,20,0
354203,95286,21,0
354203,95630,22,0
354203,95629,23,0
354203,95160,24,0
354203,95569,25,0
354203,95049,26,0
354203,95416,27,0
354203,95107,28,0
354203,95799,29,0
354203,95290,30,0
354203,95178,31,0
354203,95044,32,0
354203,95750,33,0
354203,94832,34,0
354203,95115,35,0
354203,95815,36,0
354203,95420,37,0
354203,95735,38,1
354204,95735,1,0
354204,95519,2,0
354204,95666,3,0
354204,95327,4,0
354204,95671,5,0
354204,95749,6,0
354204,95043,7,0
354204,95181,8,0
354204,95305,9,0
354204,95798,10,0
354204,95106,11,0
354204,95415,12,0
354204,95048,13,0
354204,95568,14,0
354204,95159,15,0
354204,95430,16,0
354204,94787,17,0
354204,95174,18,0
354204,95285,19,0
354204,95787,20,0
354204,95788,21,0
354204,95179,22,0
354204,95267,23,0
354204,95432,24,0
354204,95168,25,0
354204,95581,26,0
354204,94860,27,0
354204,95584,28,0
354204,95132,29,0
354204,95586,30,0
354204,95094,31,0
354204,95583,32,0
354204,95238,33,0
354204,95378,34,0
354204,94971,35,0
354204,95550,36,0
354204,95446,37,0
354204,95793,38,0
354204,95794,39,0
354204,95810,40,0
354204,95852,41,0
354204,94998,42,1
354303,95736,1,0
354303,95121,2,0
354303,95812,3,0
354303,95028,4,0
354303,95975,5,0
354303,95968,6,0
354303,95969,7,0
354303,94961,8,0
354303,95980,9,0
354303,95970,10,0
354303,95971,11,0
354303,95974,12,1
354304,95974,1,0
354304,95972,2,0
354304,95973,3,0
354304,95979,4,0
354304,95978,5,0
354304,95977,6,0
354304,95976,7,0
354304,95308,8,0
354304,95814,9,0
354304,95851,10,0
354304,95858,11,0
354304,95736,12,1
354401,95985,1,0
354401,94934,2,0
354401,95141,3,0
354401,95295,4,0
354401,95198,5,0
354401,95981,6,0
354401,95199,7,0
354401,94825,8,0
354401,95296,9,0
354401,95297,10,0
354401,95658,11,0
354401,94817,12,0
354401,95391,13,0
354401,94892,14,0
354401,95496,15,0
354401,94866,16,0
354401,94904,17,0
354401,94985,18,0
354401,95643,19,0
354401,95142,20,0
354401,95060,21,0
354401,94965,22,0
354401,95045,23,0
354401,95756,24,0
354401,95673,25,0
354401,95523,26,0
354401,95524,27,0
354401,95474,28,0
354401,95735,29,1
354402,95735,1,0
354402,95519,2,0
354402,94916,3,0
354402,95522,4,0
354402,95672,5,0
354402,95755,6,0
354402,95482,7,0
354402,94966,8,0
354402,95061,9,0
354402,95143,10,0
354402,95631,11,0
354402,94983,12,0
354402,95332,13,0
354402,94903,14,0
354402,94867,15,0
354402,95495,16,0
354402,94893,17,0
354402,95392,18,0
354402,95195,19,0
354402,95071,20,0
354402,95300,21,0
354402,95111,22,0
354402,95354,23,0
354402,95984,24,0
354402,94964,25,0
354402,94843,26,0
354402,95578,27,0
354402,95611,28,0
354402,95996,29,0
354402,95997,30,0
354402,95985,31,1
354501,95986,1,0
354501,95999,2,0
354501,95347,3,0
354501,94912,4,0
354501,94868,5,0
354501,95655,6,0
354501,95713,7,0
354501,95315,8,0
354501,95866,9,0
354501,94802,10,0
354501,95741,11,0
354501,95841,12,0
354501,95298,13,0
354501,94993,14,0
354501,95657,15,0
354501,95053,16,0
354501,95710,17,0
354501,94906,18,0
354501,95864,19,0
354501,95386,20,0
354501,95118,21,0
354501,95394,22,0
354501,95842,23,0
354501,95587,24,0
354501,95197,25,0
354501,95591,26,0
354501,95092,27,0
354501,95590,28,0
354501,95103,29,0
354501,95288,30,0
354501,95840,31,0
354501,95329,32,0
354501,95838,33,0
354501,95013,34,0
354501,95190,35,0
354501,94881,36,0
354501,95293,37,0
354501,95186,38,0
354501,94998,39,0
354501,95082,40,0
354501,95007,41,0
354501,94755,42,0
354501,95837,43,0
354501,95187,44,0
354501,95816,45,0
354501,95287,46,0
354501,94760,47,0
354501,94761,48,0
354501,95555,49,1
354502,95555,1,0
354502,94788,2,0
354502,95612,3,0
354502,94910,4,0
354502,95074,5,0
354502,95668,6,0
354502,95843,7,0
354502,95743,8,0
354502,95008,9,0
354502,95540,10,0
354502,94780,11,0
354502,94779,12,0
354502,94997,13,0
354502,95225,14,0
354502,95294,15,0
354502,95184,16,0
354502,95191,17,0
354502,95014,18,0
354502,95844,19,0
354502,95328,20,0
354502,95845,21,0
354502,95010,22,0
354502,95591,23,0
354502,95092,24,0
354502,95590,25,0
354502,95102,26,0
354502,95481,27,0
354502,95850,28,0
354502,95395,29,0
354502,95849,30,0
354502,95385,31,0
354502,95848,32,0
354502,94905,33,0
354502,95709,34,0
354502,95650,35,0
354502,95804,36,0
354502,94994,37,0
354502,95299,38,0
354502,95847,39,0
354502,95742,40,0
354502,94803,41,0
354502,95316,42,0
354502,95846,43,0
354502,95713,44,0
354502,95656,45,0
354502,94830,46,0
354502,94913,47,0
354502,94935,48,0
354502,95998,49,0
354502,95986,50,1
354603,95092,1,0
354603,95590,2,0
354603,94879,3,0
354603,95822,4,0
354603,94848,5,0
354603,94936,6,0
354603,95262,7,0
354603,95497,8,0
354603,94895,9,0
354603,95136,10,0
354603,95393,11,0
354603,94894,12,0
354603,95600,13,0
354603,95312,14,0
354603,94988,15,0
354603,95009,16,0
354603,95032,17,0
354603,95397,18,0
354603,94764,19,0
354603,95402,20,0
354603,94763,21,0
354603,94828,22,0
354603,95659,23,0
354603,94986,24,0
354603,95820,25,0
354603,95637,26,0
354603,95453,27,0
354603,95618,28,0
354603,95144,29,0
354603,94805,30,0
354603,94967,31,0
354603,95529,32,0
354603,95759,33,0
354603,95831,34,0
354603,95674,35,0
354603,95525,36,0
354603,95333,37,0
354603,95400,38,0
354603,95524,39,0
354603,95738,40,1
354604,95738,1,0
354604,94916,2,0
354604,95401,3,0
354604,95334,4,0
354604,95526,5,0
354604,95675,6,0
354604,95823,7,0
354604,95760,8,0
354604,95530,9,0
354604,94968,10,0
354604,94806,11,0
354604,95145,12,0
354604,95619,13,0
354604,95454,14,0
354604,95638,15,0
354604,95311,16,0
354604,94987,17,0
354604,95660,18,0
354604,94829,19,0
354604,94762,20,0
354604,95403,21,0
354604,94765,22,0
354604,95396,23,0
354604,95033,24,0
354604,95234,25,0
354604,95135,26,0
354604,95387,27,0
354604,95510,28,0
354604,94847,29,0
354604,95539,30,0
354604,94878,31,0
354604,94781,32,0
354604,95686,33,0
354604,95687,34,0
354604,95360,35,0
354604,94978,36,0
354604,95196,37,0
354604,95092,38,1
354703,95649,1,0
354703,95247,2,0
354703,95249,3,0
354703,94990,4,0
354703,95349,5,0
354703,95785,6,0
354703,94959,7,0
354703,95784,8,0
354703,95281,9,0
354703,95451,10,0
354703,94852,11,0
354703,94840,12,0
354703,95207,13,0
354703,95280,14,0
354703,94919,15,0
354703,95005,16,0
354703,95518,17,0
354703,95206,18,0
354703,95781,19,0
354703,95780,20,0
354703,95779,21,0
354703,95778,22,0
354703,95777,23,0
354703,95140,24,0
354703,95719,25,0
354703,95201,26,0
354703,95476,27,0
354703,95707,28,0
354703,95744,29,0
354703,95601,30,0
354703,95036,31,0
354703,94757,32,0
354703,95664,33,0
354703,95246,34,0
354703,95681,35,0
354703,95646,36,1
354704,95646,1,0
354704,95248,2,0
354704,94826,3,0
354704,95765,4,0
354704,95164,5,0
354704,95265,6,0
354704,95769,7,0
354704,95770,8,0
354704,95771,9,0
354704,95772,10,0
354704,95773,11,0
354704,95774,12,0
354704,95776,13,0
354704,95775,14,0
354704,95621,15,0
354704,95622,16,0
354704,95487,17,0
354704,95665,18,0
354704,95679,19,0
354704,94958,20,0
354704,95782,21,0
354704,95809,22,0
354704,94989,23,0
354704,95330,24,0
354704,95681,25,0
354704,95649,26,1
358301,95912,1,0
358301,95913,2,0
358301,95914,3,0
358301,95915,4,0
358301,95916,5,0
358301,95917,6,0
358301,95918,7,0
358301,95919,8,0
358301,95920,9,0
358301,95921,10,0
358301,95922,11,0
358301,95923,12,0
358301,95924,13,0
358301,95925,14,0
358301,95926,15,0
358301,95927,16,0
358301,95928,17,0
358301,95929,18,0
358301,95930,19,0
358301,95931,20,0
358301,95932,21,0
358301,95933,22,0
358301,95934,23,0
358301,95935,24,0
358301,95983,25,0
358301,95895,26,0
358301,95896,27,0
358301,95897,28,0
358301,95898,29,0
358301,95899,30,0
358301,95936,31,0
358301,95937,32,0
358301,95938,33,0
358301,95939,34,0
358301,95940,35,0
358301,95941,36,0
358301,94993,37,0
358301,95942,38,0
358301,95943,39,0
358301,95944,40,0
358301,95945,41,0
358301,95946,42,0
358301,95947,43,0
358301,95948,44,0
358301,95949,45,0
358301,95950,46,0
358301,95951,47,0
358301,95952,48,0
358301,95953,49,0
358301,95954,50,0
358301,95955,51,0
358301,95956,52,0
358301,95957,53,0
358301,95958,54,0
358301,95959,55,0
358301,95960,56,0
358301,95092,57,1
358302,95092,1,0
358302,95868,2,0
358302,95869,3,0
358302,95870,4,0
358302,95871,5,0
358302,95872,6,0
358302,95873,7,0
358302,95874,8,0
358302,95875,9,0
358302,95876,10,0
358302,95877,11,0
358302,95878,12,0
358302,95879,13,0
358302,95880,14,0
358302,95881,15,0
358302,95882,16,0
358302,95883,17,0
358302,95884,18,0
358302,95885,19,0
358302,95886,20,0
358302,95887,21,0
358302,94994,22,0
358302,95888,23,0
358302,95889,24,0
358302,95890,25,0
358302,95891,26,0
358302,95892,27,0
358302,95893,28,0
358302,95894,29,0
358302,95983,30,0
358302,95895,31,0
358302,95896,32,0
358302,95897,33,0
358302,95898,34,0
358302,95899,35,0
358302,95900,36,0
358302,95901,37,0
358302,95902,38,0
358302,95903,39,0
358302,95904,40,0
358302,95905,41,0
358302,95906,42,0
358302,95907,43,0
358302,95908,44,0
358302,95909,45,0
358302,95910,46,0
358302,95911,47,0
358302,95912,48,1
358403,96002,1,0
358403,96001,2,0
358403,96000,3,0
358403,95092,4,1
358404,95092,1,0
358404,96000,2,0
358404,96001,3,0
358404,96002,4,1
358501,95620,1,0
358501,95801,2,0
358501,95001,3,0
358501,95223,4,0
358501,95002,5,0
358501,94775,6,0
358501,94929,7,0
358501,95802,8,0
358501,94782,9,0
358501,94783,10,0
358501,94784,11,0
358501,95467,12,0
358501,94786,13,0
358501,95829,14,0
358501,95830,15,0
358501,95211,16,0
358501,94953,17,0
358501,95663,18,0
358501,95468,19,0
358501,95982,20,0
358501,95828,21,1
