'893',463600,93100,0,'605',0,48000,0,'605',0,41500,0,'605',0
'894',463600,80100,0,'605',0,63000,0,'605',0,47000,0,'605',0
'895',463600,93100,0,'605',0,48000,0,'605',0,41500,0,'605',0
'896',463600,70100,0,'605',0,73000,0,'605',0,47000,0,'605',0
'897',463600,70100,0,'605',0,73000,0,'605',0,47000,0,'605',0
'898',463600,70100,0,'605',0,73000,0,'605',0,47000,0,'605',0
'899',463600,70100,0,'605',0,73000,0,'605',0,47000,0,'605',0
'900',463600,70100,0,'605',0,73000,0,'605',0,47000,0,'605',0
'901',463600,93100,0,'605',0,48000,0,'605',0,41500,0,'605',0
'902',463600,100100,0,'605',0,30000,0,'605',0,30000,0,'605',0
'903',463600,93100,0,'605',0,48000,0,'605',0,41500,0,'605',0
