'920',70101,72100,0,'E',0,13000,0,'E',0,17000,0,'E',0,13000,0,'E',0,17000,0,'E',0,13000,0,'E',0,17000,0,'E',0,13000,0,'E',0
'920',70102,82200,0,'W',0,13000,0,'W',0,17000,0,'W',0,13000,0,'W',0,17000,0,'W',0,13000,0,'W',0,17000,0,'W',0,13000,0,'W',0
'922',70101,72100,0,'E',0,8500,0,'E',0,4500,0,'E',0,8500,0,'E',0,8500,0,'E',0,13000,0,'E',0,17000,0,'E',0,8500,0,'E',0,4500,0,'E',0,8500,0,'E',0,8500,0,'E',0,8500,0,'E',0,4500,0,'E',0,8500,0,'E',0
'922',70102,73700,0,'W',0,8500,0,'W',0,8500,0,'W',0,4500,0,'W',0,8500,0,'W',0,8500,0,'W',0,13000,0,'W',0,17000,0,'W',0,8500,0,'W',0,4500,0,'W',0,8500,0,'W',0,8500,0,'W',0,8500,0,'W',0,4500,0,'W',0
'923',70101,72100,0,'E',0,8500,0,'E',0,4500,0,'E',0,8500,0,'E',0,8500,0,'E',0,13000,0,'E',0,17000,0,'E',0,8500,0,'E',0,4500,0,'E',0,8500,0,'E',0,8500,0,'E',0,8500,0,'E',0,4500,0,'E',0,8500,0,'E',0
'923',70102,73700,0,'W',0,8500,0,'W',0,8500,0,'W',0,4500,0,'W',0,8500,0,'W',0,8500,0,'W',0,13000,0,'W',0,17000,0,'W',0,8500,0,'W',0,4500,0,'W',0,8500,0,'W',0,8500,0,'W',0,8500,0,'W',0,4500,0,'W',0
'924',70101,72100,0,'E',0,8500,0,'E',0,4500,0,'E',0,8500,0,'E',0,8500,0,'E',0,13000,0,'E',0,17000,0,'E',0,8500,0,'E',0,4500,0,'E',0,8500,0,'E',0,8500,0,'E',0,8500,0,'E',0,4500,0,'E',0,8500,0,'E',0
'924',70102,73700,0,'W',0,8500,0,'W',0,8500,0,'W',0,4500,0,'W',0,8500,0,'W',0,8500,0,'W',0,13000,0,'W',0,17000,0,'W',0,8500,0,'W',0,4500,0,'W',0,8500,0,'W',0,8500,0,'W',0,8500,0,'W',0,4500,0,'W',0
'925',70101,72100,0,'E',0,8500,0,'E',0,4500,0,'E',0,8500,0,'E',0,8500,0,'E',0,13000,0,'E',0,17000,0,'E',0,8500,0,'E',0,4500,0,'E',0,8500,0,'E',0,8500,0,'E',0,8500,0,'E',0,4500,0,'E',0,8500,0,'E',0
'925',70102,73700,0,'W',0,8500,0,'W',0,8500,0,'W',0,4500,0,'W',0,8500,0,'W',0,8500,0,'W',0,13000,0,'W',0,17000,0,'W',0,8500,0,'W',0,4500,0,'W',0,8500,0,'W',0,8500,0,'W',0,8500,0,'W',0,4500,0,'W',0
'926',70101,72100,0,'E',0,8500,0,'E',0,4500,0,'E',0,8500,0,'E',0,8500,0,'E',0,13000,0,'E',0,17000,0,'E',0,8500,0,'E',0,4500,0,'E',0,8500,0,'E',0,8500,0,'E',0,8500,0,'E',0,4500,0,'E',0,8500,0,'E',0
'926',70102,73700,0,'W',0,8500,0,'W',0,8500,0,'W',0,4500,0,'W',0,8500,0,'W',0,8500,0,'W',0,13000,0,'W',0,17000,0,'W',0,8500,0,'W',0,4500,0,'W',0,8500,0,'W',0,8500,0,'W',0,8500,0,'W',0,4500,0,'W',0
