'983',1800,75600,4,'',0,10000,4,'',0,10000,4,'',0,8000,4,'',0,8000,4,'',0,8500,4,'',0,4000,4,'',0,8000,4,'',0,8000,4,'',0,4000,4,'',0,8000,4,'',0,8000,4,'',0,4000,4,'',0,8000,4,'',0,8000,4,'',0,4000,4,'',0,8000,4,'',0,8000,4,'',0
'983',1801,70000,,'',0,10000,,'',0,10000,,'',0,10500,,'',0,4000,,'',0,8000,,'',0,8000,,'',0,4000,,'',0,8000,,'',0,8000,,'',0,4000,,'',0,8000,,'',0,8000,,'',0,4000,,'',0,8000,,'',0,8000,,'',0,4000,,'',0,8000,,'',0
'984',1800,61500,4,'',0,8500,4,'',0,3000,4,'',0,7000,4,'',0,3000,4,'',0,7000,4,'',0,3000,4,'',0,7000,4,'',0,3000,4,'',0,7000,4,'',0,2000,4,'',0,2000,4,'',0,6000,4,'',0,2000,4,'',0,2000,4,'',0,6000,4,'',0,2000,4,'',0,2000,4,'',0,6000,4,'',0,2000,4,'',0,2000,4,'',0,6000,4,'',0,2000,4,'',0,2000,4,'',0,6000,4,'',0,2000,4,'',0,2000,4,'',0,6000,4,'',0,2000,4,'',0,2000,4,'',0,6000,4,'',0,2000,4,'',0,2000,4,'',0,6000,4,'',0,3000,4,'',0,7000,4,'',0,3000,4,'',0,7000,4,'',0,3000,4,'',0,7000,4,'',0,3000,4,'',0,7000,4,'',0,3000,4,'',0,7000,4,'',0,3000,4,'',0,7000,4,'',0,3000,4,'',0
'984',1801,53500,,'',0,7000,,'',0,3000,,'',0,7000,,'',0,3000,,'',0,7000,,'',0,3000,,'',0,7000,,'',0,3000,,'',0,7000,,'',0,2000,,'',0,2000,,'',0,6000,,'',0,2000,,'',0,2000,,'',0,6000,,'',0,2000,,'',0,2000,,'',0,6000,,'',0,2000,,'',0,2000,,'',0,6000,,'',0,2000,,'',0,2000,,'',0,6000,,'',0,2000,,'',0,2000,,'',0,6000,,'',0,2000,,'',0,2000,,'',0,6000,,'',0,2000,,'',0,2000,,'',0,6000,,'',0,3500,,'',0,6500,,'',0,3000,,'',0,7000,,'',0,3000,,'',0,7000,,'',0,3000,,'',0,7000,,'',0,3000,,'',0,7000,,'',0,3000,,'',0,7000,,'',0,3000,,'',0
'985',1800,75600,4,'',0,10000,4,'',0,10000,4,'',0,8000,4,'',0,8000,4,'',0,8500,4,'',0,4000,4,'',0,8000,4,'',0,8000,4,'',0,4000,4,'',0,8000,4,'',0,8000,4,'',0,4000,4,'',0,8000,4,'',0,8000,4,'',0,4000,4,'',0,8000,4,'',0,8000,4,'',0
'985',1801,70000,,'',0,10000,,'',0,10000,,'',0,10500,,'',0,4000,,'',0,8000,,'',0,8000,,'',0,4000,,'',0,8000,,'',0,8000,,'',0,4000,,'',0,8000,,'',0,8000,,'',0,4000,,'',0,8000,,'',0,8000,,'',0,4000,,'',0,8000,,'',0
'986',1800,61800,4,'',0,3500,4,'',0,6000,4,'',0,1500,4,'',0,1500,4,'',0,1500,4,'',0,5500,4,'',0,1000,4,'',0,1000,4,'',0,1000,4,'',0,1000,4,'',0,5000,4,'',0,1000,4,'',0,400,4,'',0,1500,4,'',0,1500,4,'',0,5500,4,'',0,1500,4,'',0,1500,4,'',0,1500,4,'',0,5300,4,'',0,1500,4,'',0,1500,4,'',0,1500,4,'',0,5500,4,'',0,1500,4,'',0,1500,4,'',0,1500,4,'',0,5500,4,'',0,1500,4,'',0,1500,4,'',0,1500,4,'',0,6500,4,'',0,2000,4,'',0,1500,4,'',0,5500,4,'',0,1500,4,'',0,1000,4,'',0,1000,4,'',0,1000,4,'',0,1000,4,'',0,5000,4,'',0,1000,4,'',0,1000,4,'',0,1000,4,'',0,1000,4,'',0,1000,4,'',0,5000,4,'',0,1000,4,'',0,1000,4,'',0,1000,4,'',0,1000,4,'',0,1000,4,'',0,5000,4,'',0,1000,4,'',0,1500,4,'',0,1500,4,'',0,5600,4,'',0,3000,4,'',0,7000,4,'',0,3000,4,'',0,7000,4,'',0,3000,4,'',0,7000,4,'',0,3000,4,'',0,7000,4,'',0,3000,4,'',0,7000,4,'',0,3000,4,'',0,7000,4,'',0,3000,4,'',0
'986',1801,53300,,'',0,7000,,'',0,1500,,'',0,1500,,'',0,1500,,'',0,5500,,'',0,1000,,'',0,1000,,'',0,1000,,'',0,1000,,'',0,1000,,'',0,5000,,'',0,1500,,'',0,1500,,'',0,1500,,'',0,5500,,'',0,1500,,'',0,1500,,'',0,1500,,'',0,5500,,'',0,1500,,'',0,1500,,'',0,1500,,'',0,5500,,'',0,1500,,'',0,1500,,'',0,1500,,'',0,5500,,'',0,1500,,'',0,1500,,'',0,1500,,'',0,5500,,'',0,1700,,'',0,1500,,'',0,1500,,'',0,5500,,'',0,1000,,'',0,1000,,'',0,1000,,'',0,1000,,'',0,1000,,'',0,5000,,'',0,1000,,'',0,1000,,'',0,1000,,'',0,1000,,'',0,1000,,'',0,5000,,'',0,1000,,'',0,1000,,'',0,1000,,'',0,1000,,'',0,1000,,'',0,5000,,'',0,1500,,'',0,1500,,'',0,1500,,'',0,5400,,'',0,3000,,'',0,7000,,'',0,3000,,'',0,7000,,'',0,3000,,'',0,7000,,'',0,3000,,'',0,7000,,'',0,3000,,'',0,7000,,'',0,3000,,'',0,7000,,'',0,3000,,'',0
'987',1800,61800,4,'',0,3500,4,'',0,6000,4,'',0,1500,4,'',0,1500,4,'',0,1500,4,'',0,5500,4,'',0,1000,4,'',0,1000,4,'',0,1000,4,'',0,1000,4,'',0,5000,4,'',0,1000,4,'',0,400,4,'',0,1500,4,'',0,1500,4,'',0,5500,4,'',0,1500,4,'',0,1500,4,'',0,1500,4,'',0,5300,4,'',0,1500,4,'',0,1500,4,'',0,1500,4,'',0,5500,4,'',0,1500,4,'',0,1500,4,'',0,1500,4,'',0,5500,4,'',0,1500,4,'',0,1500,4,'',0,1500,4,'',0,6500,4,'',0,2000,4,'',0,1500,4,'',0,5500,4,'',0,1500,4,'',0,1000,4,'',0,1000,4,'',0,1000,4,'',0,1000,4,'',0,5000,4,'',0,1000,4,'',0,1000,4,'',0,1000,4,'',0,1000,4,'',0,1000,4,'',0,5000,4,'',0,1000,4,'',0,1000,4,'',0,1000,4,'',0,1000,4,'',0,1000,4,'',0,5000,4,'',0,1000,4,'',0,1500,4,'',0,1500,4,'',0,5600,4,'',0,3000,4,'',0,7000,4,'',0,3000,4,'',0,7000,4,'',0,3000,4,'',0,7000,4,'',0,3000,4,'',0,7000,4,'',0,3000,4,'',0,7000,4,'',0,3000,4,'',0,7000,4,'',0,3000,4,'',0
'987',1801,53300,,'',0,7000,,'',0,1500,,'',0,1500,,'',0,1500,,'',0,5500,,'',0,1000,,'',0,1000,,'',0,1000,,'',0,1000,,'',0,1000,,'',0,5000,,'',0,1500,,'',0,1500,,'',0,1500,,'',0,5500,,'',0,1500,,'',0,1500,,'',0,1500,,'',0,5500,,'',0,1500,,'',0,1500,,'',0,1500,,'',0,5500,,'',0,1500,,'',0,1500,,'',0,1500,,'',0,5500,,'',0,1500,,'',0,1500,,'',0,1500,,'',0,5500,,'',0,1700,,'',0,1500,,'',0,1500,,'',0,5500,,'',0,1000,,'',0,1000,,'',0,1000,,'',0,1000,,'',0,1000,,'',0,5000,,'',0,1000,,'',0,1000,,'',0,1000,,'',0,1000,,'',0,1000,,'',0,5000,,'',0,1000,,'',0,1000,,'',0,1000,,'',0,1000,,'',0,1000,,'',0,5000,,'',0,1500,,'',0,1500,,'',0,1500,,'',0,5400,,'',0,3000,,'',0,7000,,'',0,3000,,'',0,7000,,'',0,3000,,'',0,7000,,'',0,3000,,'',0,7000,,'',0,3000,,'',0,7000,,'',0,3000,,'',0,7000,,'',0,3000,,'',0
'988',1800,61800,4,'',0,3500,4,'',0,6000,4,'',0,1500,4,'',0,1500,4,'',0,1500,4,'',0,5500,4,'',0,1000,4,'',0,1000,4,'',0,1000,4,'',0,1000,4,'',0,5000,4,'',0,1000,4,'',0,400,4,'',0,1500,4,'',0,1500,4,'',0,5500,4,'',0,1500,4,'',0,1500,4,'',0,1500,4,'',0,5300,4,'',0,1500,4,'',0,1500,4,'',0,1500,4,'',0,5500,4,'',0,1500,4,'',0,1500,4,'',0,1500,4,'',0,5500,4,'',0,1500,4,'',0,1500,4,'',0,1500,4,'',0,6500,4,'',0,2000,4,'',0,1500,4,'',0,5500,4,'',0,1500,4,'',0,1000,4,'',0,1000,4,'',0,1000,4,'',0,1000,4,'',0,5000,4,'',0,1000,4,'',0,1000,4,'',0,1000,4,'',0,1000,4,'',0,1000,4,'',0,5000,4,'',0,1000,4,'',0,1000,4,'',0,1000,4,'',0,1000,4,'',0,1000,4,'',0,5000,4,'',0,1000,4,'',0,1500,4,'',0,1500,4,'',0,5600,4,'',0,3000,4,'',0,7000,4,'',0,3000,4,'',0,7000,4,'',0,3000,4,'',0,7000,4,'',0,3000,4,'',0,7000,4,'',0,3000,4,'',0,7000,4,'',0,3000,4,'',0,7000,4,'',0,3000,4,'',0
'988',1801,53300,,'',0,7000,,'',0,1500,,'',0,1500,,'',0,1500,,'',0,5500,,'',0,1000,,'',0,1000,,'',0,1000,,'',0,1000,,'',0,1000,,'',0,5000,,'',0,1500,,'',0,1500,,'',0,1500,,'',0,5500,,'',0,1500,,'',0,1500,,'',0,1500,,'',0,5500,,'',0,1500,,'',0,1500,,'',0,1500,,'',0,5500,,'',0,1500,,'',0,1500,,'',0,1500,,'',0,5500,,'',0,1500,,'',0,1500,,'',0,1500,,'',0,5500,,'',0,1700,,'',0,1500,,'',0,1500,,'',0,5500,,'',0,1000,,'',0,1000,,'',0,1000,,'',0,1000,,'',0,1000,,'',0,5000,,'',0,1000,,'',0,1000,,'',0,1000,,'',0,1000,,'',0,1000,,'',0,5000,,'',0,1000,,'',0,1000,,'',0,1000,,'',0,1000,,'',0,1000,,'',0,5000,,'',0,1500,,'',0,1500,,'',0,1500,,'',0,5400,,'',0,3000,,'',0,7000,,'',0,3000,,'',0,7000,,'',0,3000,,'',0,7000,,'',0,3000,,'',0,7000,,'',0,3000,,'',0,7000,,'',0,3000,,'',0,7000,,'',0,3000,,'',0
'989',1800,61800,4,'',0,3500,4,'',0,6000,4,'',0,1500,4,'',0,1500,4,'',0,1500,4,'',0,5500,4,'',0,1000,4,'',0,1000,4,'',0,1000,4,'',0,1000,4,'',0,5000,4,'',0,1000,4,'',0,400,4,'',0,1500,4,'',0,1500,4,'',0,5500,4,'',0,1500,4,'',0,1500,4,'',0,1500,4,'',0,5300,4,'',0,1500,4,'',0,1500,4,'',0,1500,4,'',0,5500,4,'',0,1500,4,'',0,1500,4,'',0,1500,4,'',0,5500,4,'',0,1500,4,'',0,1500,4,'',0,1500,4,'',0,6500,4,'',0,2000,4,'',0,1500,4,'',0,5500,4,'',0,1500,4,'',0,1000,4,'',0,1000,4,'',0,1000,4,'',0,1000,4,'',0,5000,4,'',0,1000,4,'',0,1000,4,'',0,1000,4,'',0,1000,4,'',0,1000,4,'',0,5000,4,'',0,1000,4,'',0,1000,4,'',0,1000,4,'',0,1000,4,'',0,1000,4,'',0,5000,4,'',0,1000,4,'',0,1500,4,'',0,1500,4,'',0,5600,4,'',0,3000,4,'',0,7000,4,'',0,3000,4,'',0,7000,4,'',0,3000,4,'',0,7000,4,'',0,3000,4,'',0,7000,4,'',0,3000,4,'',0,7000,4,'',0,3000,4,'',0,7000,4,'',0,3000,4,'',0
'989',1801,53300,,'',0,7000,,'',0,1500,,'',0,1500,,'',0,1500,,'',0,5500,,'',0,1000,,'',0,1000,,'',0,1000,,'',0,1000,,'',0,1000,,'',0,5000,,'',0,1500,,'',0,1500,,'',0,1500,,'',0,5500,,'',0,1500,,'',0,1500,,'',0,1500,,'',0,5500,,'',0,1500,,'',0,1500,,'',0,1500,,'',0,5500,,'',0,1500,,'',0,1500,,'',0,1500,,'',0,5500,,'',0,1500,,'',0,1500,,'',0,1500,,'',0,5500,,'',0,1700,,'',0,1500,,'',0,1500,,'',0,5500,,'',0,1000,,'',0,1000,,'',0,1000,,'',0,1000,,'',0,1000,,'',0,5000,,'',0,1000,,'',0,1000,,'',0,1000,,'',0,1000,,'',0,1000,,'',0,5000,,'',0,1000,,'',0,1000,,'',0,1000,,'',0,1000,,'',0,1000,,'',0,5000,,'',0,1500,,'',0,1500,,'',0,1500,,'',0,5400,,'',0,3000,,'',0,7000,,'',0,3000,,'',0,7000,,'',0,3000,,'',0,7000,,'',0,3000,,'',0,7000,,'',0,3000,,'',0,7000,,'',0,3000,,'',0,7000,,'',0,3000,,'',0
'990',1800,61800,4,'',0,3500,4,'',0,6000,4,'',0,1500,4,'',0,1500,4,'',0,1500,4,'',0,5500,4,'',0,1000,4,'',0,1000,4,'',0,1000,4,'',0,1000,4,'',0,5000,4,'',0,1000,4,'',0,400,4,'',0,1500,4,'',0,1500,4,'',0,5500,4,'',0,1500,4,'',0,1500,4,'',0,1500,4,'',0,5300,4,'',0,1500,4,'',0,1500,4,'',0,1500,4,'',0,5500,4,'',0,1500,4,'',0,1500,4,'',0,1500,4,'',0,5500,4,'',0,1500,4,'',0,1500,4,'',0,1500,4,'',0,6500,4,'',0,2000,4,'',0,1500,4,'',0,5500,4,'',0,1500,4,'',0,1000,4,'',0,1000,4,'',0,1000,4,'',0,1000,4,'',0,5000,4,'',0,1000,4,'',0,1000,4,'',0,1000,4,'',0,1000,4,'',0,1000,4,'',0,5000,4,'',0,1000,4,'',0,1000,4,'',0,1000,4,'',0,1000,4,'',0,1000,4,'',0,5000,4,'',0,1000,4,'',0,1500,4,'',0,1500,4,'',0,5600,4,'',0,3000,4,'',0,7000,4,'',0,3000,4,'',0,7000,4,'',0,3000,4,'',0,7000,4,'',0,3000,4,'',0,7000,4,'',0,3000,4,'',0,7000,4,'',0,3000,4,'',0,7000,4,'',0,3000,4,'',0
'990',1801,53300,,'',0,7000,,'',0,1500,,'',0,1500,,'',0,1500,,'',0,5500,,'',0,1000,,'',0,1000,,'',0,1000,,'',0,1000,,'',0,1000,,'',0,5000,,'',0,1500,,'',0,1500,,'',0,1500,,'',0,5500,,'',0,1500,,'',0,1500,,'',0,1500,,'',0,5500,,'',0,1500,,'',0,1500,,'',0,1500,,'',0,5500,,'',0,1500,,'',0,1500,,'',0,1500,,'',0,5500,,'',0,1500,,'',0,1500,,'',0,1500,,'',0,5500,,'',0,1700,,'',0,1500,,'',0,1500,,'',0,5500,,'',0,1000,,'',0,1000,,'',0,1000,,'',0,1000,,'',0,1000,,'',0,5000,,'',0,1000,,'',0,1000,,'',0,1000,,'',0,1000,,'',0,1000,,'',0,5000,,'',0,1000,,'',0,1000,,'',0,1000,,'',0,1000,,'',0,1000,,'',0,5000,,'',0,1500,,'',0,1500,,'',0,1500,,'',0,5400,,'',0,3000,,'',0,7000,,'',0,3000,,'',0,7000,,'',0,3000,,'',0,7000,,'',0,3000,,'',0,7000,,'',0,3000,,'',0,7000,,'',0,3000,,'',0,7000,,'',0,3000,,'',0
'984',2601,71500,0,'EB',0,9000,0,'EB',0,5000,0,'EB',0,9000,0,'EB',0,9000,0,'EB',0,9000,0,'EB',0,9000,0,'EB',0,9000,0,'EB',0,5000,0,'EB',0,9000,0,'EB',0,9000,0,'EB',0,9000,0,'EB',0,9000,0,'EB',0,9000,0,'EB',0,5000,0,'EB',0
'984',2602,80500,4,'',0,5000,4,'',0,9000,4,'',0,9000,4,'',0,9000,4,'',0,9000,4,'',0,9000,4,'',0,5000,4,'',0,9000,4,'',0,9000,4,'',0,9000,4,'',0,9000,4,'',0,9000,4,'',0,5000,4,'',0,9000,4,'',0
'986',2601,71500,0,'EB',0,3000,0,'EB',0,7000,0,'EB',0,3000,0,'EB',0,7000,0,'EB',0,3000,0,'EB',0,7000,0,'EB',0,3000,0,'EB',0,7000,0,'EB',0,3000,0,'EB',0,7000,0,'EB',0,3000,0,'EB',0,7000,0,'EB',0,3000,0,'EB',0,7000,0,'EB',0,3000,0,'EB',0,7000,0,'EB',0,3000,0,'EB',0,7000,0,'EB',0,3000,0,'EB',0,7000,0,'EB',0,3000,0,'EB',0,7000,0,'EB',0,3000,0,'EB',0
'986',2602,80900,4,'',0,3000,4,'',0,7000,4,'',0,3000,4,'',0,7000,4,'',0,3000,4,'',0,7000,4,'',0,3000,4,'',0,7000,4,'',0,3000,4,'',0,7000,4,'',0,3000,4,'',0,7000,4,'',0,3000,4,'',0,7000,4,'',0,3000,4,'',0,7000,4,'',0,3000,4,'',0,7000,4,'',0,3000,4,'',0,7000,4,'',0,3000,4,'',0,7000,4,'',0,3000,4,'',0
'987',2601,71500,0,'EB',0,3000,0,'EB',0,7000,0,'EB',0,3000,0,'EB',0,7000,0,'EB',0,3000,0,'EB',0,7000,0,'EB',0,3000,0,'EB',0,7000,0,'EB',0,3000,0,'EB',0,7000,0,'EB',0,3000,0,'EB',0,7000,0,'EB',0,3000,0,'EB',0,7000,0,'EB',0,3000,0,'EB',0,7000,0,'EB',0,3000,0,'EB',0,7000,0,'EB',0,3000,0,'EB',0,7000,0,'EB',0,3000,0,'EB',0,7000,0,'EB',0,3000,0,'EB',0
'987',2602,80900,4,'',0,3000,4,'',0,7000,4,'',0,3000,4,'',0,7000,4,'',0,3000,4,'',0,7000,4,'',0,3000,4,'',0,7000,4,'',0,3000,4,'',0,7000,4,'',0,3000,4,'',0,7000,4,'',0,3000,4,'',0,7000,4,'',0,3000,4,'',0,7000,4,'',0,3000,4,'',0,7000,4,'',0,3000,4,'',0,7000,4,'',0,3000,4,'',0,7000,4,'',0,3000,4,'',0
'988',2601,71500,0,'EB',0,3000,0,'EB',0,7000,0,'EB',0,3000,0,'EB',0,7000,0,'EB',0,3000,0,'EB',0,7000,0,'EB',0,3000,0,'EB',0,7000,0,'EB',0,3000,0,'EB',0,7000,0,'EB',0,3000,0,'EB',0,7000,0,'EB',0,3000,0,'EB',0,7000,0,'EB',0,3000,0,'EB',0,7000,0,'EB',0,3000,0,'EB',0,7000,0,'EB',0,3000,0,'EB',0,7000,0,'EB',0,3000,0,'EB',0,7000,0,'EB',0,3000,0,'EB',0
'988',2602,80900,4,'',0,3000,4,'',0,7000,4,'',0,3000,4,'',0,7000,4,'',0,3000,4,'',0,7000,4,'',0,3000,4,'',0,7000,4,'',0,3000,4,'',0,7000,4,'',0,3000,4,'',0,7000,4,'',0,3000,4,'',0,7000,4,'',0,3000,4,'',0,7000,4,'',0,3000,4,'',0,7000,4,'',0,3000,4,'',0,7000,4,'',0,3000,4,'',0,7000,4,'',0,3000,4,'',0
'989',2601,71500,0,'EB',0,3000,0,'EB',0,7000,0,'EB',0,3000,0,'EB',0,7000,0,'EB',0,3000,0,'EB',0,7000,0,'EB',0,3000,0,'EB',0,7000,0,'EB',0,3000,0,'EB',0,7000,0,'EB',0,3000,0,'EB',0,7000,0,'EB',0,3000,0,'EB',0,7000,0,'EB',0,3000,0,'EB',0,7000,0,'EB',0,3000,0,'EB',0,7000,0,'EB',0,3000,0,'EB',0,7000,0,'EB',0,3000,0,'EB',0,7000,0,'EB',0,3000,0,'EB',0
'989',2602,80900,4,'',0,3000,4,'',0,7000,4,'',0,3000,4,'',0,7000,4,'',0,3000,4,'',0,7000,4,'',0,3000,4,'',0,7000,4,'',0,3000,4,'',0,7000,4,'',0,3000,4,'',0,7000,4,'',0,3000,4,'',0,7000,4,'',0,3000,4,'',0,7000,4,'',0,3000,4,'',0,7000,4,'',0,3000,4,'',0,7000,4,'',0,3000,4,'',0,7000,4,'',0,3000,4,'',0
'990',2601,71500,0,'EB',0,3000,0,'EB',0,7000,0,'EB',0,3000,0,'EB',0,7000,0,'EB',0,3000,0,'EB',0,7000,0,'EB',0,3000,0,'EB',0,7000,0,'EB',0,3000,0,'EB',0,7000,0,'EB',0,3000,0,'EB',0,7000,0,'EB',0,3000,0,'EB',0,7000,0,'EB',0,3000,0,'EB',0,7000,0,'EB',0,3000,0,'EB',0,7000,0,'EB',0,3000,0,'EB',0,7000,0,'EB',0,3000,0,'EB',0,7000,0,'EB',0,3000,0,'EB',0
'990',2602,80900,4,'',0,3000,4,'',0,7000,4,'',0,3000,4,'',0,7000,4,'',0,3000,4,'',0,7000,4,'',0,3000,4,'',0,7000,4,'',0,3000,4,'',0,7000,4,'',0,3000,4,'',0,7000,4,'',0,3000,4,'',0,7000,4,'',0,3000,4,'',0,7000,4,'',0,3000,4,'',0,7000,4,'',0,3000,4,'',0,7000,4,'',0,3000,4,'',0,7000,4,'',0,3000,4,'',0
'983',463600,100000,4,'',0,44000,4,'',0,41500,4,'',0
'983',463601,83000,0,'605',0,48000,0,'605',0,41500,0,'605',0
'984',463600,83000,4,'',0,67000,4,'',0,43000,4,'',0
'984',463601,70000,0,'605',0,63000,0,'605',0,47000,0,'605',0
'985',463600,100000,4,'',0,44000,4,'',0,41500,4,'',0
'985',463601,83000,0,'605',0,48000,0,'605',0,41500,0,'605',0
'986',463600,73000,4,'',0,77000,4,'',0,43000,4,'',0
'986',463601,60000,0,'605',0,73000,0,'605',0,47000,0,'605',0
'987',463600,73000,4,'',0,77000,4,'',0,43000,4,'',0
'987',463601,60000,0,'605',0,73000,0,'605',0,47000,0,'605',0
'988',463600,73000,4,'',0,77000,4,'',0,43000,4,'',0
'988',463601,60000,0,'605',0,73000,0,'605',0,47000,0,'605',0
'989',463600,73000,4,'',0,77000,4,'',0,43000,4,'',0
'989',463601,60000,0,'605',0,73000,0,'605',0,47000,0,'605',0
'990',463600,73000,4,'',0,77000,4,'',0,43000,4,'',0
'990',463601,60000,0,'605',0,73000,0,'605',0,47000,0,'605',0
