'1090',2100,95700,,'',0,15000,,'',0,11000,,'',0,11000,,'',0,11000,,'',0,11000,,'',0,11000,,'',0,15000,,'',0,11000,,'',0
'1091',2100,61200,,'',0,9900,,'',0,11000,,'',0,11000,,'',0,11900,,'',0,8000,,'',0,8000,,'',0,4000,,'',0,8000,,'',0,8000,,'',0,4000,,'',0,8000,,'',0,8000,,'',0,4000,,'',0,8000,,'',0,8000,,'',0,11100,,'',0,11000,,'',0,11000,,'',0,11000,,'',0
'1092',2100,95700,,'',0,15000,,'',0,11000,,'',0,11000,,'',0,11000,,'',0,11000,,'',0,11000,,'',0,15000,,'',0,11000,,'',0
'1093',2100,61600,,'',0,3600,,'',0,8000,,'',0,8000,,'',0,4000,,'',0,8000,,'',0,8000,,'',0,4000,,'',0,8000,,'',0,8000,,'',0,4000,,'',0,8000,,'',0,8000,,'',0,4000,,'',0,8000,,'',0,8000,,'',0,4000,,'',0,8000,,'',0,8400,,'',0,2700,,'',0,11000,,'',0,15000,,'',0,12700,,'',0
'1094',2100,61600,,'',0,3600,,'',0,8000,,'',0,8000,,'',0,4000,,'',0,8000,,'',0,8000,,'',0,4000,,'',0,8000,,'',0,8000,,'',0,4000,,'',0,8000,,'',0,8000,,'',0,4000,,'',0,8000,,'',0,8000,,'',0,4000,,'',0,8000,,'',0,8400,,'',0,2700,,'',0,11000,,'',0,15000,,'',0,12700,,'',0
'1095',2100,61600,,'',0,3600,,'',0,8000,,'',0,8000,,'',0,4000,,'',0,8000,,'',0,8000,,'',0,4000,,'',0,8000,,'',0,8000,,'',0,4000,,'',0,8000,,'',0,8000,,'',0,4000,,'',0,8000,,'',0,8000,,'',0,4000,,'',0,8000,,'',0,8400,,'',0,2700,,'',0,11000,,'',0,15000,,'',0,12700,,'',0
'1096',2100,61600,,'',0,3600,,'',0,8000,,'',0,8000,,'',0,4000,,'',0,8000,,'',0,8000,,'',0,4000,,'',0,8000,,'',0,8000,,'',0,4000,,'',0,8000,,'',0,8000,,'',0,4000,,'',0,8000,,'',0,8000,,'',0,4000,,'',0,8000,,'',0,8400,,'',0,2700,,'',0,11000,,'',0,15000,,'',0,12700,,'',0
'1097',2100,61600,,'',0,3600,,'',0,8000,,'',0,8000,,'',0,4000,,'',0,8000,,'',0,8000,,'',0,4000,,'',0,8000,,'',0,8000,,'',0,4000,,'',0,8000,,'',0,8000,,'',0,4000,,'',0,8000,,'',0,8000,,'',0,4000,,'',0,8000,,'',0,8400,,'',0,2700,,'',0,11000,,'',0,15000,,'',0,12700,,'',0
'1093',552200,65300,0,'418X',0,7000,0,'418X',0,3000,0,'418X',0,7000,0,'418X',0,3000,0,'418X',0,7000,0,'418X',0,3000,0,'418X',0,7000,0,'418X',0,3000,0,'418X',0,7000,0,'418X',0,3000,0,'418X',0,7000,0,'418X',0,3000,0,'418X',0,7000,0,'418X',0,3000,0,'418X',0,7000,0,'418X',0,3000,0,'418X',0,7000,0,'418X',0,3000,0,'418X',0,7000,0,'418X',0,3000,0,'418X',0,7000,0,'418X',0,3000,0,'418X',0
'1094',552200,65300,0,'418X',0,7000,0,'418X',0,3000,0,'418X',0,7000,0,'418X',0,3000,0,'418X',0,7000,0,'418X',0,3000,0,'418X',0,7000,0,'418X',0,3000,0,'418X',0,7000,0,'418X',0,3000,0,'418X',0,7000,0,'418X',0,3000,0,'418X',0,7000,0,'418X',0,3000,0,'418X',0,7000,0,'418X',0,3000,0,'418X',0,7000,0,'418X',0,3000,0,'418X',0,7000,0,'418X',0,3000,0,'418X',0,7000,0,'418X',0,3000,0,'418X',0
'1095',552200,65300,0,'418X',0,7000,0,'418X',0,3000,0,'418X',0,7000,0,'418X',0,3000,0,'418X',0,7000,0,'418X',0,3000,0,'418X',0,7000,0,'418X',0,3000,0,'418X',0,7000,0,'418X',0,3000,0,'418X',0,7000,0,'418X',0,3000,0,'418X',0,7000,0,'418X',0,3000,0,'418X',0,7000,0,'418X',0,3000,0,'418X',0,7000,0,'418X',0,3000,0,'418X',0,7000,0,'418X',0,3000,0,'418X',0,7000,0,'418X',0,3000,0,'418X',0
'1096',552200,65300,0,'418X',0,7000,0,'418X',0,3000,0,'418X',0,7000,0,'418X',0,3000,0,'418X',0,7000,0,'418X',0,3000,0,'418X',0,7000,0,'418X',0,3000,0,'418X',0,7000,0,'418X',0,3000,0,'418X',0,7000,0,'418X',0,3000,0,'418X',0,7000,0,'418X',0,3000,0,'418X',0,7000,0,'418X',0,3000,0,'418X',0,7000,0,'418X',0,3000,0,'418X',0,7000,0,'418X',0,3000,0,'418X',0,7000,0,'418X',0,3000,0,'418X',0
'1097',552200,65300,0,'418X',0,7000,0,'418X',0,3000,0,'418X',0,7000,0,'418X',0,3000,0,'418X',0,7000,0,'418X',0,3000,0,'418X',0,7000,0,'418X',0,3000,0,'418X',0,7000,0,'418X',0,3000,0,'418X',0,7000,0,'418X',0,3000,0,'418X',0,7000,0,'418X',0,3000,0,'418X',0,7000,0,'418X',0,3000,0,'418X',0,7000,0,'418X',0,3000,0,'418X',0,7000,0,'418X',0,3000,0,'418X',0,7000,0,'418X',0,3000,0,'418X',0
