'983',2100,93500,,'',0,11000,,'',0,11000,,'',0,15000,,'',0,11000,,'',0,11000,,'',0,11000,,'',0,11000,,'',0,11000,,'',0
'983',2101,93500,4,'',0,11000,4,'',0,11000,4,'',0,15000,4,'',0,11000,4,'',0,11000,4,'',0,11000,4,'',0,11000,4,'',0,11000,4,'',0
'984',2100,55600,,'',0,9900,,'',0,15000,,'',0,11000,,'',0,11500,,'',0,8000,,'',0,4000,,'',0,8000,,'',0,8000,,'',0,4000,,'',0,8000,,'',0,8000,,'',0,4000,,'',0,8000,,'',0,8000,,'',0,4000,,'',0,15500,,'',0,11000,,'',0,11000,,'',0,11000,,'',0
'984',2101,65300,4,'',0,14700,4,'',0,11000,4,'',0,11000,4,'',0,8800,4,'',0,4000,4,'',0,8000,4,'',0,8000,4,'',0,4000,4,'',0,8000,4,'',0,8000,4,'',0,4000,4,'',0,8000,4,'',0,8000,4,'',0,4000,4,'',0,9500,4,'',0,5700,4,'',0,11000,4,'',0,11000,4,'',0,11000,4,'',0
'985',2100,93500,,'',0,11000,,'',0,11000,,'',0,15000,,'',0,11000,,'',0,11000,,'',0,11000,,'',0,11000,,'',0,11000,,'',0
'985',2101,93500,4,'',0,11000,4,'',0,11000,4,'',0,15000,4,'',0,11000,4,'',0,11000,4,'',0,11000,4,'',0,11000,4,'',0,11000,4,'',0
'986',2100,60000,,'',0,3000,,'',0,8000,,'',0,4000,,'',0,8000,,'',0,8000,,'',0,4000,,'',0,8000,,'',0,8000,,'',0,4000,,'',0,8000,,'',0,8000,,'',0,4000,,'',0,8000,,'',0,8000,,'',0,4000,,'',0,8000,,'',0,8000,,'',0,4500,,'',0,6800,,'',0,11000,,'',0,11000,,'',0,16700,,'',0
'986',2101,62800,4,'',0,7500,4,'',0,4000,4,'',0,8000,4,'',0,8000,4,'',0,4000,4,'',0,8000,4,'',0,8000,4,'',0,4000,4,'',0,8000,4,'',0,8000,4,'',0,4000,4,'',0,8000,4,'',0,8000,4,'',0,4000,4,'',0,8000,4,'',0,8000,4,'',0,5200,4,'',0,6600,4,'',0,11000,4,'',0,11000,4,'',0,11700,4,'',0
'987',2100,60000,,'',0,3000,,'',0,8000,,'',0,4000,,'',0,8000,,'',0,8000,,'',0,4000,,'',0,8000,,'',0,8000,,'',0,4000,,'',0,8000,,'',0,8000,,'',0,4000,,'',0,8000,,'',0,8000,,'',0,4000,,'',0,8000,,'',0,8000,,'',0,4500,,'',0,6800,,'',0,11000,,'',0,11000,,'',0,16700,,'',0
'987',2101,62800,4,'',0,7500,4,'',0,4000,4,'',0,8000,4,'',0,8000,4,'',0,4000,4,'',0,8000,4,'',0,8000,4,'',0,4000,4,'',0,8000,4,'',0,8000,4,'',0,4000,4,'',0,8000,4,'',0,8000,4,'',0,4000,4,'',0,8000,4,'',0,8000,4,'',0,5200,4,'',0,6600,4,'',0,11000,4,'',0,11000,4,'',0,11700,4,'',0
'988',2100,60000,,'',0,3000,,'',0,8000,,'',0,4000,,'',0,8000,,'',0,8000,,'',0,4000,,'',0,8000,,'',0,8000,,'',0,4000,,'',0,8000,,'',0,8000,,'',0,4000,,'',0,8000,,'',0,8000,,'',0,4000,,'',0,8000,,'',0,8000,,'',0,4500,,'',0,6800,,'',0,11000,,'',0,11000,,'',0,16700,,'',0
'988',2101,62800,4,'',0,7500,4,'',0,4000,4,'',0,8000,4,'',0,8000,4,'',0,4000,4,'',0,8000,4,'',0,8000,4,'',0,4000,4,'',0,8000,4,'',0,8000,4,'',0,4000,4,'',0,8000,4,'',0,8000,4,'',0,4000,4,'',0,8000,4,'',0,8000,4,'',0,5200,4,'',0,6600,4,'',0,11000,4,'',0,11000,4,'',0,11700,4,'',0
'989',2100,60000,,'',0,3000,,'',0,8000,,'',0,4000,,'',0,8000,,'',0,8000,,'',0,4000,,'',0,8000,,'',0,8000,,'',0,4000,,'',0,8000,,'',0,8000,,'',0,4000,,'',0,8000,,'',0,8000,,'',0,4000,,'',0,8000,,'',0,8000,,'',0,4500,,'',0,6800,,'',0,11000,,'',0,11000,,'',0,16700,,'',0
'989',2101,62800,4,'',0,7500,4,'',0,4000,4,'',0,8000,4,'',0,8000,4,'',0,4000,4,'',0,8000,4,'',0,8000,4,'',0,4000,4,'',0,8000,4,'',0,8000,4,'',0,4000,4,'',0,8000,4,'',0,8000,4,'',0,4000,4,'',0,8000,4,'',0,8000,4,'',0,5200,4,'',0,6600,4,'',0,11000,4,'',0,11000,4,'',0,11700,4,'',0
'990',2100,60000,,'',0,3000,,'',0,8000,,'',0,4000,,'',0,8000,,'',0,8000,,'',0,4000,,'',0,8000,,'',0,8000,,'',0,4000,,'',0,8000,,'',0,8000,,'',0,4000,,'',0,8000,,'',0,8000,,'',0,4000,,'',0,8000,,'',0,8000,,'',0,4500,,'',0,6800,,'',0,11000,,'',0,11000,,'',0,16700,,'',0
'990',2101,62800,4,'',0,7500,4,'',0,4000,4,'',0,8000,4,'',0,8000,4,'',0,4000,4,'',0,8000,4,'',0,8000,4,'',0,4000,4,'',0,8000,4,'',0,8000,4,'',0,4000,4,'',0,8000,4,'',0,8000,4,'',0,4000,4,'',0,8000,4,'',0,8000,4,'',0,5200,4,'',0,6600,4,'',0,11000,4,'',0,11000,4,'',0,11700,4,'',0
'984',2601,74200,0,'EB',0,9000,0,'EB',0,9000,0,'EB',0,9000,0,'EB',0,9000,0,'EB',0,5000,0,'EB',0,9000,0,'EB',0,9000,0,'EB',0,9000,0,'EB',0,9000,0,'EB',0,9000,0,'EB',0,5000,0,'EB',0,9000,0,'EB',0,9000,0,'EB',0,9000,0,'EB',0
'984',2602,73800,0,'WB',0,9000,0,'WB',0,9000,0,'WB',0,9000,0,'WB',0,5000,0,'WB',0,9000,0,'WB',0,9000,0,'WB',0,9000,0,'WB',0,9000,0,'WB',0,9000,0,'WB',0,5000,0,'WB',0,9000,0,'WB',0,9000,0,'WB',0,9000,0,'WB',0,9000,0,'WB',0
'986',2601,74200,0,'EB',0,7000,0,'EB',0,3000,0,'EB',0,7000,0,'EB',0,3000,0,'EB',0,7000,0,'EB',0,3000,0,'EB',0,7000,0,'EB',0,3000,0,'EB',0,7000,0,'EB',0,3000,0,'EB',0,7000,0,'EB',0,3000,0,'EB',0,7000,0,'EB',0,3000,0,'EB',0,7000,0,'EB',0,3000,0,'EB',0,7000,0,'EB',0,3000,0,'EB',0,7000,0,'EB',0,3000,0,'EB',0,7000,0,'EB',0,3000,0,'EB',0,7000,0,'EB',0
'986',2602,73800,0,'WB',0,7000,0,'WB',0,3000,0,'WB',0,7000,0,'WB',0,3000,0,'WB',0,7000,0,'WB',0,3000,0,'WB',0,7000,0,'WB',0,3000,0,'WB',0,7000,0,'WB',0,3000,0,'WB',0,7000,0,'WB',0,3000,0,'WB',0,7000,0,'WB',0,3000,0,'WB',0,7000,0,'WB',0,3000,0,'WB',0,7000,0,'WB',0,3000,0,'WB',0,7000,0,'WB',0,3000,0,'WB',0,7000,0,'WB',0,3000,0,'WB',0,7000,0,'WB',0
'987',2601,74200,0,'EB',0,7000,0,'EB',0,3000,0,'EB',0,7000,0,'EB',0,3000,0,'EB',0,7000,0,'EB',0,3000,0,'EB',0,7000,0,'EB',0,3000,0,'EB',0,7000,0,'EB',0,3000,0,'EB',0,7000,0,'EB',0,3000,0,'EB',0,7000,0,'EB',0,3000,0,'EB',0,7000,0,'EB',0,3000,0,'EB',0,7000,0,'EB',0,3000,0,'EB',0,7000,0,'EB',0,3000,0,'EB',0,7000,0,'EB',0,3000,0,'EB',0,7000,0,'EB',0
'987',2602,73800,0,'WB',0,7000,0,'WB',0,3000,0,'WB',0,7000,0,'WB',0,3000,0,'WB',0,7000,0,'WB',0,3000,0,'WB',0,7000,0,'WB',0,3000,0,'WB',0,7000,0,'WB',0,3000,0,'WB',0,7000,0,'WB',0,3000,0,'WB',0,7000,0,'WB',0,3000,0,'WB',0,7000,0,'WB',0,3000,0,'WB',0,7000,0,'WB',0,3000,0,'WB',0,7000,0,'WB',0,3000,0,'WB',0,7000,0,'WB',0,3000,0,'WB',0,7000,0,'WB',0
'988',2601,74200,0,'EB',0,7000,0,'EB',0,3000,0,'EB',0,7000,0,'EB',0,3000,0,'EB',0,7000,0,'EB',0,3000,0,'EB',0,7000,0,'EB',0,3000,0,'EB',0,7000,0,'EB',0,3000,0,'EB',0,7000,0,'EB',0,3000,0,'EB',0,7000,0,'EB',0,3000,0,'EB',0,7000,0,'EB',0,3000,0,'EB',0,7000,0,'EB',0,3000,0,'EB',0,7000,0,'EB',0,3000,0,'EB',0,7000,0,'EB',0,3000,0,'EB',0,7000,0,'EB',0
'988',2602,73800,0,'WB',0,7000,0,'WB',0,3000,0,'WB',0,7000,0,'WB',0,3000,0,'WB',0,7000,0,'WB',0,3000,0,'WB',0,7000,0,'WB',0,3000,0,'WB',0,7000,0,'WB',0,3000,0,'WB',0,7000,0,'WB',0,3000,0,'WB',0,7000,0,'WB',0,3000,0,'WB',0,7000,0,'WB',0,3000,0,'WB',0,7000,0,'WB',0,3000,0,'WB',0,7000,0,'WB',0,3000,0,'WB',0,7000,0,'WB',0,3000,0,'WB',0,7000,0,'WB',0
'989',2601,74200,0,'EB',0,7000,0,'EB',0,3000,0,'EB',0,7000,0,'EB',0,3000,0,'EB',0,7000,0,'EB',0,3000,0,'EB',0,7000,0,'EB',0,3000,0,'EB',0,7000,0,'EB',0,3000,0,'EB',0,7000,0,'EB',0,3000,0,'EB',0,7000,0,'EB',0,3000,0,'EB',0,7000,0,'EB',0,3000,0,'EB',0,7000,0,'EB',0,3000,0,'EB',0,7000,0,'EB',0,3000,0,'EB',0,7000,0,'EB',0,3000,0,'EB',0,7000,0,'EB',0
'989',2602,73800,0,'WB',0,7000,0,'WB',0,3000,0,'WB',0,7000,0,'WB',0,3000,0,'WB',0,7000,0,'WB',0,3000,0,'WB',0,7000,0,'WB',0,3000,0,'WB',0,7000,0,'WB',0,3000,0,'WB',0,7000,0,'WB',0,3000,0,'WB',0,7000,0,'WB',0,3000,0,'WB',0,7000,0,'WB',0,3000,0,'WB',0,7000,0,'WB',0,3000,0,'WB',0,7000,0,'WB',0,3000,0,'WB',0,7000,0,'WB',0,3000,0,'WB',0,7000,0,'WB',0
'990',2601,74200,0,'EB',0,7000,0,'EB',0,3000,0,'EB',0,7000,0,'EB',0,3000,0,'EB',0,7000,0,'EB',0,3000,0,'EB',0,7000,0,'EB',0,3000,0,'EB',0,7000,0,'EB',0,3000,0,'EB',0,7000,0,'EB',0,3000,0,'EB',0,7000,0,'EB',0,3000,0,'EB',0,7000,0,'EB',0,3000,0,'EB',0,7000,0,'EB',0,3000,0,'EB',0,7000,0,'EB',0,3000,0,'EB',0,7000,0,'EB',0,3000,0,'EB',0,7000,0,'EB',0
'990',2602,73800,0,'WB',0,7000,0,'WB',0,3000,0,'WB',0,7000,0,'WB',0,3000,0,'WB',0,7000,0,'WB',0,3000,0,'WB',0,7000,0,'WB',0,3000,0,'WB',0,7000,0,'WB',0,3000,0,'WB',0,7000,0,'WB',0,3000,0,'WB',0,7000,0,'WB',0,3000,0,'WB',0,7000,0,'WB',0,3000,0,'WB',0,7000,0,'WB',0,3000,0,'WB',0,7000,0,'WB',0,3000,0,'WB',0,7000,0,'WB',0,3000,0,'WB',0,7000,0,'WB',0
'983',2700,95800,,'',0,10000,,'',0,10000,,'',0,10000,,'',0,10000,,'',0,10000,,'',0,10000,,'',0,10000,,'',0,10000,,'',0,10000,,'',0
'983',2701,95800,4,'',0,10000,4,'',0,10000,4,'',0,10000,4,'',0,10000,4,'',0,10000,4,'',0,10000,4,'',0,10000,4,'',0,10000,4,'',0,10000,4,'',0
'984',2700,74300,,'',0,10000,,'',0,10000,,'',0,10000,,'',0,10000,,'',0,7000,,'',0,3000,,'',0,7000,,'',0,3000,,'',0,7000,,'',0,3000,,'',0,7000,,'',0,3000,,'',0,7000,,'',0,3000,,'',0,7000,,'',0,3000,,'',0,7000,,'',0,3000,,'',0,7000,,'',0,3000,,'',0
'984',2701,74300,4,'',0,10000,4,'',0,10000,4,'',0,10000,4,'',0,10000,4,'',0,7000,4,'',0,3000,4,'',0,7000,4,'',0,3000,4,'',0,7000,4,'',0,3000,4,'',0,7000,4,'',0,3000,4,'',0,7000,4,'',0,3000,4,'',0,7000,4,'',0,3000,4,'',0,7000,4,'',0,3000,4,'',0,7000,4,'',0,3000,4,'',0,7000,4,'',0
'985',2700,95800,,'',0,10000,,'',0,10000,,'',0,10000,,'',0,10000,,'',0,10000,,'',0,10000,,'',0,10000,,'',0,10000,,'',0,10000,,'',0
'985',2701,95800,4,'',0,10000,4,'',0,10000,4,'',0,10000,4,'',0,10000,4,'',0,10000,4,'',0,10000,4,'',0,10000,4,'',0,10000,4,'',0,10000,4,'',0
'986',2700,63900,,'',0,2000,,'',0,6000,,'',0,2000,,'',0,2000,,'',0,6000,,'',0,2000,,'',0,2000,,'',0,6000,,'',0,2000,,'',0,2000,,'',0,6000,,'',0,2000,,'',0,2000,,'',0,6000,,'',0,2000,,'',0,2000,,'',0,6000,,'',0,2000,,'',0,2000,,'',0,6000,,'',0,2000,,'',0,2000,,'',0,6000,,'',0,2000,,'',0,2000,,'',0,6000,,'',0,2000,,'',0,2000,,'',0,6000,,'',0,2000,,'',0,2000,,'',0,6000,,'',0,2000,,'',0,2000,,'',0,6000,,'',0,2000,,'',0,2000,,'',0,6000,,'',0,2000,,'',0,2000,,'',0,6000,,'',0,2000,,'',0,2000,,'',0,6000,,'',0,2000,,'',0,2000,,'',0,6000,,'',0,2000,,'',0,2000,,'',0,6000,,'',0,2000,,'',0
'986',2701,63300,4,'',0,2000,4,'',0,6000,4,'',0,2000,4,'',0,2000,4,'',0,6000,4,'',0,2000,4,'',0,2000,4,'',0,6000,4,'',0,2000,4,'',0,2000,4,'',0,6000,4,'',0,2000,4,'',0,2000,4,'',0,6000,4,'',0,2000,4,'',0,2000,4,'',0,6000,4,'',0,2000,4,'',0,2000,4,'',0,6000,4,'',0,2000,4,'',0,2000,4,'',0,6000,4,'',0,2000,4,'',0,2000,4,'',0,6000,4,'',0,2000,4,'',0,2000,4,'',0,6000,4,'',0,2000,4,'',0,2000,4,'',0,6000,4,'',0,2000,4,'',0,2000,4,'',0,6000,4,'',0,2000,4,'',0,2000,4,'',0,6000,4,'',0,2000,4,'',0,2000,4,'',0,6000,4,'',0,2000,4,'',0,2000,4,'',0,6000,4,'',0,2000,4,'',0,2000,4,'',0,6000,4,'',0,2000,4,'',0,2000,4,'',0,6000,4,'',0,2000,4,'',0,2000,4,'',0
'987',2700,63900,,'',0,2000,,'',0,6000,,'',0,2000,,'',0,2000,,'',0,6000,,'',0,2000,,'',0,2000,,'',0,6000,,'',0,2000,,'',0,2000,,'',0,6000,,'',0,2000,,'',0,2000,,'',0,6000,,'',0,2000,,'',0,2000,,'',0,6000,,'',0,2000,,'',0,2000,,'',0,6000,,'',0,2000,,'',0,2000,,'',0,6000,,'',0,2000,,'',0,2000,,'',0,6000,,'',0,2000,,'',0,2000,,'',0,6000,,'',0,2000,,'',0,2000,,'',0,6000,,'',0,2000,,'',0,2000,,'',0,6000,,'',0,2000,,'',0,2000,,'',0,6000,,'',0,2000,,'',0,2000,,'',0,6000,,'',0,2000,,'',0,2000,,'',0,6000,,'',0,2000,,'',0,2000,,'',0,6000,,'',0,2000,,'',0,2000,,'',0,6000,,'',0,2000,,'',0
'987',2701,63300,4,'',0,2000,4,'',0,6000,4,'',0,2000,4,'',0,2000,4,'',0,6000,4,'',0,2000,4,'',0,2000,4,'',0,6000,4,'',0,2000,4,'',0,2000,4,'',0,6000,4,'',0,2000,4,'',0,2000,4,'',0,6000,4,'',0,2000,4,'',0,2000,4,'',0,6000,4,'',0,2000,4,'',0,2000,4,'',0,6000,4,'',0,2000,4,'',0,2000,4,'',0,6000,4,'',0,2000,4,'',0,2000,4,'',0,6000,4,'',0,2000,4,'',0,2000,4,'',0,6000,4,'',0,2000,4,'',0,2000,4,'',0,6000,4,'',0,2000,4,'',0,2000,4,'',0,6000,4,'',0,2000,4,'',0,2000,4,'',0,6000,4,'',0,2000,4,'',0,2000,4,'',0,6000,4,'',0,2000,4,'',0,2000,4,'',0,6000,4,'',0,2000,4,'',0,2000,4,'',0,6000,4,'',0,2000,4,'',0,2000,4,'',0,6000,4,'',0,2000,4,'',0,2000,4,'',0
'988',2700,63900,,'',0,2000,,'',0,6000,,'',0,2000,,'',0,2000,,'',0,6000,,'',0,2000,,'',0,2000,,'',0,6000,,'',0,2000,,'',0,2000,,'',0,6000,,'',0,2000,,'',0,2000,,'',0,6000,,'',0,2000,,'',0,2000,,'',0,6000,,'',0,2000,,'',0,2000,,'',0,6000,,'',0,2000,,'',0,2000,,'',0,6000,,'',0,2000,,'',0,2000,,'',0,6000,,'',0,2000,,'',0,2000,,'',0,6000,,'',0,2000,,'',0,2000,,'',0,6000,,'',0,2000,,'',0,2000,,'',0,6000,,'',0,2000,,'',0,2000,,'',0,6000,,'',0,2000,,'',0,2000,,'',0,6000,,'',0,2000,,'',0,2000,,'',0,6000,,'',0,2000,,'',0,2000,,'',0,6000,,'',0,2000,,'',0,2000,,'',0,6000,,'',0,2000,,'',0
'988',2701,63300,4,'',0,2000,4,'',0,6000,4,'',0,2000,4,'',0,2000,4,'',0,6000,4,'',0,2000,4,'',0,2000,4,'',0,6000,4,'',0,2000,4,'',0,2000,4,'',0,6000,4,'',0,2000,4,'',0,2000,4,'',0,6000,4,'',0,2000,4,'',0,2000,4,'',0,6000,4,'',0,2000,4,'',0,2000,4,'',0,6000,4,'',0,2000,4,'',0,2000,4,'',0,6000,4,'',0,2000,4,'',0,2000,4,'',0,6000,4,'',0,2000,4,'',0,2000,4,'',0,6000,4,'',0,2000,4,'',0,2000,4,'',0,6000,4,'',0,2000,4,'',0,2000,4,'',0,6000,4,'',0,2000,4,'',0,2000,4,'',0,6000,4,'',0,2000,4,'',0,2000,4,'',0,6000,4,'',0,2000,4,'',0,2000,4,'',0,6000,4,'',0,2000,4,'',0,2000,4,'',0,6000,4,'',0,2000,4,'',0,2000,4,'',0,6000,4,'',0,2000,4,'',0,2000,4,'',0
'989',2700,63900,,'',0,2000,,'',0,6000,,'',0,2000,,'',0,2000,,'',0,6000,,'',0,2000,,'',0,2000,,'',0,6000,,'',0,2000,,'',0,2000,,'',0,6000,,'',0,2000,,'',0,2000,,'',0,6000,,'',0,2000,,'',0,2000,,'',0,6000,,'',0,2000,,'',0,2000,,'',0,6000,,'',0,2000,,'',0,2000,,'',0,6000,,'',0,2000,,'',0,2000,,'',0,6000,,'',0,2000,,'',0,2000,,'',0,6000,,'',0,2000,,'',0,2000,,'',0,6000,,'',0,2000,,'',0,2000,,'',0,6000,,'',0,2000,,'',0,2000,,'',0,6000,,'',0,2000,,'',0,2000,,'',0,6000,,'',0,2000,,'',0,2000,,'',0,6000,,'',0,2000,,'',0,2000,,'',0,6000,,'',0,2000,,'',0,2000,,'',0,6000,,'',0,2000,,'',0
'989',2701,63300,4,'',0,2000,4,'',0,6000,4,'',0,2000,4,'',0,2000,4,'',0,6000,4,'',0,2000,4,'',0,2000,4,'',0,6000,4,'',0,2000,4,'',0,2000,4,'',0,6000,4,'',0,2000,4,'',0,2000,4,'',0,6000,4,'',0,2000,4,'',0,2000,4,'',0,6000,4,'',0,2000,4,'',0,2000,4,'',0,6000,4,'',0,2000,4,'',0,2000,4,'',0,6000,4,'',0,2000,4,'',0,2000,4,'',0,6000,4,'',0,2000,4,'',0,2000,4,'',0,6000,4,'',0,2000,4,'',0,2000,4,'',0,6000,4,'',0,2000,4,'',0,2000,4,'',0,6000,4,'',0,2000,4,'',0,2000,4,'',0,6000,4,'',0,2000,4,'',0,2000,4,'',0,6000,4,'',0,2000,4,'',0,2000,4,'',0,6000,4,'',0,2000,4,'',0,2000,4,'',0,6000,4,'',0,2000,4,'',0,2000,4,'',0,6000,4,'',0,2000,4,'',0,2000,4,'',0
'990',2700,63900,,'',0,2000,,'',0,6000,,'',0,2000,,'',0,2000,,'',0,6000,,'',0,2000,,'',0,2000,,'',0,6000,,'',0,2000,,'',0,2000,,'',0,6000,,'',0,2000,,'',0,2000,,'',0,6000,,'',0,2000,,'',0,2000,,'',0,6000,,'',0,2000,,'',0,2000,,'',0,6000,,'',0,2000,,'',0,2000,,'',0,6000,,'',0,2000,,'',0,2000,,'',0,6000,,'',0,2000,,'',0,2000,,'',0,6000,,'',0,2000,,'',0,2000,,'',0,6000,,'',0,2000,,'',0,2000,,'',0,6000,,'',0,2000,,'',0,2000,,'',0,6000,,'',0,2000,,'',0,2000,,'',0,6000,,'',0,2000,,'',0,2000,,'',0,6000,,'',0,2000,,'',0,2000,,'',0,6000,,'',0,2000,,'',0,2000,,'',0,6000,,'',0,2000,,'',0
'990',2701,63300,4,'',0,2000,4,'',0,6000,4,'',0,2000,4,'',0,2000,4,'',0,6000,4,'',0,2000,4,'',0,2000,4,'',0,6000,4,'',0,2000,4,'',0,2000,4,'',0,6000,4,'',0,2000,4,'',0,2000,4,'',0,6000,4,'',0,2000,4,'',0,2000,4,'',0,6000,4,'',0,2000,4,'',0,2000,4,'',0,6000,4,'',0,2000,4,'',0,2000,4,'',0,6000,4,'',0,2000,4,'',0,2000,4,'',0,6000,4,'',0,2000,4,'',0,2000,4,'',0,6000,4,'',0,2000,4,'',0,2000,4,'',0,6000,4,'',0,2000,4,'',0,2000,4,'',0,6000,4,'',0,2000,4,'',0,2000,4,'',0,6000,4,'',0,2000,4,'',0,2000,4,'',0,6000,4,'',0,2000,4,'',0,2000,4,'',0,6000,4,'',0,2000,4,'',0,2000,4,'',0,6000,4,'',0,2000,4,'',0,2000,4,'',0,6000,4,'',0,2000,4,'',0,2000,4,'',0
'984',70101,74500,4,'',0,17000,4,'',0,13000,4,'',0,17000,4,'',0,13000,4,'',0,17000,4,'',0,13000,4,'',0,17000,4,'',0
'984',70102,75000,0,'W',0,17000,0,'W',0,13000,0,'W',0,17000,0,'W',0,13000,0,'W',0,17000,0,'W',0,13000,0,'W',0,17000,0,'W',0
'986',70101,74500,4,'',0,8500,4,'',0,8500,4,'',0,8500,4,'',0,4500,4,'',0,17000,4,'',0,13000,4,'',0,8500,4,'',0,8500,4,'',0,8500,4,'',0,4500,4,'',0,8500,4,'',0,8500,4,'',0,8500,4,'',0
'986',70102,70500,0,'W',0,4500,0,'W',0,8500,0,'W',0,8500,0,'W',0,8500,0,'W',0,4500,0,'W',0,17000,0,'W',0,13000,0,'W',0,8500,0,'W',0,8500,0,'W',0,8500,0,'W',0,4500,0,'W',0,8500,0,'W',0,8500,0,'W',0
'987',70101,74500,4,'',0,8500,4,'',0,8500,4,'',0,8500,4,'',0,4500,4,'',0,17000,4,'',0,13000,4,'',0,8500,4,'',0,8500,4,'',0,8500,4,'',0,4500,4,'',0,8500,4,'',0,8500,4,'',0,8500,4,'',0
'987',70102,70500,0,'W',0,4500,0,'W',0,8500,0,'W',0,8500,0,'W',0,8500,0,'W',0,4500,0,'W',0,17000,0,'W',0,13000,0,'W',0,8500,0,'W',0,8500,0,'W',0,8500,0,'W',0,4500,0,'W',0,8500,0,'W',0,8500,0,'W',0
'988',70101,74500,4,'',0,8500,4,'',0,8500,4,'',0,8500,4,'',0,4500,4,'',0,17000,4,'',0,13000,4,'',0,8500,4,'',0,8500,4,'',0,8500,4,'',0,4500,4,'',0,8500,4,'',0,8500,4,'',0,8500,4,'',0
'988',70102,70500,0,'W',0,4500,0,'W',0,8500,0,'W',0,8500,0,'W',0,8500,0,'W',0,4500,0,'W',0,17000,0,'W',0,13000,0,'W',0,8500,0,'W',0,8500,0,'W',0,8500,0,'W',0,4500,0,'W',0,8500,0,'W',0,8500,0,'W',0
'989',70101,74500,4,'',0,8500,4,'',0,8500,4,'',0,8500,4,'',0,4500,4,'',0,17000,4,'',0,13000,4,'',0,8500,4,'',0,8500,4,'',0,8500,4,'',0,4500,4,'',0,8500,4,'',0,8500,4,'',0,8500,4,'',0
'989',70102,70500,0,'W',0,4500,0,'W',0,8500,0,'W',0,8500,0,'W',0,8500,0,'W',0,4500,0,'W',0,17000,0,'W',0,13000,0,'W',0,8500,0,'W',0,8500,0,'W',0,8500,0,'W',0,4500,0,'W',0,8500,0,'W',0,8500,0,'W',0
'990',70101,74500,4,'',0,8500,4,'',0,8500,4,'',0,8500,4,'',0,4500,4,'',0,17000,4,'',0,13000,4,'',0,8500,4,'',0,8500,4,'',0,8500,4,'',0,4500,4,'',0,8500,4,'',0,8500,4,'',0,8500,4,'',0
'990',70102,70500,0,'W',0,4500,0,'W',0,8500,0,'W',0,8500,0,'W',0,8500,0,'W',0,4500,0,'W',0,17000,0,'W',0,13000,0,'W',0,8500,0,'W',0,8500,0,'W',0,8500,0,'W',0,4500,0,'W',0,8500,0,'W',0,8500,0,'W',0
'984',261200,101000,4,'',0,90000,4,'',0
'984',261201,74500,0,'LTW 42',0,90000,0,'LTW 42',0
'986',261200,74000,4,'',0,70000,4,'',0,50000,4,'',0
'986',261201,51500,0,'LTW 42',0,70000,0,'LTW 42',0,50000,0,'LTW 42',0
'987',261200,74000,4,'',0,70000,4,'',0,50000,4,'',0
'987',261201,51500,0,'LTW 42',0,70000,0,'LTW 42',0,50000,0,'LTW 42',0
'988',261200,74000,4,'',0,70000,4,'',0,50000,4,'',0
'988',261201,51500,0,'LTW 42',0,70000,0,'LTW 42',0,50000,0,'LTW 42',0
'989',261200,74000,4,'',0,70000,4,'',0,50000,4,'',0
'989',261201,51500,0,'LTW 42',0,70000,0,'LTW 42',0,50000,0,'LTW 42',0
'990',261200,74000,4,'',0,70000,4,'',0,50000,4,'',0
'990',261201,51500,0,'LTW 42',0,70000,0,'LTW 42',0,50000,0,'LTW 42',0
'983',400100,95100,4,'',0,7500,4,'',0,7500,4,'',0,3500,4,'',0,7500,4,'',0,3500,4,'',0,7500,4,'',0,3500,4,'',0,7500,4,'',0,7500,4,'',0,3500,4,'',0,7500,4,'',0,3500,4,'',0,7500,4,'',0,7500,4,'',0,3500,4,'',0
'983',400101,95500,0,'518',0,7500,0,'518',0,7500,0,'518',0,3500,0,'518',0,7500,0,'518',0,3500,0,'518',0,7500,0,'518',0,7500,0,'518',0,3500,0,'518',0,7500,0,'518',0,3500,0,'518',0,7500,0,'518',0,3500,0,'518',0,7500,0,'518',0,7500,0,'518',0,3500,0,'518',0
'984',400100,81600,4,'',0,3500,4,'',0,7500,4,'',0,7500,4,'',0,3500,4,'',0,7500,4,'',0,3500,4,'',0,7500,4,'',0,3500,4,'',0,7500,4,'',0,7500,4,'',0,3500,4,'',0,7500,4,'',0,3500,4,'',0,7500,4,'',0,7500,4,'',0,3500,4,'',0,7500,4,'',0,3500,4,'',0,7500,4,'',0
'984',400101,82000,0,'518',0,3500,0,'518',0,7500,0,'518',0,7500,0,'518',0,3500,0,'518',0,7500,0,'518',0,3500,0,'518',0,7500,0,'518',0,7500,0,'518',0,3500,0,'518',0,7500,0,'518',0,3500,0,'518',0,7500,0,'518',0,3500,0,'518',0,7500,0,'518',0,7500,0,'518',0,3500,0,'518',0,7500,0,'518',0,3500,0,'518',0,7500,0,'518',0
'985',400100,95100,4,'',0,7500,4,'',0,7500,4,'',0,3500,4,'',0,7500,4,'',0,3500,4,'',0,7500,4,'',0,3500,4,'',0,7500,4,'',0,7500,4,'',0,3500,4,'',0,7500,4,'',0,3500,4,'',0,7500,4,'',0,7500,4,'',0,3500,4,'',0
'985',400101,95500,0,'518',0,7500,0,'518',0,7500,0,'518',0,3500,0,'518',0,7500,0,'518',0,3500,0,'518',0,7500,0,'518',0,7500,0,'518',0,3500,0,'518',0,7500,0,'518',0,3500,0,'518',0,7500,0,'518',0,3500,0,'518',0,7500,0,'518',0,7500,0,'518',0,3500,0,'518',0
'986',400100,71600,4,'',0,3500,4,'',0,7500,4,'',0,7500,4,'',0,3500,4,'',0,7500,4,'',0,3500,4,'',0,7500,4,'',0,3500,4,'',0,7500,4,'',0,7500,4,'',0,3500,4,'',0,7500,4,'',0,3500,4,'',0,7500,4,'',0,7500,4,'',0,3500,4,'',0,7500,4,'',0,3500,4,'',0,7500,4,'',0,3500,4,'',0,7500,4,'',0,7500,4,'',0,3500,4,'',0,7500,4,'',0,3500,4,'',0,7500,4,'',0
'986',400101,72000,0,'518',0,3500,0,'518',0,7500,0,'518',0,7500,0,'518',0,3500,0,'518',0,7500,0,'518',0,3500,0,'518',0,7500,0,'518',0,7500,0,'518',0,3500,0,'518',0,7500,0,'518',0,3500,0,'518',0,7500,0,'518',0,3500,0,'518',0,7500,0,'518',0,7500,0,'518',0,3500,0,'518',0,7500,0,'518',0,3500,0,'518',0,7500,0,'518',0,7500,0,'518',0,3500,0,'518',0,7500,0,'518',0,3500,0,'518',0,7500,0,'518',0,3500,0,'518',0,7500,0,'518',0
'987',400100,71600,4,'',0,3500,4,'',0,7500,4,'',0,7500,4,'',0,3500,4,'',0,7500,4,'',0,3500,4,'',0,7500,4,'',0,3500,4,'',0,7500,4,'',0,7500,4,'',0,3500,4,'',0,7500,4,'',0,3500,4,'',0,7500,4,'',0,7500,4,'',0,3500,4,'',0,7500,4,'',0,3500,4,'',0,7500,4,'',0,3500,4,'',0,7500,4,'',0,7500,4,'',0,3500,4,'',0,7500,4,'',0,3500,4,'',0,7500,4,'',0
'987',400101,72000,0,'518',0,3500,0,'518',0,7500,0,'518',0,7500,0,'518',0,3500,0,'518',0,7500,0,'518',0,3500,0,'518',0,7500,0,'518',0,7500,0,'518',0,3500,0,'518',0,7500,0,'518',0,3500,0,'518',0,7500,0,'518',0,3500,0,'518',0,7500,0,'518',0,7500,0,'518',0,3500,0,'518',0,7500,0,'518',0,3500,0,'518',0,7500,0,'518',0,7500,0,'518',0,3500,0,'518',0,7500,0,'518',0,3500,0,'518',0,7500,0,'518',0,3500,0,'518',0,7500,0,'518',0
'988',400100,71600,4,'',0,3500,4,'',0,7500,4,'',0,7500,4,'',0,3500,4,'',0,7500,4,'',0,3500,4,'',0,7500,4,'',0,3500,4,'',0,7500,4,'',0,7500,4,'',0,3500,4,'',0,7500,4,'',0,3500,4,'',0,7500,4,'',0,7500,4,'',0,3500,4,'',0,7500,4,'',0,3500,4,'',0,7500,4,'',0,3500,4,'',0,7500,4,'',0,7500,4,'',0,3500,4,'',0,7500,4,'',0,3500,4,'',0,7500,4,'',0
'988',400101,72000,0,'518',0,3500,0,'518',0,7500,0,'518',0,7500,0,'518',0,3500,0,'518',0,7500,0,'518',0,3500,0,'518',0,7500,0,'518',0,7500,0,'518',0,3500,0,'518',0,7500,0,'518',0,3500,0,'518',0,7500,0,'518',0,3500,0,'518',0,7500,0,'518',0,7500,0,'518',0,3500,0,'518',0,7500,0,'518',0,3500,0,'518',0,7500,0,'518',0,7500,0,'518',0,3500,0,'518',0,7500,0,'518',0,3500,0,'518',0,7500,0,'518',0,3500,0,'518',0,7500,0,'518',0
'989',400100,71600,4,'',0,3500,4,'',0,7500,4,'',0,7500,4,'',0,3500,4,'',0,7500,4,'',0,3500,4,'',0,7500,4,'',0,3500,4,'',0,7500,4,'',0,7500,4,'',0,3500,4,'',0,7500,4,'',0,3500,4,'',0,7500,4,'',0,7500,4,'',0,3500,4,'',0,7500,4,'',0,3500,4,'',0,7500,4,'',0,3500,4,'',0,7500,4,'',0,7500,4,'',0,3500,4,'',0,7500,4,'',0,3500,4,'',0,7500,4,'',0
'989',400101,72000,0,'518',0,3500,0,'518',0,7500,0,'518',0,7500,0,'518',0,3500,0,'518',0,7500,0,'518',0,3500,0,'518',0,7500,0,'518',0,7500,0,'518',0,3500,0,'518',0,7500,0,'518',0,3500,0,'518',0,7500,0,'518',0,3500,0,'518',0,7500,0,'518',0,7500,0,'518',0,3500,0,'518',0,7500,0,'518',0,3500,0,'518',0,7500,0,'518',0,7500,0,'518',0,3500,0,'518',0,7500,0,'518',0,3500,0,'518',0,7500,0,'518',0,3500,0,'518',0,7500,0,'518',0
'990',400100,71600,4,'',0,3500,4,'',0,7500,4,'',0,7500,4,'',0,3500,4,'',0,7500,4,'',0,3500,4,'',0,7500,4,'',0,3500,4,'',0,7500,4,'',0,7500,4,'',0,3500,4,'',0,7500,4,'',0,3500,4,'',0,7500,4,'',0,7500,4,'',0,3500,4,'',0,7500,4,'',0,3500,4,'',0,7500,4,'',0,3500,4,'',0,7500,4,'',0,7500,4,'',0,3500,4,'',0,7500,4,'',0,3500,4,'',0,7500,4,'',0
'990',400101,72000,0,'518',0,3500,0,'518',0,7500,0,'518',0,7500,0,'518',0,3500,0,'518',0,7500,0,'518',0,3500,0,'518',0,7500,0,'518',0,7500,0,'518',0,3500,0,'518',0,7500,0,'518',0,3500,0,'518',0,7500,0,'518',0,3500,0,'518',0,7500,0,'518',0,7500,0,'518',0,3500,0,'518',0,7500,0,'518',0,3500,0,'518',0,7500,0,'518',0,7500,0,'518',0,3500,0,'518',0,7500,0,'518',0,3500,0,'518',0,7500,0,'518',0,3500,0,'518',0,7500,0,'518',0
