'1028',463600,94400,0,'605',0,48000,0,'605',0,41500,0,'605',0
'1029',463600,81400,0,'605',0,63000,0,'605',0,47000,0,'605',0
'1030',463600,94400,0,'605',0,48000,0,'605',0,41500,0,'605',0
'1031',463600,71400,0,'605',0,73000,0,'605',0,47000,0,'605',0
'1032',463600,71400,0,'605',0,73000,0,'605',0,47000,0,'605',0
'1033',463600,71400,0,'605',0,73000,0,'605',0,47000,0,'605',0
'1034',463600,71400,0,'605',0,73000,0,'605',0,47000,0,'605',0
'1035',463600,71400,0,'605',0,73000,0,'605',0,47000,0,'605',0
'1036',463600,94400,0,'605',0,48000,0,'605',0,41500,0,'605',0
'1037',463600,101400,0,'605',0,30000,0,'605',0,30000,0,'605',0
'1038',463600,94400,0,'605',0,48000,0,'605',0,41500,0,'605',0
