'984',70101,71400,0,'E',0,13000,0,'E',0,17000,0,'E',0,13000,0,'E',0,17000,0,'E',0,13000,0,'E',0,17000,0,'E',0,13000,0,'E',0
'984',70102,81200,0,'W',0,13000,0,'W',0,17000,0,'W',0,13000,0,'W',0,17000,0,'W',0,13000,0,'W',0,17000,0,'W',0,13000,0,'W',0
'986',70101,71400,0,'E',0,4500,0,'E',0,8500,0,'E',0,8500,0,'E',0,8500,0,'E',0,13000,0,'E',0,17000,0,'E',0,4500,0,'E',0,8500,0,'E',0,8500,0,'E',0,8500,0,'E',0,4500,0,'E',0,8500,0,'E',0,8500,0,'E',0
'986',70102,72700,0,'W',0,8500,0,'W',0,4500,0,'W',0,8500,0,'W',0,8500,0,'W',0,8500,0,'W',0,13000,0,'W',0,17000,0,'W',0,4500,0,'W',0,8500,0,'W',0,8500,0,'W',0,8500,0,'W',0,4500,0,'W',0,8500,0,'W',0
'987',70101,71400,0,'E',0,4500,0,'E',0,8500,0,'E',0,8500,0,'E',0,8500,0,'E',0,13000,0,'E',0,17000,0,'E',0,4500,0,'E',0,8500,0,'E',0,8500,0,'E',0,8500,0,'E',0,4500,0,'E',0,8500,0,'E',0,8500,0,'E',0
'987',70102,72700,0,'W',0,8500,0,'W',0,4500,0,'W',0,8500,0,'W',0,8500,0,'W',0,8500,0,'W',0,13000,0,'W',0,17000,0,'W',0,4500,0,'W',0,8500,0,'W',0,8500,0,'W',0,8500,0,'W',0,4500,0,'W',0,8500,0,'W',0
'988',70101,71400,0,'E',0,4500,0,'E',0,8500,0,'E',0,8500,0,'E',0,8500,0,'E',0,13000,0,'E',0,17000,0,'E',0,4500,0,'E',0,8500,0,'E',0,8500,0,'E',0,8500,0,'E',0,4500,0,'E',0,8500,0,'E',0,8500,0,'E',0
'988',70102,72700,0,'W',0,8500,0,'W',0,4500,0,'W',0,8500,0,'W',0,8500,0,'W',0,8500,0,'W',0,13000,0,'W',0,17000,0,'W',0,4500,0,'W',0,8500,0,'W',0,8500,0,'W',0,8500,0,'W',0,4500,0,'W',0,8500,0,'W',0
'989',70101,71400,0,'E',0,4500,0,'E',0,8500,0,'E',0,8500,0,'E',0,8500,0,'E',0,13000,0,'E',0,17000,0,'E',0,4500,0,'E',0,8500,0,'E',0,8500,0,'E',0,8500,0,'E',0,4500,0,'E',0,8500,0,'E',0,8500,0,'E',0
'989',70102,72700,0,'W',0,8500,0,'W',0,4500,0,'W',0,8500,0,'W',0,8500,0,'W',0,8500,0,'W',0,13000,0,'W',0,17000,0,'W',0,4500,0,'W',0,8500,0,'W',0,8500,0,'W',0,8500,0,'W',0,4500,0,'W',0,8500,0,'W',0
'990',70101,71400,0,'E',0,4500,0,'E',0,8500,0,'E',0,8500,0,'E',0,8500,0,'E',0,13000,0,'E',0,17000,0,'E',0,4500,0,'E',0,8500,0,'E',0,8500,0,'E',0,8500,0,'E',0,4500,0,'E',0,8500,0,'E',0,8500,0,'E',0
'990',70102,72700,0,'W',0,8500,0,'W',0,4500,0,'W',0,8500,0,'W',0,8500,0,'W',0,8500,0,'W',0,13000,0,'W',0,17000,0,'W',0,4500,0,'W',0,8500,0,'W',0,8500,0,'W',0,8500,0,'W',0,4500,0,'W',0,8500,0,'W',0
