'992',70101,70000,0,'E',0,13000,0,'E',0,17000,0,'E',0,13000,0,'E',0,17000,0,'E',0,13000,0,'E',0,17000,0,'E',0,13000,0,'E',0
'992',70102,83000,4,'',0,17000,4,'',0,13000,4,'',0,17000,4,'',0,13000,4,'',0,17000,4,'',0,13000,4,'',0,17000,4,'',0
'994',70101,70000,0,'E',0,4500,0,'E',0,8500,0,'E',0,8500,0,'E',0,8500,0,'E',0,13000,0,'E',0,17000,0,'E',0,4500,0,'E',0,8500,0,'E',0,8500,0,'E',0,8500,0,'E',0,4500,0,'E',0,8500,0,'E',0,8500,0,'E',0
'994',70102,74500,4,'',0,8500,4,'',0,8500,4,'',0,8500,4,'',0,4500,4,'',0,8500,4,'',0,17000,4,'',0,13000,4,'',0,8500,4,'',0,8500,4,'',0,4500,4,'',0,8500,4,'',0,8500,4,'',0,8500,4,'',0
'995',70101,70000,0,'E',0,4500,0,'E',0,8500,0,'E',0,8500,0,'E',0,8500,0,'E',0,13000,0,'E',0,17000,0,'E',0,4500,0,'E',0,8500,0,'E',0,8500,0,'E',0,8500,0,'E',0,4500,0,'E',0,8500,0,'E',0,8500,0,'E',0
'995',70102,74500,4,'',0,8500,4,'',0,8500,4,'',0,8500,4,'',0,4500,4,'',0,8500,4,'',0,17000,4,'',0,13000,4,'',0,8500,4,'',0,8500,4,'',0,4500,4,'',0,8500,4,'',0,8500,4,'',0,8500,4,'',0
'996',70101,70000,0,'E',0,4500,0,'E',0,8500,0,'E',0,8500,0,'E',0,8500,0,'E',0,13000,0,'E',0,17000,0,'E',0,4500,0,'E',0,8500,0,'E',0,8500,0,'E',0,8500,0,'E',0,4500,0,'E',0,8500,0,'E',0,8500,0,'E',0
'996',70102,74500,4,'',0,8500,4,'',0,8500,4,'',0,8500,4,'',0,4500,4,'',0,8500,4,'',0,17000,4,'',0,13000,4,'',0,8500,4,'',0,8500,4,'',0,4500,4,'',0,8500,4,'',0,8500,4,'',0,8500,4,'',0
'997',70101,70000,0,'E',0,4500,0,'E',0,8500,0,'E',0,8500,0,'E',0,8500,0,'E',0,13000,0,'E',0,17000,0,'E',0,4500,0,'E',0,8500,0,'E',0,8500,0,'E',0,8500,0,'E',0,4500,0,'E',0,8500,0,'E',0,8500,0,'E',0
'997',70102,74500,4,'',0,8500,4,'',0,8500,4,'',0,8500,4,'',0,4500,4,'',0,8500,4,'',0,17000,4,'',0,13000,4,'',0,8500,4,'',0,8500,4,'',0,4500,4,'',0,8500,4,'',0,8500,4,'',0,8500,4,'',0
'998',70101,70000,0,'E',0,4500,0,'E',0,8500,0,'E',0,8500,0,'E',0,8500,0,'E',0,13000,0,'E',0,17000,0,'E',0,4500,0,'E',0,8500,0,'E',0,8500,0,'E',0,8500,0,'E',0,4500,0,'E',0,8500,0,'E',0,8500,0,'E',0
'998',70102,74500,4,'',0,8500,4,'',0,8500,4,'',0,8500,4,'',0,4500,4,'',0,8500,4,'',0,17000,4,'',0,13000,4,'',0,8500,4,'',0,8500,4,'',0,4500,4,'',0,8500,4,'',0,8500,4,'',0,8500,4,'',0
