'919',1600,105600,4,'',0,7000,4,'',0,8500,4,'',0,3000,4,'',0,7000,4,'',0,3000,4,'',0,7000,4,'',0,3000,4,'',0,7000,4,'',0,3000,4,'',0,7000,4,'',0,3000,4,'',0,7000,4,'',0,2000,4,'',0,1000,4,'',0,7000,4,'',0,2000,4,'',0,1000,4,'',0,7000,4,'',0,3000,4,'',0,7000,4,'',0
'919',1601,100500,0,'Transway1A',0,3000,0,'Transway1A',0,8500,0,'Transway1A',0,3000,0,'Transway1A',0,7000,0,'Transway1A',0,3000,0,'Transway1A',0,7000,0,'Transway1A',0,3000,0,'Transway1A',0,7000,0,'Transway1A',0,3000,0,'Transway1A',0,7000,0,'Transway1A',0,3000,0,'Transway1A',0,7000,0,'Transway1A',0,3000,0,'Transway1A',0,7000,0,'Transway1A',0,3000,0,'Transway1A',0,7000,0,'Transway1A',0,3000,0,'Transway1A',0,7000,0,'Transway1A',0
'920',1600,74300,4,'',0,7000,4,'',0,3000,4,'',0,7000,4,'',0,3000,4,'',0,7000,4,'',0,3000,4,'',0,7000,4,'',0,2000,4,'',0,2000,4,'',0,6000,4,'',0,2000,4,'',0,2000,4,'',0,6000,4,'',0,2000,4,'',0,2000,4,'',0,6000,4,'',0,2000,4,'',0,2000,4,'',0,6000,4,'',0,2000,4,'',0,2000,4,'',0,6000,4,'',0,2000,4,'',0,2000,4,'',0,6000,4,'',0,2000,4,'',0,2000,4,'',0,6000,4,'',0,2000,4,'',0,500,4,'',0,1500,4,'',0,6000,4,'',0,3000,4,'',0,7000,4,'',0,3000,4,'',0,7000,4,'',0,3000,4,'',0,7000,4,'',0,10000,4,'',0
'920',1601,65000,0,'Transway1A',0,7000,0,'Transway1A',0,3000,0,'Transway1A',0,7000,0,'Transway1A',0,3000,0,'Transway1A',0,7000,0,'Transway1A',0,3000,0,'Transway1A',0,7000,0,'Transway1A',0,2000,0,'Transway1A',0,6000,0,'Transway1A',0,2000,0,'Transway1A',0,2000,0,'Transway1A',0,6000,0,'Transway1A',0,2000,0,'Transway1A',0,2000,0,'Transway1A',0,6000,0,'Transway1A',0,2000,0,'Transway1A',0,2000,0,'Transway1A',0,6000,0,'Transway1A',0,2000,0,'Transway1A',0,2000,0,'Transway1A',0,6000,0,'Transway1A',0,2000,0,'Transway1A',0,2000,0,'Transway1A',0,6000,0,'Transway1A',0,2000,0,'Transway1A',0,2000,0,'Transway1A',0,6000,0,'Transway1A',0,2000,0,'Transway1A',0,2000,0,'Transway1A',0,6000,0,'Transway1A',0,2200,0,'Transway1A',0,3000,0,'Transway1A',0,7000,0,'Transway1A',0,3000,0,'Transway1A',0,7000,0,'Transway1A',0,3000,0,'Transway1A',0,7000,0,'Transway1A',0,10000,0,'Transway1A',0
'921',1600,105600,4,'',0,7000,4,'',0,8500,4,'',0,3000,4,'',0,7000,4,'',0,3000,4,'',0,7000,4,'',0,3000,4,'',0,7000,4,'',0,3000,4,'',0,7000,4,'',0,3000,4,'',0,7000,4,'',0,2000,4,'',0,1000,4,'',0,7000,4,'',0,2000,4,'',0,1000,4,'',0,7000,4,'',0,3000,4,'',0,7000,4,'',0
'921',1601,100500,0,'Transway1A',0,3000,0,'Transway1A',0,8500,0,'Transway1A',0,3000,0,'Transway1A',0,7000,0,'Transway1A',0,3000,0,'Transway1A',0,7000,0,'Transway1A',0,3000,0,'Transway1A',0,7000,0,'Transway1A',0,3000,0,'Transway1A',0,7000,0,'Transway1A',0,3000,0,'Transway1A',0,7000,0,'Transway1A',0,3000,0,'Transway1A',0,7000,0,'Transway1A',0,3000,0,'Transway1A',0,7000,0,'Transway1A',0,3000,0,'Transway1A',0,7000,0,'Transway1A',0
'922',1600,65300,4,'',0,7400,4,'',0,3100,4,'',0,6000,4,'',0,2000,4,'',0,2000,4,'',0,6000,4,'',0,2000,4,'',0,2000,4,'',0,6000,4,'',0,2000,4,'',0,2000,4,'',0,6000,4,'',0,2000,4,'',0,2000,4,'',0,6000,4,'',0,2000,4,'',0,2000,4,'',0,6000,4,'',0,2000,4,'',0,2000,4,'',0,6000,4,'',0,2000,4,'',0,2000,4,'',0,6000,4,'',0,2000,4,'',0,2000,4,'',0,6000,4,'',0,2000,4,'',0,2000,4,'',0,6000,4,'',0,2000,4,'',0,2000,4,'',0,6000,4,'',0,2000,4,'',0,2000,4,'',0,5500,4,'',0,3000,4,'',0,7000,4,'',0,3000,4,'',0,7000,4,'',0,1900,4,'',0,1100,4,'',0,5900,4,'',0,1100,4,'',0,10000,4,'',0
'922',1601,60000,0,'Transway1A',0,3700,0,'Transway1A',0,7000,0,'Transway1A',0,2000,0,'Transway1A',0,2000,0,'Transway1A',0,6000,0,'Transway1A',0,2000,0,'Transway1A',0,2000,0,'Transway1A',0,6000,0,'Transway1A',0,2000,0,'Transway1A',0,2000,0,'Transway1A',0,6000,0,'Transway1A',0,2000,0,'Transway1A',0,2000,0,'Transway1A',0,6000,0,'Transway1A',0,2000,0,'Transway1A',0,2000,0,'Transway1A',0,6000,0,'Transway1A',0,2000,0,'Transway1A',0,2000,0,'Transway1A',0,6000,0,'Transway1A',0,2000,0,'Transway1A',0,2000,0,'Transway1A',0,6000,0,'Transway1A',0,2000,0,'Transway1A',0,2000,0,'Transway1A',0,6000,0,'Transway1A',0,2000,0,'Transway1A',0,2000,0,'Transway1A',0,6000,0,'Transway1A',0,2000,0,'Transway1A',0,2000,0,'Transway1A',0,6000,0,'Transway1A',0,2000,0,'Transway1A',0,2000,0,'Transway1A',0,6000,0,'Transway1A',0,1500,0,'Transway1A',0,3000,0,'Transway1A',0,7000,0,'Transway1A',0,3000,0,'Transway1A',0,7000,0,'Transway1A',0,3000,0,'Transway1A',0,7000,0,'Transway1A',0,10000,0,'Transway1A',0,10000,0,'Transway1A',0
'923',1600,65300,4,'',0,7400,4,'',0,3100,4,'',0,6000,4,'',0,2000,4,'',0,2000,4,'',0,6000,4,'',0,2000,4,'',0,2000,4,'',0,6000,4,'',0,2000,4,'',0,2000,4,'',0,6000,4,'',0,2000,4,'',0,2000,4,'',0,6000,4,'',0,2000,4,'',0,2000,4,'',0,6000,4,'',0,2000,4,'',0,2000,4,'',0,6000,4,'',0,2000,4,'',0,2000,4,'',0,6000,4,'',0,2000,4,'',0,2000,4,'',0,6000,4,'',0,2000,4,'',0,2000,4,'',0,6000,4,'',0,2000,4,'',0,2000,4,'',0,6000,4,'',0,2000,4,'',0,2000,4,'',0,5500,4,'',0,3000,4,'',0,7000,4,'',0,3000,4,'',0,7000,4,'',0,3000,4,'',0,7000,4,'',0,10000,4,'',0
'923',1601,60000,0,'Transway1A',0,3700,0,'Transway1A',0,7000,0,'Transway1A',0,2000,0,'Transway1A',0,2000,0,'Transway1A',0,6000,0,'Transway1A',0,2000,0,'Transway1A',0,2000,0,'Transway1A',0,6000,0,'Transway1A',0,2000,0,'Transway1A',0,2000,0,'Transway1A',0,6000,0,'Transway1A',0,2000,0,'Transway1A',0,2000,0,'Transway1A',0,6000,0,'Transway1A',0,2000,0,'Transway1A',0,2000,0,'Transway1A',0,6000,0,'Transway1A',0,2000,0,'Transway1A',0,2000,0,'Transway1A',0,6000,0,'Transway1A',0,2000,0,'Transway1A',0,2000,0,'Transway1A',0,6000,0,'Transway1A',0,2000,0,'Transway1A',0,2000,0,'Transway1A',0,6000,0,'Transway1A',0,2000,0,'Transway1A',0,2000,0,'Transway1A',0,6000,0,'Transway1A',0,2000,0,'Transway1A',0,2000,0,'Transway1A',0,6000,0,'Transway1A',0,2000,0,'Transway1A',0,2000,0,'Transway1A',0,6000,0,'Transway1A',0,1500,0,'Transway1A',0,3000,0,'Transway1A',0,7000,0,'Transway1A',0,3000,0,'Transway1A',0,7000,0,'Transway1A',0,3000,0,'Transway1A',0,7000,0,'Transway1A',0,10000,0,'Transway1A',0,10000,0,'Transway1A',0
'924',1600,65300,4,'',0,7400,4,'',0,3100,4,'',0,6000,4,'',0,2000,4,'',0,2000,4,'',0,6000,4,'',0,2000,4,'',0,2000,4,'',0,6000,4,'',0,2000,4,'',0,2000,4,'',0,6000,4,'',0,2000,4,'',0,2000,4,'',0,6000,4,'',0,2000,4,'',0,2000,4,'',0,6000,4,'',0,2000,4,'',0,2000,4,'',0,6000,4,'',0,2000,4,'',0,2000,4,'',0,6000,4,'',0,2000,4,'',0,2000,4,'',0,6000,4,'',0,2000,4,'',0,2000,4,'',0,6000,4,'',0,2000,4,'',0,2000,4,'',0,6000,4,'',0,2000,4,'',0,2000,4,'',0,5500,4,'',0,3000,4,'',0,7000,4,'',0,3000,4,'',0,7000,4,'',0,1900,4,'',0,1100,4,'',0,5900,4,'',0,1100,4,'',0,10000,4,'',0
'924',1601,60000,0,'Transway1A',0,3700,0,'Transway1A',0,7000,0,'Transway1A',0,2000,0,'Transway1A',0,2000,0,'Transway1A',0,6000,0,'Transway1A',0,2000,0,'Transway1A',0,2000,0,'Transway1A',0,6000,0,'Transway1A',0,2000,0,'Transway1A',0,2000,0,'Transway1A',0,6000,0,'Transway1A',0,2000,0,'Transway1A',0,2000,0,'Transway1A',0,6000,0,'Transway1A',0,2000,0,'Transway1A',0,2000,0,'Transway1A',0,6000,0,'Transway1A',0,2000,0,'Transway1A',0,2000,0,'Transway1A',0,6000,0,'Transway1A',0,2000,0,'Transway1A',0,2000,0,'Transway1A',0,6000,0,'Transway1A',0,2000,0,'Transway1A',0,2000,0,'Transway1A',0,6000,0,'Transway1A',0,2000,0,'Transway1A',0,2000,0,'Transway1A',0,6000,0,'Transway1A',0,2000,0,'Transway1A',0,2000,0,'Transway1A',0,6000,0,'Transway1A',0,2000,0,'Transway1A',0,2000,0,'Transway1A',0,6000,0,'Transway1A',0,1500,0,'Transway1A',0,3000,0,'Transway1A',0,7000,0,'Transway1A',0,3000,0,'Transway1A',0,7000,0,'Transway1A',0,3000,0,'Transway1A',0,7000,0,'Transway1A',0,10000,0,'Transway1A',0,10000,0,'Transway1A',0
'925',1600,65300,4,'',0,7400,4,'',0,3100,4,'',0,6000,4,'',0,2000,4,'',0,2000,4,'',0,6000,4,'',0,2000,4,'',0,2000,4,'',0,6000,4,'',0,2000,4,'',0,2000,4,'',0,6000,4,'',0,2000,4,'',0,2000,4,'',0,6000,4,'',0,2000,4,'',0,2000,4,'',0,6000,4,'',0,2000,4,'',0,2000,4,'',0,6000,4,'',0,2000,4,'',0,2000,4,'',0,6000,4,'',0,2000,4,'',0,2000,4,'',0,6000,4,'',0,2000,4,'',0,2000,4,'',0,6000,4,'',0,2000,4,'',0,2000,4,'',0,6000,4,'',0,2000,4,'',0,2000,4,'',0,5500,4,'',0,3000,4,'',0,7000,4,'',0,3000,4,'',0,7000,4,'',0,3000,4,'',0,7000,4,'',0,10000,4,'',0
'925',1601,60000,0,'Transway1A',0,3700,0,'Transway1A',0,7000,0,'Transway1A',0,2000,0,'Transway1A',0,2000,0,'Transway1A',0,6000,0,'Transway1A',0,2000,0,'Transway1A',0,2000,0,'Transway1A',0,6000,0,'Transway1A',0,2000,0,'Transway1A',0,2000,0,'Transway1A',0,6000,0,'Transway1A',0,2000,0,'Transway1A',0,2000,0,'Transway1A',0,6000,0,'Transway1A',0,2000,0,'Transway1A',0,2000,0,'Transway1A',0,6000,0,'Transway1A',0,2000,0,'Transway1A',0,2000,0,'Transway1A',0,6000,0,'Transway1A',0,2000,0,'Transway1A',0,2000,0,'Transway1A',0,6000,0,'Transway1A',0,2000,0,'Transway1A',0,2000,0,'Transway1A',0,6000,0,'Transway1A',0,2000,0,'Transway1A',0,2000,0,'Transway1A',0,6000,0,'Transway1A',0,2000,0,'Transway1A',0,2000,0,'Transway1A',0,6000,0,'Transway1A',0,2000,0,'Transway1A',0,2000,0,'Transway1A',0,6000,0,'Transway1A',0,1500,0,'Transway1A',0,3000,0,'Transway1A',0,7000,0,'Transway1A',0,3000,0,'Transway1A',0,7000,0,'Transway1A',0,3000,0,'Transway1A',0,7000,0,'Transway1A',0,10000,0,'Transway1A',0,10000,0,'Transway1A',0
'926',1600,65300,4,'',0,7400,4,'',0,3100,4,'',0,6000,4,'',0,2000,4,'',0,2000,4,'',0,6000,4,'',0,2000,4,'',0,2000,4,'',0,6000,4,'',0,2000,4,'',0,2000,4,'',0,6000,4,'',0,2000,4,'',0,2000,4,'',0,6000,4,'',0,2000,4,'',0,2000,4,'',0,6000,4,'',0,2000,4,'',0,2000,4,'',0,6000,4,'',0,2000,4,'',0,2000,4,'',0,6000,4,'',0,2000,4,'',0,2000,4,'',0,6000,4,'',0,2000,4,'',0,2000,4,'',0,6000,4,'',0,2000,4,'',0,2000,4,'',0,6000,4,'',0,2000,4,'',0,2000,4,'',0,5500,4,'',0,3000,4,'',0,7000,4,'',0,3000,4,'',0,7000,4,'',0,3000,4,'',0,7000,4,'',0,10000,4,'',0
'926',1601,60000,0,'Transway1A',0,3700,0,'Transway1A',0,7000,0,'Transway1A',0,2000,0,'Transway1A',0,2000,0,'Transway1A',0,6000,0,'Transway1A',0,2000,0,'Transway1A',0,2000,0,'Transway1A',0,6000,0,'Transway1A',0,2000,0,'Transway1A',0,2000,0,'Transway1A',0,6000,0,'Transway1A',0,2000,0,'Transway1A',0,2000,0,'Transway1A',0,6000,0,'Transway1A',0,2000,0,'Transway1A',0,2000,0,'Transway1A',0,6000,0,'Transway1A',0,2000,0,'Transway1A',0,2000,0,'Transway1A',0,6000,0,'Transway1A',0,2000,0,'Transway1A',0,2000,0,'Transway1A',0,6000,0,'Transway1A',0,2000,0,'Transway1A',0,2000,0,'Transway1A',0,6000,0,'Transway1A',0,2000,0,'Transway1A',0,2000,0,'Transway1A',0,6000,0,'Transway1A',0,2000,0,'Transway1A',0,2000,0,'Transway1A',0,6000,0,'Transway1A',0,2000,0,'Transway1A',0,2000,0,'Transway1A',0,6000,0,'Transway1A',0,1500,0,'Transway1A',0,3000,0,'Transway1A',0,7000,0,'Transway1A',0,3000,0,'Transway1A',0,7000,0,'Transway1A',0,3000,0,'Transway1A',0,7000,0,'Transway1A',0,10000,0,'Transway1A',0,10000,0,'Transway1A',0
