'983',2400,80000,0,'TunnelBus',0,10000,0,'TunnelBus',0,10000,0,'TunnelBus',0,10000,0,'TunnelBus',0,10000,0,'TunnelBus',0,10000,0,'TunnelBus',0,10000,0,'TunnelBus',0,10000,0,'TunnelBus',0,10000,0,'TunnelBus',0,10000,0,'TunnelBus',0,10000,0,'TunnelBus',0,10000,0,'TunnelBus',0
'983',2401,85400,4,'',0,10000,4,'',0,10000,4,'',0,10000,4,'',0,10000,4,'',0,10000,4,'',0,10000,4,'',0,10000,4,'',0,10000,4,'',0,10000,4,'',0,10000,4,'',0,10000,4,'',0
'984',2400,60000,0,'TunnelBus',0,10000,0,'TunnelBus',0,10000,0,'TunnelBus',0,10000,0,'TunnelBus',0,10000,0,'TunnelBus',0,10000,0,'TunnelBus',0,10000,0,'TunnelBus',0,10000,0,'TunnelBus',0,10000,0,'TunnelBus',0,10000,0,'TunnelBus',0,10000,0,'TunnelBus',0,10000,0,'TunnelBus',0,10000,0,'TunnelBus',0,10000,0,'TunnelBus',0,10000,0,'TunnelBus',0,10000,0,'TunnelBus',0
'984',2401,65400,4,'',0,10000,4,'',0,10000,4,'',0,10000,4,'',0,10000,4,'',0,10000,4,'',0,10000,4,'',0,10000,4,'',0,10000,4,'',0,10000,4,'',0,10000,4,'',0,10000,4,'',0,10000,4,'',0,10000,4,'',0,10000,4,'',0,10000,4,'',0
'985',2400,80000,0,'TunnelBus',0,10000,0,'TunnelBus',0,10000,0,'TunnelBus',0,10000,0,'TunnelBus',0,10000,0,'TunnelBus',0,10000,0,'TunnelBus',0,10000,0,'TunnelBus',0,10000,0,'TunnelBus',0,10000,0,'TunnelBus',0,10000,0,'TunnelBus',0,10000,0,'TunnelBus',0,10000,0,'TunnelBus',0
'985',2401,85400,4,'',0,10000,4,'',0,10000,4,'',0,10000,4,'',0,10000,4,'',0,10000,4,'',0,10000,4,'',0,10000,4,'',0,10000,4,'',0,10000,4,'',0,10000,4,'',0,10000,4,'',0
'986',2400,60000,0,'TunnelBus',0,10000,0,'TunnelBus',0,10000,0,'TunnelBus',0,10000,0,'TunnelBus',0,10000,0,'TunnelBus',0,10000,0,'TunnelBus',0,10000,0,'TunnelBus',0,10000,0,'TunnelBus',0,10000,0,'TunnelBus',0,10000,0,'TunnelBus',0,10000,0,'TunnelBus',0,10000,0,'TunnelBus',0,10000,0,'TunnelBus',0,10000,0,'TunnelBus',0,10000,0,'TunnelBus',0,10000,0,'TunnelBus',0
'986',2401,65400,4,'',0,10000,4,'',0,10000,4,'',0,10000,4,'',0,10000,4,'',0,10000,4,'',0,10000,4,'',0,10000,4,'',0,10000,4,'',0,10000,4,'',0,10000,4,'',0,10000,4,'',0,10000,4,'',0,10000,4,'',0,10000,4,'',0,10000,4,'',0
'987',2400,60000,0,'TunnelBus',0,10000,0,'TunnelBus',0,10000,0,'TunnelBus',0,10000,0,'TunnelBus',0,10000,0,'TunnelBus',0,10000,0,'TunnelBus',0,10000,0,'TunnelBus',0,10000,0,'TunnelBus',0,10000,0,'TunnelBus',0,10000,0,'TunnelBus',0,10000,0,'TunnelBus',0,10000,0,'TunnelBus',0,10000,0,'TunnelBus',0,10000,0,'TunnelBus',0,10000,0,'TunnelBus',0,10000,0,'TunnelBus',0
'987',2401,65400,4,'',0,10000,4,'',0,10000,4,'',0,10000,4,'',0,10000,4,'',0,10000,4,'',0,10000,4,'',0,10000,4,'',0,10000,4,'',0,10000,4,'',0,10000,4,'',0,10000,4,'',0,10000,4,'',0,10000,4,'',0,10000,4,'',0,10000,4,'',0
'988',2400,60000,0,'TunnelBus',0,10000,0,'TunnelBus',0,10000,0,'TunnelBus',0,10000,0,'TunnelBus',0,10000,0,'TunnelBus',0,10000,0,'TunnelBus',0,10000,0,'TunnelBus',0,10000,0,'TunnelBus',0,10000,0,'TunnelBus',0,10000,0,'TunnelBus',0,10000,0,'TunnelBus',0,10000,0,'TunnelBus',0,10000,0,'TunnelBus',0,10000,0,'TunnelBus',0,10000,0,'TunnelBus',0,10000,0,'TunnelBus',0
'988',2401,65400,4,'',0,10000,4,'',0,10000,4,'',0,10000,4,'',0,10000,4,'',0,10000,4,'',0,10000,4,'',0,10000,4,'',0,10000,4,'',0,10000,4,'',0,10000,4,'',0,10000,4,'',0,10000,4,'',0,10000,4,'',0,10000,4,'',0,10000,4,'',0
'989',2400,60000,0,'TunnelBus',0,10000,0,'TunnelBus',0,10000,0,'TunnelBus',0,10000,0,'TunnelBus',0,10000,0,'TunnelBus',0,10000,0,'TunnelBus',0,10000,0,'TunnelBus',0,10000,0,'TunnelBus',0,10000,0,'TunnelBus',0,10000,0,'TunnelBus',0,10000,0,'TunnelBus',0,10000,0,'TunnelBus',0,10000,0,'TunnelBus',0,10000,0,'TunnelBus',0,10000,0,'TunnelBus',0,10000,0,'TunnelBus',0
'989',2401,65400,4,'',0,10000,4,'',0,10000,4,'',0,10000,4,'',0,10000,4,'',0,10000,4,'',0,10000,4,'',0,10000,4,'',0,10000,4,'',0,10000,4,'',0,10000,4,'',0,10000,4,'',0,10000,4,'',0,10000,4,'',0,10000,4,'',0,10000,4,'',0
'990',2400,60000,0,'TunnelBus',0,10000,0,'TunnelBus',0,10000,0,'TunnelBus',0,10000,0,'TunnelBus',0,10000,0,'TunnelBus',0,10000,0,'TunnelBus',0,10000,0,'TunnelBus',0,10000,0,'TunnelBus',0,10000,0,'TunnelBus',0,10000,0,'TunnelBus',0,10000,0,'TunnelBus',0,10000,0,'TunnelBus',0,10000,0,'TunnelBus',0,10000,0,'TunnelBus',0,10000,0,'TunnelBus',0,10000,0,'TunnelBus',0
'990',2401,65400,4,'',0,10000,4,'',0,10000,4,'',0,10000,4,'',0,10000,4,'',0,10000,4,'',0,10000,4,'',0,10000,4,'',0,10000,4,'',0,10000,4,'',0,10000,4,'',0,10000,4,'',0,10000,4,'',0,10000,4,'',0,10000,4,'',0,10000,4,'',0
