'1039',463601,90900,0,'605',0,44000,0,'605',0,45500,0,'605',0
'1040',463601,73900,0,'605',0,67000,0,'605',0,43000,0,'605',0
'1041',463601,90900,0,'605',0,44000,0,'605',0,45500,0,'605',0
'1042',463601,63900,0,'605',0,77000,0,'605',0,43000,0,'605',0
'1043',463601,63900,0,'605',0,77000,0,'605',0,43000,0,'605',0
'1044',463601,63900,0,'605',0,77000,0,'605',0,43000,0,'605',0
'1045',463601,63900,0,'605',0,77000,0,'605',0,43000,0,'605',0
'1046',463601,63900,0,'605',0,77000,0,'605',0,43000,0,'605',0
'1047',463601,90900,0,'605',0,44000,0,'605',0,45500,0,'605',0
'1048',463601,93900,0,'605',0,30000,0,'605',0,30000,0,'605',0
'1049',463601,90900,0,'605',0,44000,0,'605',0,45500,0,'605',0
