'944',2800,80000,4,'',0,11000,4,'',0,11000,4,'',0,11000,4,'',0,11000,4,'',0,11000,4,'',0,15000,4,'',0,11000,4,'',0,11000,4,'',0,11000,4,'',0,11000,4,'',0
'944',2801,80500,,'',0,11000,,'',0,11000,,'',0,11000,,'',0,11000,,'',0,11000,,'',0,15000,,'',0,11000,,'',0,11000,,'',0,11000,,'',0
'946',2800,70000,4,'',0,3500,4,'',0,7500,4,'',0,3500,4,'',0,7500,4,'',0,3500,4,'',0,7500,4,'',0,7500,4,'',0,3500,4,'',0,7500,4,'',0,3500,4,'',0,7500,4,'',0,7500,4,'',0,3500,4,'',0,7500,4,'',0,3500,4,'',0,7500,4,'',0,3500,4,'',0,7500,4,'',0,7500,4,'',0,3500,4,'',0,7500,4,'',0,3500,4,'',0
'946',2801,63000,,'',0,7500,,'',0,3500,,'',0,7500,,'',0,3500,,'',0,7500,,'',0,7500,,'',0,3500,,'',0,7500,,'',0,3500,,'',0,7500,,'',0,3500,,'',0,7500,,'',0,7500,,'',0,3500,,'',0,7500,,'',0,3500,,'',0,7500,,'',0,7500,,'',0,3500,,'',0,7500,,'',0,3500,,'',0,7500,,'',0
'947',2800,70000,4,'',0,3500,4,'',0,7500,4,'',0,3500,4,'',0,7500,4,'',0,3500,4,'',0,7500,4,'',0,7500,4,'',0,3500,4,'',0,7500,4,'',0,3500,4,'',0,7500,4,'',0,7500,4,'',0,3500,4,'',0,7500,4,'',0,3500,4,'',0,7500,4,'',0,3500,4,'',0,7500,4,'',0,7500,4,'',0,3500,4,'',0,7500,4,'',0,3500,4,'',0
'947',2801,63000,,'',0,7500,,'',0,3500,,'',0,7500,,'',0,3500,,'',0,7500,,'',0,7500,,'',0,3500,,'',0,7500,,'',0,3500,,'',0,7500,,'',0,3500,,'',0,7500,,'',0,7500,,'',0,3500,,'',0,7500,,'',0,3500,,'',0,7500,,'',0,7500,,'',0,3500,,'',0,7500,,'',0,3500,,'',0,7500,,'',0
'948',2800,70000,4,'',0,3500,4,'',0,7500,4,'',0,3500,4,'',0,7500,4,'',0,3500,4,'',0,7500,4,'',0,7500,4,'',0,3500,4,'',0,7500,4,'',0,3500,4,'',0,7500,4,'',0,7500,4,'',0,3500,4,'',0,7500,4,'',0,3500,4,'',0,7500,4,'',0,3500,4,'',0,7500,4,'',0,7500,4,'',0,3500,4,'',0,7500,4,'',0,3500,4,'',0
'948',2801,63000,,'',0,7500,,'',0,3500,,'',0,7500,,'',0,3500,,'',0,7500,,'',0,7500,,'',0,3500,,'',0,7500,,'',0,3500,,'',0,7500,,'',0,3500,,'',0,7500,,'',0,7500,,'',0,3500,,'',0,7500,,'',0,3500,,'',0,7500,,'',0,7500,,'',0,3500,,'',0,7500,,'',0,3500,,'',0,7500,,'',0
'949',2800,70000,4,'',0,3500,4,'',0,7500,4,'',0,3500,4,'',0,7500,4,'',0,3500,4,'',0,7500,4,'',0,7500,4,'',0,3500,4,'',0,7500,4,'',0,3500,4,'',0,7500,4,'',0,7500,4,'',0,3500,4,'',0,7500,4,'',0,3500,4,'',0,7500,4,'',0,3500,4,'',0,7500,4,'',0,7500,4,'',0,3500,4,'',0,7500,4,'',0,3500,4,'',0
'949',2801,63000,,'',0,7500,,'',0,3500,,'',0,7500,,'',0,3500,,'',0,7500,,'',0,7500,,'',0,3500,,'',0,7500,,'',0,3500,,'',0,7500,,'',0,3500,,'',0,7500,,'',0,7500,,'',0,3500,,'',0,7500,,'',0,3500,,'',0,7500,,'',0,7500,,'',0,3500,,'',0,7500,,'',0,3500,,'',0,7500,,'',0
'950',2800,70000,4,'',0,3500,4,'',0,7500,4,'',0,3500,4,'',0,7500,4,'',0,3500,4,'',0,7500,4,'',0,7500,4,'',0,3500,4,'',0,7500,4,'',0,3500,4,'',0,7500,4,'',0,7500,4,'',0,3500,4,'',0,7500,4,'',0,3500,4,'',0,7500,4,'',0,3500,4,'',0,7500,4,'',0,7500,4,'',0,3500,4,'',0,7500,4,'',0,3500,4,'',0
'950',2801,63000,,'',0,7500,,'',0,3500,,'',0,7500,,'',0,3500,,'',0,7500,,'',0,7500,,'',0,3500,,'',0,7500,,'',0,3500,,'',0,7500,,'',0,3500,,'',0,7500,,'',0,7500,,'',0,3500,,'',0,7500,,'',0,3500,,'',0,7500,,'',0,7500,,'',0,3500,,'',0,7500,,'',0,3500,,'',0,7500,,'',0
'943',400100,92000,0,'518',0,3500,0,'518',0,7500,0,'518',0,7500,0,'518',0,3500,0,'518',0,7500,0,'518',0,3500,0,'518',0,7500,0,'518',0,7500,0,'518',0,3500,0,'518',0,7500,0,'518',0,3500,0,'518',0,7500,0,'518',0,3500,0,'518',0,7500,0,'518',0,7500,0,'518',0
'943',400101,102700,4,'',0,7500,4,'',0,3500,4,'',0,7500,4,'',0,3500,4,'',0,7500,4,'',0,3500,4,'',0,7500,4,'',0,7500,4,'',0,3500,4,'',0,7500,4,'',0,3500,4,'',0,7500,4,'',0,7500,4,'',0,3500,4,'',0,7500,4,'',0
'944',400100,74500,0,'518',0,7500,0,'518',0,3500,0,'518',0,7500,0,'518',0,7500,0,'518',0,3500,0,'518',0,7500,0,'518',0,3500,0,'518',0,7500,0,'518',0,7500,0,'518',0,3500,0,'518',0,7500,0,'518',0,3500,0,'518',0,7500,0,'518',0,3500,0,'518',0,7500,0,'518',0,7500,0,'518',0,3500,0,'518',0,7500,0,'518',0,3500,0,'518',0
'944',400101,85200,4,'',0,7500,4,'',0,7500,4,'',0,3500,4,'',0,7500,4,'',0,3500,4,'',0,7500,4,'',0,3500,4,'',0,7500,4,'',0,7500,4,'',0,3500,4,'',0,7500,4,'',0,3500,4,'',0,7500,4,'',0,7500,4,'',0,3500,4,'',0,7500,4,'',0,3500,4,'',0,7500,4,'',0,3500,4,'',0
'945',400100,92000,0,'518',0,3500,0,'518',0,7500,0,'518',0,7500,0,'518',0,3500,0,'518',0,7500,0,'518',0,3500,0,'518',0,7500,0,'518',0,7500,0,'518',0,3500,0,'518',0,7500,0,'518',0,3500,0,'518',0,7500,0,'518',0,3500,0,'518',0,7500,0,'518',0,7500,0,'518',0
'945',400101,102700,4,'',0,7500,4,'',0,3500,4,'',0,7500,4,'',0,3500,4,'',0,7500,4,'',0,3500,4,'',0,7500,4,'',0,7500,4,'',0,3500,4,'',0,7500,4,'',0,3500,4,'',0,7500,4,'',0,7500,4,'',0,3500,4,'',0,7500,4,'',0
'946',400100,64500,0,'518',0,7500,0,'518',0,3500,0,'518',0,7500,0,'518',0,7500,0,'518',0,3500,0,'518',0,7500,0,'518',0,3500,0,'518',0,7500,0,'518',0,7500,0,'518',0,3500,0,'518',0,7500,0,'518',0,3500,0,'518',0,7500,0,'518',0,3500,0,'518',0,7500,0,'518',0,7500,0,'518',0,3500,0,'518',0,7500,0,'518',0,3500,0,'518',0,7500,0,'518',0,7500,0,'518',0,3500,0,'518',0,7500,0,'518',0,3500,0,'518',0,7500,0,'518',0,3500,0,'518',0
'946',400101,75200,4,'',0,7500,4,'',0,7500,4,'',0,3500,4,'',0,7500,4,'',0,3500,4,'',0,7500,4,'',0,3500,4,'',0,7500,4,'',0,7500,4,'',0,3500,4,'',0,7500,4,'',0,3500,4,'',0,7500,4,'',0,7500,4,'',0,3500,4,'',0,7500,4,'',0,3500,4,'',0,7500,4,'',0,3500,4,'',0,7500,4,'',0,7500,4,'',0,3500,4,'',0,7500,4,'',0,3500,4,'',0,7500,4,'',0,7500,4,'',0
'947',400100,64500,0,'518',0,7500,0,'518',0,3500,0,'518',0,7500,0,'518',0,7500,0,'518',0,3500,0,'518',0,7500,0,'518',0,3500,0,'518',0,7500,0,'518',0,7500,0,'518',0,3500,0,'518',0,7500,0,'518',0,3500,0,'518',0,7500,0,'518',0,3500,0,'518',0,7500,0,'518',0,7500,0,'518',0,3500,0,'518',0,7500,0,'518',0,3500,0,'518',0,7500,0,'518',0,7500,0,'518',0,3500,0,'518',0,7500,0,'518',0,3500,0,'518',0,7500,0,'518',0,3500,0,'518',0
'947',400101,75200,4,'',0,7500,4,'',0,7500,4,'',0,3500,4,'',0,7500,4,'',0,3500,4,'',0,7500,4,'',0,3500,4,'',0,7500,4,'',0,7500,4,'',0,3500,4,'',0,7500,4,'',0,3500,4,'',0,7500,4,'',0,7500,4,'',0,3500,4,'',0,7500,4,'',0,3500,4,'',0,7500,4,'',0,3500,4,'',0,7500,4,'',0,7500,4,'',0,3500,4,'',0,7500,4,'',0,3500,4,'',0,7500,4,'',0,7500,4,'',0
'948',400100,64500,0,'518',0,7500,0,'518',0,3500,0,'518',0,7500,0,'518',0,7500,0,'518',0,3500,0,'518',0,7500,0,'518',0,3500,0,'518',0,7500,0,'518',0,7500,0,'518',0,3500,0,'518',0,7500,0,'518',0,3500,0,'518',0,7500,0,'518',0,3500,0,'518',0,7500,0,'518',0,7500,0,'518',0,3500,0,'518',0,7500,0,'518',0,3500,0,'518',0,7500,0,'518',0,7500,0,'518',0,3500,0,'518',0,7500,0,'518',0,3500,0,'518',0,7500,0,'518',0,3500,0,'518',0
'948',400101,75200,4,'',0,7500,4,'',0,7500,4,'',0,3500,4,'',0,7500,4,'',0,3500,4,'',0,7500,4,'',0,3500,4,'',0,7500,4,'',0,7500,4,'',0,3500,4,'',0,7500,4,'',0,3500,4,'',0,7500,4,'',0,7500,4,'',0,3500,4,'',0,7500,4,'',0,3500,4,'',0,7500,4,'',0,3500,4,'',0,7500,4,'',0,7500,4,'',0,3500,4,'',0,7500,4,'',0,3500,4,'',0,7500,4,'',0,7500,4,'',0
'949',400100,64500,0,'518',0,7500,0,'518',0,3500,0,'518',0,7500,0,'518',0,7500,0,'518',0,3500,0,'518',0,7500,0,'518',0,3500,0,'518',0,7500,0,'518',0,7500,0,'518',0,3500,0,'518',0,7500,0,'518',0,3500,0,'518',0,7500,0,'518',0,3500,0,'518',0,7500,0,'518',0,7500,0,'518',0,3500,0,'518',0,7500,0,'518',0,3500,0,'518',0,7500,0,'518',0,7500,0,'518',0,3500,0,'518',0,7500,0,'518',0,3500,0,'518',0,7500,0,'518',0,3500,0,'518',0
'949',400101,75200,4,'',0,7500,4,'',0,7500,4,'',0,3500,4,'',0,7500,4,'',0,3500,4,'',0,7500,4,'',0,3500,4,'',0,7500,4,'',0,7500,4,'',0,3500,4,'',0,7500,4,'',0,3500,4,'',0,7500,4,'',0,7500,4,'',0,3500,4,'',0,7500,4,'',0,3500,4,'',0,7500,4,'',0,3500,4,'',0,7500,4,'',0,7500,4,'',0,3500,4,'',0,7500,4,'',0,3500,4,'',0,7500,4,'',0,7500,4,'',0
'950',400100,64500,0,'518',0,7500,0,'518',0,3500,0,'518',0,7500,0,'518',0,7500,0,'518',0,3500,0,'518',0,7500,0,'518',0,3500,0,'518',0,7500,0,'518',0,7500,0,'518',0,3500,0,'518',0,7500,0,'518',0,3500,0,'518',0,7500,0,'518',0,3500,0,'518',0,7500,0,'518',0,7500,0,'518',0,3500,0,'518',0,7500,0,'518',0,3500,0,'518',0,7500,0,'518',0,7500,0,'518',0,3500,0,'518',0,7500,0,'518',0,3500,0,'518',0,7500,0,'518',0,3500,0,'518',0
'950',400101,75200,4,'',0,7500,4,'',0,7500,4,'',0,3500,4,'',0,7500,4,'',0,3500,4,'',0,7500,4,'',0,3500,4,'',0,7500,4,'',0,7500,4,'',0,3500,4,'',0,7500,4,'',0,3500,4,'',0,7500,4,'',0,7500,4,'',0,3500,4,'',0,7500,4,'',0,3500,4,'',0,7500,4,'',0,3500,4,'',0,7500,4,'',0,7500,4,'',0,3500,4,'',0,7500,4,'',0,3500,4,'',0,7500,4,'',0,7500,4,'',0
