'1017',463600,93200,0,'605',0,48000,0,'605',0,41500,0,'605',0
'1018',463600,80200,0,'605',0,63000,0,'605',0,47000,0,'605',0
'1019',463600,93200,0,'605',0,48000,0,'605',0,41500,0,'605',0
'1020',463600,70200,0,'605',0,73000,0,'605',0,47000,0,'605',0
'1021',463600,70200,0,'605',0,73000,0,'605',0,47000,0,'605',0
'1022',463600,70200,0,'605',0,73000,0,'605',0,47000,0,'605',0
'1023',463600,70200,0,'605',0,73000,0,'605',0,47000,0,'605',0
'1024',463600,70200,0,'605',0,73000,0,'605',0,47000,0,'605',0
'1025',463600,93200,0,'605',0,48000,0,'605',0,41500,0,'605',0
'1026',463600,100200,0,'605',0,30000,0,'605',0,30000,0,'605',0
'1027',463600,93200,0,'605',0,48000,0,'605',0,41500,0,'605',0
