'1017',463601,85900,0,'605',0,48000,0,'605',0,41500,0,'605',0
'1018',463601,72900,0,'605',0,63000,0,'605',0,47000,0,'605',0
'1019',463601,85900,0,'605',0,48000,0,'605',0,41500,0,'605',0
'1020',463601,62900,0,'605',0,73000,0,'605',0,47000,0,'605',0
'1021',463601,62900,0,'605',0,73000,0,'605',0,47000,0,'605',0
'1022',463601,62900,0,'605',0,73000,0,'605',0,47000,0,'605',0
'1023',463601,62900,0,'605',0,73000,0,'605',0,47000,0,'605',0
'1024',463601,62900,0,'605',0,73000,0,'605',0,47000,0,'605',0
'1025',463601,85900,0,'605',0,48000,0,'605',0,41500,0,'605',0
'1026',463601,92900,0,'605',0,30000,0,'605',0,30000,0,'605',0
'1027',463601,85900,0,'605',0,48000,0,'605',0,41500,0,'605',0
