'1017',463601,90800,0,'605',0,44000,0,'605',0,45500,0,'605',0
'1018',463601,73800,0,'605',0,67000,0,'605',0,43000,0,'605',0
'1019',463601,90800,0,'605',0,44000,0,'605',0,45500,0,'605',0
'1020',463601,63800,0,'605',0,77000,0,'605',0,43000,0,'605',0
'1021',463601,63800,0,'605',0,77000,0,'605',0,43000,0,'605',0
'1022',463601,63800,0,'605',0,77000,0,'605',0,43000,0,'605',0
'1023',463601,63800,0,'605',0,77000,0,'605',0,43000,0,'605',0
'1024',463601,63800,0,'605',0,77000,0,'605',0,43000,0,'605',0
'1025',463601,90800,0,'605',0,44000,0,'605',0,45500,0,'605',0
'1026',463601,93800,0,'605',0,30000,0,'605',0,30000,0,'605',0
'1027',463601,90800,0,'605',0,44000,0,'605',0,45500,0,'605',0
