'1039',2200,85200,,'',0,15000,,'',0,11000,,'',0,11100,,'',0,10900,,'',0,11000,,'',0,11000,,'',0,15000,,'',0,11000,,'',0,11000,,'',0
'1039',2201,85100,4,'',0,15000,4,'',0,11000,4,'',0,11000,4,'',0,11000,4,'',0,11000,4,'',0,11000,4,'',0,15000,4,'',0,11000,4,'',0,11000,4,'',0
'1040',2200,75300,,'',0,15000,,'',0,11000,,'',0,11300,,'',0,8000,,'',0,4000,,'',0,8000,,'',0,8000,,'',0,4000,,'',0,8000,,'',0,8000,,'',0,4000,,'',0,8000,,'',0,8000,,'',0,3700,,'',0,11000,,'',0,15000,,'',0,11000,,'',0,11000,,'',0
'1040',2201,75300,4,'',0,15000,4,'',0,11000,4,'',0,11300,4,'',0,8000,4,'',0,4000,4,'',0,8000,4,'',0,8000,4,'',0,4000,4,'',0,8000,4,'',0,8000,4,'',0,4000,4,'',0,8000,4,'',0,8000,4,'',0,3700,4,'',0,11000,4,'',0,15000,4,'',0,11000,4,'',0,11000,4,'',0
'1041',2200,85200,,'',0,15000,,'',0,11000,,'',0,11100,,'',0,10900,,'',0,11000,,'',0,11000,,'',0,15000,,'',0,11000,,'',0,11000,,'',0
'1041',2201,85100,4,'',0,15000,4,'',0,11000,4,'',0,11000,4,'',0,11000,4,'',0,11000,4,'',0,11000,4,'',0,15000,4,'',0,11000,4,'',0,11000,4,'',0
'1042',2200,55200,,'',0,6800,,'',0,3000,,'',0,7000,,'',0,3000,,'',0,7000,,'',0,3000,,'',0,8000,,'',0,8300,,'',0,4500,,'',0,7900,,'',0,8000,,'',0,4000,,'',0,8000,,'',0,8000,,'',0,3100,,'',0,7000,,'',0,3000,,'',0,7000,,'',0,3000,,'',0,7000,,'',0,3000,,'',0,7000,,'',0,3000,,'',0,7000,,'',0,11000,,'',0,11000,,'',0,17800,,'',0
'1042',2201,61900,4,'',0,100,4,'',0,2900,4,'',0,7000,4,'',0,3000,4,'',0,7000,4,'',0,3000,4,'',0,8000,4,'',0,8300,4,'',0,4500,4,'',0,7900,4,'',0,8000,4,'',0,4000,4,'',0,8000,4,'',0,8000,4,'',0,3100,4,'',0,7000,4,'',0,3000,4,'',0,7000,4,'',0,3000,4,'',0,7000,4,'',0,3000,4,'',0,7000,4,'',0,3000,4,'',0,7100,4,'',0,11000,4,'',0,11000,4,'',0,16300,,'',0,1400,4,'',0
'1043',2200,55200,,'',0,6800,,'',0,3000,,'',0,7000,,'',0,3000,,'',0,7000,,'',0,3000,,'',0,8000,,'',0,8300,,'',0,4500,,'',0,7900,,'',0,8000,,'',0,4000,,'',0,8000,,'',0,8000,,'',0,3100,,'',0,7000,,'',0,3000,,'',0,7000,,'',0,3000,,'',0,7000,,'',0,3000,,'',0,7000,,'',0,3000,,'',0,7000,,'',0,11000,,'',0,11000,,'',0,17800,,'',0
'1043',2201,61900,4,'',0,100,4,'',0,2900,4,'',0,7000,4,'',0,3000,4,'',0,7000,4,'',0,3000,4,'',0,8000,4,'',0,8300,4,'',0,4500,4,'',0,7900,4,'',0,8000,4,'',0,4000,4,'',0,8000,4,'',0,8000,4,'',0,3100,4,'',0,7000,4,'',0,3000,4,'',0,7000,4,'',0,3000,4,'',0,7000,4,'',0,3000,4,'',0,7000,4,'',0,3000,4,'',0,7100,4,'',0,11000,4,'',0,11000,4,'',0,16300,,'',0,1400,4,'',0
'1044',2200,55200,,'',0,6800,,'',0,3000,,'',0,7000,,'',0,3000,,'',0,7000,,'',0,3000,,'',0,8000,,'',0,8300,,'',0,4500,,'',0,7900,,'',0,8000,,'',0,4000,,'',0,8000,,'',0,8000,,'',0,3100,,'',0,7000,,'',0,3000,,'',0,7000,,'',0,3000,,'',0,7000,,'',0,3000,,'',0,7000,,'',0,3000,,'',0,7000,,'',0,11000,,'',0,11000,,'',0,17800,,'',0
'1044',2201,61900,4,'',0,100,4,'',0,2900,4,'',0,7000,4,'',0,3000,4,'',0,7000,4,'',0,3000,4,'',0,8000,4,'',0,8300,4,'',0,4500,4,'',0,7900,4,'',0,8000,4,'',0,4000,4,'',0,8000,4,'',0,8000,4,'',0,3100,4,'',0,7000,4,'',0,3000,4,'',0,7000,4,'',0,3000,4,'',0,7000,4,'',0,3000,4,'',0,7000,4,'',0,3000,4,'',0,7100,4,'',0,11000,4,'',0,11000,4,'',0,16300,,'',0,1400,4,'',0
'1045',2200,55200,,'',0,6800,,'',0,3000,,'',0,7000,,'',0,3000,,'',0,7000,,'',0,3000,,'',0,8000,,'',0,8300,,'',0,4500,,'',0,7900,,'',0,8000,,'',0,4000,,'',0,8000,,'',0,8000,,'',0,3100,,'',0,7000,,'',0,3000,,'',0,7000,,'',0,3000,,'',0,7000,,'',0,3000,,'',0,7000,,'',0,3000,,'',0,7000,,'',0,11000,,'',0,11000,,'',0,17800,,'',0
'1045',2201,61900,4,'',0,100,4,'',0,2900,4,'',0,7000,4,'',0,3000,4,'',0,7000,4,'',0,3000,4,'',0,8000,4,'',0,8300,4,'',0,4500,4,'',0,7900,4,'',0,8000,4,'',0,4000,4,'',0,8000,4,'',0,8000,4,'',0,3100,4,'',0,7000,4,'',0,3000,4,'',0,7000,4,'',0,3000,4,'',0,7000,4,'',0,3000,4,'',0,7000,4,'',0,3000,4,'',0,7100,4,'',0,11000,4,'',0,11000,4,'',0,16300,,'',0,1400,4,'',0
'1046',2200,55200,,'',0,6800,,'',0,3000,,'',0,7000,,'',0,3000,,'',0,7000,,'',0,3000,,'',0,8000,,'',0,8300,,'',0,4500,,'',0,7900,,'',0,8000,,'',0,4000,,'',0,8000,,'',0,8000,,'',0,3100,,'',0,7000,,'',0,3000,,'',0,7000,,'',0,3000,,'',0,7000,,'',0,3000,,'',0,7000,,'',0,3000,,'',0,7000,,'',0,11000,,'',0,11000,,'',0,17800,,'',0
'1046',2201,61900,4,'',0,100,4,'',0,2900,4,'',0,7000,4,'',0,3000,4,'',0,7000,4,'',0,3000,4,'',0,8000,4,'',0,8300,4,'',0,4500,4,'',0,7900,4,'',0,8000,4,'',0,4000,4,'',0,8000,4,'',0,8000,4,'',0,3100,4,'',0,7000,4,'',0,3000,4,'',0,7000,4,'',0,3000,4,'',0,7000,4,'',0,3000,4,'',0,7000,4,'',0,3000,4,'',0,7100,4,'',0,11000,4,'',0,11000,4,'',0,16300,,'',0,1400,4,'',0
'1047',2200,85200,,'',0,15000,,'',0,11000,,'',0,11100,,'',0,10900,,'',0,11000,,'',0,11000,,'',0,15000,,'',0,11000,,'',0,11000,,'',0
'1047',2201,85100,4,'',0,15000,4,'',0,11000,4,'',0,11000,4,'',0,11000,4,'',0,11000,4,'',0,11000,4,'',0,15000,4,'',0,11000,4,'',0,11000,4,'',0
'1048',2200,94000,,'',0,10000,,'',0,10000,,'',0,10000,,'',0,10000,,'',0,10000,,'',0,10000,,'',0,10000,,'',0
'1048',2201,94000,4,'',0,10000,4,'',0,10000,4,'',0,10000,4,'',0,10000,4,'',0,10000,4,'',0,10000,4,'',0,10000,4,'',0
'1049',2200,85200,,'',0,15000,,'',0,11000,,'',0,11100,,'',0,10900,,'',0,11000,,'',0,11000,,'',0,15000,,'',0,11000,,'',0,11000,,'',0
'1049',2201,85100,4,'',0,15000,4,'',0,11000,4,'',0,11000,4,'',0,11000,4,'',0,11000,4,'',0,11000,4,'',0,15000,4,'',0,11000,4,'',0,11000,4,'',0
