70101,'1349',721,,25320,33,0,17,0,130,,25321,33,0,17,0,170,,25322,33,0,17,0,130,,25323,33,0,17,0,170,,25324,33,0,17,0,130,,25325,33,0,17,0,170,,25326,33,0,17,0,130,,25327,33,0,17,0
70101,'1350',721,,25328,33,0,17,0,85,,25329,33,0,17,0,45,,25330,33,0,17,0,85,,25331,33,0,17,0,85,,25332,33,0,17,0,130,,25333,33,0,17,0,170,,25334,33,0,17,0,85,,25335,33,0,17,0,45,,25336,33,0,17,0,85,,25337,33,0,17,0,85,,25338,33,0,17,0,85,,25339,33,0,17,0,45,,25340,33,0,17,0,85,,25341,33,0,17,0
70101,'1351',721,,25342,33,0,17,0,85,,25343,33,0,17,0,45,,25344,33,0,17,0,85,,25345,33,0,17,0,85,,25346,33,0,17,0,130,,25347,33,0,17,0,170,,25348,33,0,17,0,85,,25349,33,0,17,0,45,,25350,33,0,17,0,85,,25351,33,0,17,0,85,,25352,33,0,17,0,85,,25353,33,0,17,0,45,,25354,33,0,17,0,85,,25355,33,0,17,0
70101,'1352',721,,25356,33,0,17,0,85,,25357,33,0,17,0,45,,25358,33,0,17,0,85,,25359,33,0,17,0,85,,25360,33,0,17,0,130,,25361,33,0,17,0,170,,25362,33,0,17,0,85,,25363,33,0,17,0,45,,25364,33,0,17,0,85,,25365,33,0,17,0,85,,25366,33,0,17,0,85,,25367,33,0,17,0,45,,25368,33,0,17,0,85,,25369,33,0,17,0
70101,'1353',721,,25370,33,0,17,0,85,,25371,33,0,17,0,45,,25372,33,0,17,0,85,,25373,33,0,17,0,85,,25374,33,0,17,0,130,,25375,33,0,17,0,170,,25376,33,0,17,0,85,,25377,33,0,17,0,45,,25378,33,0,17,0,85,,25379,33,0,17,0,85,,25380,33,0,17,0,85,,25381,33,0,17,0,45,,25382,33,0,17,0,85,,25383,33,0,17,0
70101,'1354',721,,25384,33,0,17,0,85,,25385,33,0,17,0,45,,25386,33,0,17,0,85,,25387,33,0,17,0,85,,25388,33,0,17,0,130,,25389,33,0,17,0,170,,25390,33,0,17,0,85,,25391,33,0,17,0,45,,25392,33,0,17,0,85,,25393,33,0,17,0,85,,25394,33,0,17,0,85,,25395,33,0,17,0,45,,25396,33,0,17,0,85,,25397,33,0,17,0
70102,'1349',822,,25398,34,0,16,0,130,,25399,34,0,16,0,170,,25400,34,0,16,0,130,,25401,34,0,16,0,170,,25402,34,0,16,0,130,,25403,34,0,16,0,170,,25404,34,0,16,0,130,,25405,34,0,16,0
70102,'1350',737,,25406,34,0,16,0,85,,25407,34,0,16,0,85,,25408,34,0,16,0,45,,25409,34,0,16,0,85,,25410,34,0,16,0,85,,25411,34,0,16,0,130,,25412,34,0,16,0,170,,25413,34,0,16,0,85,,25414,34,0,16,0,45,,25415,34,0,16,0,85,,25416,34,0,16,0,85,,25417,34,0,16,0,85,,25418,34,0,16,0,45,,25419,34,0,16,0
70102,'1351',737,,25420,34,0,16,0,85,,25421,34,0,16,0,85,,25422,34,0,16,0,45,,25423,34,0,16,0,85,,25424,34,0,16,0,85,,25425,34,0,16,0,130,,25426,34,0,16,0,170,,25427,34,0,16,0,85,,25428,34,0,16,0,45,,25429,34,0,16,0,85,,25430,34,0,16,0,85,,25431,34,0,16,0,85,,25432,34,0,16,0,45,,25433,34,0,16,0
70102,'1352',737,,25434,34,0,16,0,85,,25435,34,0,16,0,85,,25436,34,0,16,0,45,,25437,34,0,16,0,85,,25438,34,0,16,0,85,,25439,34,0,16,0,130,,25440,34,0,16,0,170,,25441,34,0,16,0,85,,25442,34,0,16,0,45,,25443,34,0,16,0,85,,25444,34,0,16,0,85,,25445,34,0,16,0,85,,25446,34,0,16,0,45,,25447,34,0,16,0
70102,'1353',737,,25448,34,0,16,0,85,,25449,34,0,16,0,85,,25450,34,0,16,0,45,,25451,34,0,16,0,85,,25452,34,0,16,0,85,,25453,34,0,16,0,130,,25454,34,0,16,0,170,,25455,34,0,16,0,85,,25456,34,0,16,0,45,,25457,34,0,16,0,85,,25458,34,0,16,0,85,,25459,34,0,16,0,85,,25460,34,0,16,0,45,,25461,34,0,16,0
70102,'1354',737,,25462,34,0,16,0,85,,25463,34,0,16,0,85,,25464,34,0,16,0,45,,25465,34,0,16,0,85,,25466,34,0,16,0,85,,25467,34,0,16,0,130,,25468,34,0,16,0,170,,25469,34,0,16,0,85,,25470,34,0,16,0,45,,25471,34,0,16,0,85,,25472,34,0,16,0,85,,25473,34,0,16,0,85,,25474,34,0,16,0,45,,25475,34,0,16,0
