70101,'1356',719,,32522,31,0,17,0,130,,32523,31,0,17,0,170,,32524,31,0,17,0,130,,32525,31,0,17,0,170,,32526,31,0,17,0,130,,32527,31,0,17,0,170,,32528,31,0,17,0,130,,32529,31,0,17,0
70101,'1357',719,,32530,31,0,17,0,85,,32531,31,0,17,0,45,,32532,31,0,17,0,85,,32533,31,0,17,0,85,,32534,31,0,17,0,130,,32535,31,0,17,0,170,,32536,31,0,17,0,85,,32537,31,0,17,0,45,,32538,31,0,17,0,85,,32539,31,0,17,0,85,,32540,31,0,17,0,85,,32541,31,0,17,0,45,,32542,31,0,17,0,85,,32543,31,0,17,0
70101,'1358',719,,32544,31,0,17,0,85,,32545,31,0,17,0,45,,32546,31,0,17,0,85,,32547,31,0,17,0,85,,32548,31,0,17,0,130,,32549,31,0,17,0,170,,32550,31,0,17,0,85,,32551,31,0,17,0,45,,32552,31,0,17,0,85,,32553,31,0,17,0,85,,32554,31,0,17,0,85,,32555,31,0,17,0,45,,32556,31,0,17,0,85,,32557,31,0,17,0
70101,'1359',719,,32558,31,0,17,0,85,,32559,31,0,17,0,45,,32560,31,0,17,0,85,,32561,31,0,17,0,85,,32562,31,0,17,0,130,,32563,31,0,17,0,170,,32564,31,0,17,0,85,,32565,31,0,17,0,45,,32566,31,0,17,0,85,,32567,31,0,17,0,85,,32568,31,0,17,0,85,,32569,31,0,17,0,45,,32570,31,0,17,0,85,,32571,31,0,17,0
70101,'1360',719,,32572,31,0,17,0,85,,32573,31,0,17,0,45,,32574,31,0,17,0,85,,32575,31,0,17,0,85,,32576,31,0,17,0,130,,32577,31,0,17,0,170,,32578,31,0,17,0,85,,32579,31,0,17,0,45,,32580,31,0,17,0,85,,32581,31,0,17,0,85,,32582,31,0,17,0,85,,32583,31,0,17,0,45,,32584,31,0,17,0,85,,32585,31,0,17,0
70101,'1361',719,,32586,31,0,17,0,85,,32587,31,0,17,0,45,,32588,31,0,17,0,85,,32589,31,0,17,0,85,,32590,31,0,17,0,130,,32591,31,0,17,0,170,,32592,31,0,17,0,85,,32593,31,0,17,0,45,,32594,31,0,17,0,85,,32595,31,0,17,0,85,,32596,31,0,17,0,85,,32597,31,0,17,0,45,,32598,31,0,17,0,85,,32599,31,0,17,0
70102,'1356',820,,32600,32,0,16,0,130,,32601,32,0,16,0,170,,32602,32,0,16,0,130,,32603,32,0,16,0,170,,32604,32,0,16,0,130,,32605,32,0,16,0,170,,32606,32,0,16,0,130,,32607,32,0,16,0
70102,'1357',735,,32608,32,0,16,0,85,,32609,32,0,16,0,85,,32610,32,0,16,0,45,,32611,32,0,16,0,85,,32612,32,0,16,0,85,,32613,32,0,16,0,130,,32614,32,0,16,0,170,,32615,32,0,16,0,85,,32616,32,0,16,0,45,,32617,32,0,16,0,85,,32618,32,0,16,0,85,,32619,32,0,16,0,85,,32620,32,0,16,0,45,,32621,32,0,16,0
70102,'1358',735,,32622,32,0,16,0,85,,32623,32,0,16,0,85,,32624,32,0,16,0,45,,32625,32,0,16,0,85,,32626,32,0,16,0,85,,32627,32,0,16,0,130,,32628,32,0,16,0,170,,32629,32,0,16,0,85,,32630,32,0,16,0,45,,32631,32,0,16,0,85,,32632,32,0,16,0,85,,32633,32,0,16,0,85,,32634,32,0,16,0,45,,32635,32,0,16,0
70102,'1359',735,,32636,32,0,16,0,85,,32637,32,0,16,0,85,,32638,32,0,16,0,45,,32639,32,0,16,0,85,,32640,32,0,16,0,85,,32641,32,0,16,0,130,,32642,32,0,16,0,170,,32643,32,0,16,0,85,,32644,32,0,16,0,45,,32645,32,0,16,0,85,,32646,32,0,16,0,85,,32647,32,0,16,0,85,,32648,32,0,16,0,45,,32649,32,0,16,0
70102,'1360',735,,32650,32,0,16,0,85,,32651,32,0,16,0,85,,32652,32,0,16,0,45,,32653,32,0,16,0,85,,32654,32,0,16,0,85,,32655,32,0,16,0,130,,32656,32,0,16,0,170,,32657,32,0,16,0,85,,32658,32,0,16,0,45,,32659,32,0,16,0,85,,32660,32,0,16,0,85,,32661,32,0,16,0,85,,32662,32,0,16,0,45,,32663,32,0,16,0
70102,'1361',735,,32664,32,0,16,0,85,,32665,32,0,16,0,85,,32666,32,0,16,0,45,,32667,32,0,16,0,85,,32668,32,0,16,0,85,,32669,32,0,16,0,130,,32670,32,0,16,0,170,,32671,32,0,16,0,85,,32672,32,0,16,0,45,,32673,32,0,16,0,85,,32674,32,0,16,0,85,,32675,32,0,16,0,85,,32676,32,0,16,0,45,,32677,32,0,16,0
