1901,'1355',927,,31507,34,,,0,100,,31506,34,,,0,100,,31505,34,,,0,100,,31504,34,,,0,100,,31503,34,,,0,100,,31502,34,,,0,100,,31501,34,,,0,100,,31500,34,,,0,100,,31499,34,,,0,100,,31498,34,,,0,100,,31497,34,,,0,100,,31496,34,,,0
1901,'1356',827,,31508,34,,,0,100,,31509,34,,,0,100,,31510,34,,,0,30,,31511,34,,,0,70,,31512,34,,,0,30,,31513,34,,,0,70,,31514,34,,,0,30,,31515,34,,,0,70,,31516,34,,,0,30,,31517,34,,,0,70,,31518,34,,,0,30,,31519,34,,,0,70,,31520,34,,,0,30,,31521,34,,,0,70,,31522,34,,,0,30,,31523,34,,,0,70,,31524,34,,,0,30,,31525,34,,,0,70,,31526,34,,,0,30,,31527,34,,,0,70,,31528,34,,,0,30,,31529,34,,,0,70,,31530,34,,,0,100,,31531,34,,,0,100,,31532,34,,,0,100,,31533,34,,,0
1901,'1357',627,,31534,34,,,0,30,,31535,34,,,0,70,,31536,34,,,0,30,,31537,34,,,0,70,,31538,34,,,0,30,,31539,34,,,0,70,,31540,34,,,0,30,,31541,34,,,0,70,,31542,34,,,0,30,,31543,34,,,0,70,,31544,34,,,0,30,,31545,34,,,0,70,,31546,34,,,0,30,,31547,34,,,0,70,,31548,34,,,0,30,,31549,34,,,0,70,,31550,34,,,0,30,,31551,34,,,0,70,,31552,34,,,0,30,,31553,34,,,0,70,,31554,34,,,0,30,,31555,34,,,0,70,,31556,34,,,0,30,,31557,34,,,0,70,,31558,34,,,0,30,,31559,34,,,0,70,,31560,34,,,0,30,,31561,34,,,0,70,,31562,34,,,0,30,,31563,34,,,0,70,,31564,34,,,0,30,,31565,34,,,0,100,,31566,34,,,0,100,,31567,34,,,0
1901,'1358',627,,31568,34,,,0,30,,31569,34,,,0,70,,31570,34,,,0,30,,31571,34,,,0,70,,31572,34,,,0,30,,31573,34,,,0,70,,31574,34,,,0,30,,31575,34,,,0,70,,31576,34,,,0,30,,31577,34,,,0,70,,31578,34,,,0,30,,31579,34,,,0,70,,31580,34,,,0,30,,31581,34,,,0,70,,31582,34,,,0,30,,31583,34,,,0,70,,31584,34,,,0,30,,31585,34,,,0,70,,31586,34,,,0,30,,31587,34,,,0,70,,31588,34,,,0,30,,31589,34,,,0,70,,31590,34,,,0,30,,31591,34,,,0,70,,31592,34,,,0,30,,31593,34,,,0,70,,31594,34,,,0,30,,31595,34,,,0,70,,31596,34,,,0,30,,31597,34,,,0,70,,31598,34,,,0,30,,31599,34,,,0,100,,31600,34,,,0,100,,31601,34,,,0
1901,'1359',627,,31602,34,,,0,30,,31603,34,,,0,70,,31604,34,,,0,30,,31605,34,,,0,70,,31606,34,,,0,30,,31607,34,,,0,70,,31608,34,,,0,30,,31609,34,,,0,70,,31610,34,,,0,30,,31611,34,,,0,70,,31612,34,,,0,30,,31613,34,,,0,70,,31614,34,,,0,30,,31615,34,,,0,70,,31616,34,,,0,30,,31617,34,,,0,70,,31618,34,,,0,30,,31619,34,,,0,70,,31620,34,,,0,30,,31621,34,,,0,70,,31622,34,,,0,30,,31623,34,,,0,70,,31624,34,,,0,30,,31625,34,,,0,70,,31626,34,,,0,30,,31627,34,,,0,70,,31628,34,,,0,30,,31629,34,,,0,70,,31630,34,,,0,30,,31631,34,,,0,70,,31632,34,,,0,30,,31633,34,,,0,100,,31634,34,,,0,100,,31635,34,,,0
1901,'1360',627,,31636,34,,,0,30,,31637,34,,,0,70,,31638,34,,,0,30,,31639,34,,,0,70,,31640,34,,,0,30,,31641,34,,,0,70,,31642,34,,,0,30,,31643,34,,,0,70,,31644,34,,,0,30,,31645,34,,,0,70,,31646,34,,,0,30,,31647,34,,,0,70,,31648,34,,,0,30,,31649,34,,,0,70,,31650,34,,,0,30,,31651,34,,,0,70,,31652,34,,,0,30,,31653,34,,,0,70,,31654,34,,,0,30,,31655,34,,,0,70,,31656,34,,,0,30,,31657,34,,,0,70,,31658,34,,,0,30,,31659,34,,,0,70,,31660,34,,,0,30,,31661,34,,,0,70,,31662,34,,,0,30,,31663,34,,,0,70,,31664,34,,,0,30,,31665,34,,,0,70,,31666,34,,,0,30,,31667,34,,,0,100,,31668,34,,,0,100,,31669,34,,,0
1901,'1361',627,,31670,34,,,0,30,,31671,34,,,0,70,,31672,34,,,0,30,,31673,34,,,0,70,,31674,34,,,0,30,,31675,34,,,0,70,,31676,34,,,0,30,,31677,34,,,0,70,,31678,34,,,0,30,,31679,34,,,0,70,,31680,34,,,0,30,,31681,34,,,0,70,,31682,34,,,0,30,,31683,34,,,0,70,,31684,34,,,0,30,,31685,34,,,0,70,,31686,34,,,0,30,,31687,34,,,0,70,,31688,34,,,0,30,,31689,34,,,0,70,,31690,34,,,0,30,,31691,34,,,0,70,,31692,34,,,0,30,,31693,34,,,0,70,,31694,34,,,0,30,,31695,34,,,0,70,,31696,34,,,0,30,,31697,34,,,0,70,,31698,34,,,0,30,,31699,34,,,0,70,,31700,34,,,0,30,,31701,34,,,0,100,,31702,34,,,0,100,,31703,34,,,0
721404,'1355',907,,35420,9,0,14,0,110,,35419,9,0,14,0,110,,35418,9,0,14,0,110,,35417,9,0,14,0,110,,35416,9,0,14,0,110,,35415,9,0,14,0,150,,35414,9,0,14,0,110,,35413,9,0,14,0
721404,'1356',807,,35421,9,0,14,0,110,,35422,9,0,14,0,110,,35423,9,0,14,0,110,,35424,9,0,14,0,110,,35425,9,0,14,0,107,,35426,9,0,14,0,85,,35427,9,0,14,0,85,,35428,9,0,14,0,85,,35429,9,0,14,0,45,,35430,9,0,14,0,85,,35431,9,0,14,0,85,,35432,9,0,14,0,85,,35433,9,0,14,0
721404,'1357',628,,35434,9,0,14,0,96,,35435,9,0,14,0,85,,35436,9,0,14,0,45,,35437,9,0,14,0,85,,35438,9,0,14,0,85,,35439,9,0,14,0,85,,35440,9,0,14,0,45,,35441,9,0,14,0,85,,35442,9,0,14,0,85,,35443,9,0,14,0,85,,35444,9,0,14,0,45,,35445,9,0,14,0,85,,35446,9,0,14,0,85,,35447,9,0,14,0,85,,35448,9,0,14,0,45,,35449,9,0,14,0,85,,35450,9,0,14,0,85,,35451,9,0,14,0,85,,35452,9,0,14,0,45,,35453,9,0,14,0
721404,'1358',628,,35454,9,0,14,0,96,,35455,9,0,14,0,85,,35456,9,0,14,0,45,,35457,9,0,14,0,85,,35458,9,0,14,0,85,,35459,9,0,14,0,85,,35460,9,0,14,0,45,,35461,9,0,14,0,85,,35462,9,0,14,0,85,,35463,9,0,14,0,85,,35464,9,0,14,0,45,,35465,9,0,14,0,85,,35466,9,0,14,0,85,,35467,9,0,14,0,85,,35468,9,0,14,0,45,,35469,9,0,14,0,85,,35470,9,0,14,0,85,,35471,9,0,14,0,85,,35472,9,0,14,0,45,,35473,9,0,14,0
721404,'1359',628,,35474,9,0,14,0,96,,35475,9,0,14,0,85,,35476,9,0,14,0,45,,35477,9,0,14,0,85,,35478,9,0,14,0,85,,35479,9,0,14,0,85,,35480,9,0,14,0,45,,35481,9,0,14,0,85,,35482,9,0,14,0,85,,35483,9,0,14,0,85,,35484,9,0,14,0,45,,35485,9,0,14,0,85,,35486,9,0,14,0,85,,35487,9,0,14,0,85,,35488,9,0,14,0,45,,35489,9,0,14,0,85,,35490,9,0,14,0,85,,35491,9,0,14,0,85,,35492,9,0,14,0,45,,35493,9,0,14,0
721404,'1360',628,,35494,9,0,14,0,96,,35495,9,0,14,0,85,,35496,9,0,14,0,45,,35497,9,0,14,0,85,,35498,9,0,14,0,85,,35499,9,0,14,0,85,,35500,9,0,14,0,45,,35501,9,0,14,0,85,,35502,9,0,14,0,85,,35503,9,0,14,0,85,,35504,9,0,14,0,45,,35505,9,0,14,0,85,,35506,9,0,14,0,85,,35507,9,0,14,0,85,,35508,9,0,14,0,45,,35509,9,0,14,0,85,,35510,9,0,14,0,85,,35511,9,0,14,0,85,,35512,9,0,14,0,45,,35513,9,0,14,0
721404,'1361',628,,35514,9,0,14,0,96,,35515,9,0,14,0,85,,35516,9,0,14,0,45,,35517,9,0,14,0,85,,35518,9,0,14,0,85,,35519,9,0,14,0,85,,35520,9,0,14,0,45,,35521,9,0,14,0,85,,35522,9,0,14,0,85,,35523,9,0,14,0,85,,35524,9,0,14,0,45,,35525,9,0,14,0,85,,35526,9,0,14,0,85,,35527,9,0,14,0,85,,35528,9,0,14,0,45,,35529,9,0,14,0,85,,35530,9,0,14,0,85,,35531,9,0,14,0,85,,35532,9,0,14,0,45,,35533,9,0,14,0
