463600,'1348',912,,25818,1,0,10,0,440,,25821,1,0,10,0,170,,25820,1,0,10,0,285,,25819,1,0,10,0
463600,'1349',742,,25822,1,0,10,0,670,,25823,1,0,10,0,130,,25824,1,0,10,0,300,,25825,1,0,10,0
463600,'1350',642,,25826,1,0,10,0,770,,25827,1,0,10,0,430,,25828,1,0,10,0,170,,25829,1,0,10,0
463600,'1351',642,,25830,1,0,10,0,770,,25831,1,0,10,0,430,,25832,1,0,10,0,170,,25833,1,0,10,0
463600,'1352',642,,25834,1,0,10,0,770,,25835,1,0,10,0,430,,25836,1,0,10,0,170,,25837,1,0,10,0
463600,'1353',642,,25838,1,0,10,0,770,,25839,1,0,10,0,430,,25840,1,0,10,0,170,,25841,1,0,10,0
463600,'1354',642,,25842,1,0,10,0,770,,25843,1,0,10,0,430,,25844,1,0,10,0,170,,25845,1,0,10,0
463601,'1348',911,,25846,17,4,,0,440,,25847,17,4,,0,170,,25848,17,4,,0,285,,25849,17,4,,0
463601,'1349',741,,25850,17,4,,0,670,,25851,17,4,,0,130,,25852,17,4,,0,300,,25853,17,4,,0
463601,'1350',641,,25854,17,4,,0,770,,25855,17,4,,0,430,,25856,17,4,,0,170,,25857,17,4,,0
463601,'1351',641,,25858,17,4,,0,770,,25859,17,4,,0,430,,25860,17,4,,0,170,,25861,17,4,,0
463601,'1352',641,,25862,17,4,,0,770,,25863,17,4,,0,430,,25864,17,4,,0,170,,25865,17,4,,0
463601,'1353',641,,25866,17,4,,0,770,,25867,17,4,,0,430,,25868,17,4,,0,170,,25869,17,4,,0
463601,'1354',641,,25870,17,4,,0,770,,25871,17,4,,0,430,,25872,17,4,,0,170,,25873,17,4,,0
