721204,'1355',924,,34570,31,0,14,0,85,,34569,31,0,14,0,45,,34568,31,0,14,0,85,,34567,31,0,14,0,85,,34566,31,0,14,0,85,,34565,31,0,14,0,45,,34564,31,0,14,0,85,,34563,31,0,14,0,85,,34562,31,0,14,0,85,,34561,31,0,14,0,45,,34560,31,0,14,0,85,,34559,31,0,14,0,85,,34558,31,0,14,0,85,,34557,31,0,14,0
721204,'1356',624,,34571,31,0,14,0,85,,34572,31,0,14,0,45,,34573,31,0,14,0,85,,34574,31,0,14,0,85,,34575,31,0,14,0,85,,34576,31,0,14,0,30,,34577,31,0,14,0,70,,34578,31,0,14,0,30,,34579,31,0,14,0,70,,34580,31,0,14,0,30,,34581,31,0,14,0,70,,34582,31,0,14,0,30,,34583,31,0,14,0,70,,34584,31,0,14,0,30,,34585,31,0,14,0,70,,34586,31,0,14,0,30,,34587,31,0,14,0,70,,34588,31,0,14,0,30,,34589,31,0,14,0,70,,34590,31,0,14,0,30,,34591,31,0,14,0,70,,34592,31,0,14,0,45,,34593,31,0,14,0,85,,34594,31,0,14,0,85,,34595,31,0,14,0,85,,34596,31,0,14,0,45,,34597,31,0,14,0,85,,34598,31,0,14,0
721204,'1357',624,,34599,31,0,14,0,30,,34600,31,0,14,0,70,,34601,31,0,14,0,15,,34602,31,0,14,0,15,,34603,31,0,14,0,55,,34604,31,0,14,0,15,,34605,31,0,14,0,30,,34606,31,0,14,0,70,,34607,31,0,14,0,30,,34608,31,0,14,0,70,,34609,31,0,14,0,30,,34610,31,0,14,0,70,,34611,31,0,14,0,30,,34612,31,0,14,0,70,,34613,31,0,14,0,30,,34614,31,0,14,0,70,,34615,31,0,14,0,30,,34616,31,0,14,0,70,,34617,31,0,14,0,15,,34618,31,0,14,0,15,,34619,31,0,14,0,55,,34620,31,0,14,0,15,,34621,31,0,14,0,30,,34622,31,0,14,0,70,,34623,31,0,14,0,30,,34624,31,0,14,0,70,,34625,31,0,14,0,30,,34626,31,0,14,0,70,,34627,31,0,14,0,85,,34628,31,0,14,0,45,,34629,31,0,14,0,85,,34630,31,0,14,0,85,,34631,31,0,14,0,85,,34632,31,0,14,0,45,,34633,31,0,14,0
721204,'1358',624,,34634,31,0,14,0,30,,34635,31,0,14,0,70,,34636,31,0,14,0,15,,34637,31,0,14,0,15,,34638,31,0,14,0,55,,34639,31,0,14,0,15,,34640,31,0,14,0,30,,34641,31,0,14,0,70,,34642,31,0,14,0,30,,34643,31,0,14,0,70,,34644,31,0,14,0,30,,34645,31,0,14,0,70,,34646,31,0,14,0,30,,34647,31,0,14,0,70,,34648,31,0,14,0,30,,34649,31,0,14,0,70,,34650,31,0,14,0,30,,34651,31,0,14,0,70,,34652,31,0,14,0,15,,34653,31,0,14,0,15,,34654,31,0,14,0,55,,34655,31,0,14,0,15,,34656,31,0,14,0,30,,34657,31,0,14,0,70,,34658,31,0,14,0,30,,34659,31,0,14,0,70,,34660,31,0,14,0,30,,34661,31,0,14,0,70,,34662,31,0,14,0,85,,34663,31,0,14,0,45,,34664,31,0,14,0,85,,34665,31,0,14,0,85,,34666,31,0,14,0,85,,34667,31,0,14,0,45,,34668,31,0,14,0
721204,'1359',624,,34669,31,0,14,0,30,,34670,31,0,14,0,70,,34671,31,0,14,0,15,,34672,31,0,14,0,15,,34673,31,0,14,0,55,,34674,31,0,14,0,15,,34675,31,0,14,0,30,,34676,31,0,14,0,70,,34677,31,0,14,0,30,,34678,31,0,14,0,70,,34679,31,0,14,0,30,,34680,31,0,14,0,70,,34681,31,0,14,0,30,,34682,31,0,14,0,70,,34683,31,0,14,0,30,,34684,31,0,14,0,70,,34685,31,0,14,0,30,,34686,31,0,14,0,70,,34687,31,0,14,0,15,,34688,31,0,14,0,15,,34689,31,0,14,0,55,,34690,31,0,14,0,15,,34691,31,0,14,0,30,,34692,31,0,14,0,70,,34693,31,0,14,0,30,,34694,31,0,14,0,70,,34695,31,0,14,0,30,,34696,31,0,14,0,70,,34697,31,0,14,0,85,,34698,31,0,14,0,45,,34699,31,0,14,0,85,,34700,31,0,14,0,85,,34701,31,0,14,0,85,,34702,31,0,14,0,45,,34703,31,0,14,0
721204,'1360',624,,34704,31,0,14,0,30,,34705,31,0,14,0,70,,34706,31,0,14,0,15,,34707,31,0,14,0,15,,34708,31,0,14,0,55,,34709,31,0,14,0,15,,34710,31,0,14,0,30,,34711,31,0,14,0,70,,34712,31,0,14,0,30,,34713,31,0,14,0,70,,34714,31,0,14,0,30,,34715,31,0,14,0,70,,34716,31,0,14,0,30,,34717,31,0,14,0,70,,34718,31,0,14,0,30,,34719,31,0,14,0,70,,34720,31,0,14,0,30,,34721,31,0,14,0,70,,34722,31,0,14,0,15,,34723,31,0,14,0,15,,34724,31,0,14,0,55,,34725,31,0,14,0,15,,34726,31,0,14,0,30,,34727,31,0,14,0,70,,34728,31,0,14,0,30,,34729,31,0,14,0,70,,34730,31,0,14,0,30,,34731,31,0,14,0,70,,34732,31,0,14,0,85,,34733,31,0,14,0,45,,34734,31,0,14,0,85,,34735,31,0,14,0,85,,34736,31,0,14,0,85,,34737,31,0,14,0,45,,34738,31,0,14,0
721204,'1361',624,,34739,31,0,14,0,30,,34740,31,0,14,0,70,,34741,31,0,14,0,15,,34742,31,0,14,0,15,,34743,31,0,14,0,55,,34744,31,0,14,0,15,,34745,31,0,14,0,30,,34746,31,0,14,0,70,,34747,31,0,14,0,30,,34748,31,0,14,0,70,,34749,31,0,14,0,30,,34750,31,0,14,0,70,,34751,31,0,14,0,30,,34752,31,0,14,0,70,,34753,31,0,14,0,30,,34754,31,0,14,0,70,,34755,31,0,14,0,30,,34756,31,0,14,0,70,,34757,31,0,14,0,15,,34758,31,0,14,0,15,,34759,31,0,14,0,55,,34760,31,0,14,0,15,,34761,31,0,14,0,30,,34762,31,0,14,0,70,,34763,31,0,14,0,30,,34764,31,0,14,0,70,,34765,31,0,14,0,30,,34766,31,0,14,0,70,,34767,31,0,14,0,85,,34768,31,0,14,0,45,,34769,31,0,14,0,85,,34770,31,0,14,0,85,,34771,31,0,14,0,85,,34772,31,0,14,0,45,,34773,31,0,14,0
721501,'1355',940,,35544,35,0,17,0,100,,35543,35,0,17,0,100,,35542,35,0,17,0,100,,35541,35,0,17,0,100,,35540,35,0,17,0,100,,35539,35,0,17,0,100,,35538,35,0,17,0,100,,35537,35,0,17,0,100,,35536,35,0,17,0,100,,35535,35,0,17,0,100,,35534,35,0,17,0
721501,'1356',740,,35545,35,0,17,0,100,,35546,35,0,17,0,100,,35547,35,0,17,0,100,,35548,35,0,17,0,100,,35549,35,0,17,0,100,,35550,35,0,17,0,70,,35551,35,0,17,0,30,,35552,35,0,17,0,70,,35553,35,0,17,0,30,,35554,35,0,17,0,70,,35555,35,0,17,0,30,,35556,35,0,17,0,70,,35557,35,0,17,0,30,,35558,35,0,17,0,70,,35559,35,0,17,0,30,,35560,35,0,17,0,70,,35561,35,0,17,0,30,,35562,35,0,17,0,100,,35563,35,0,17,0
721501,'1357',740,,35564,35,0,17,0,70,,35565,35,0,17,0,30,,35566,35,0,17,0,70,,35567,35,0,17,0,30,,35568,35,0,17,0,70,,35569,35,0,17,0,30,,35570,35,0,17,0,70,,35571,35,0,17,0,30,,35572,35,0,17,0,70,,35573,35,0,17,0,30,,35574,35,0,17,0,70,,35575,35,0,17,0,30,,35576,35,0,17,0,70,,35577,35,0,17,0,30,,35578,35,0,17,0,70,,35579,35,0,17,0,30,,35580,35,0,17,0,70,,35581,35,0,17,0,30,,35582,35,0,17,0,70,,35583,35,0,17,0,30,,35584,35,0,17,0,70,,35585,35,0,17,0,30,,35586,35,0,17,0,70,,35587,35,0,17,0,30,,35588,35,0,17,0,100,,35589,35,0,17,0,100,,35590,35,0,17,0,100,,35591,35,0,17,0
721501,'1358',740,,35592,35,0,17,0,70,,35593,35,0,17,0,30,,35594,35,0,17,0,70,,35595,35,0,17,0,30,,35596,35,0,17,0,70,,35597,35,0,17,0,30,,35598,35,0,17,0,70,,35599,35,0,17,0,30,,35600,35,0,17,0,70,,35601,35,0,17,0,30,,35602,35,0,17,0,70,,35603,35,0,17,0,30,,35604,35,0,17,0,70,,35605,35,0,17,0,30,,35606,35,0,17,0,70,,35607,35,0,17,0,30,,35608,35,0,17,0,70,,35609,35,0,17,0,30,,35610,35,0,17,0,70,,35611,35,0,17,0,30,,35612,35,0,17,0,70,,35613,35,0,17,0,30,,35614,35,0,17,0,70,,35615,35,0,17,0,30,,35616,35,0,17,0,100,,35617,35,0,17,0,100,,35618,35,0,17,0,100,,35619,35,0,17,0
721501,'1359',740,,35620,35,0,17,0,70,,35621,35,0,17,0,30,,35622,35,0,17,0,70,,35623,35,0,17,0,30,,35624,35,0,17,0,70,,35625,35,0,17,0,30,,35626,35,0,17,0,70,,35627,35,0,17,0,30,,35628,35,0,17,0,70,,35629,35,0,17,0,30,,35630,35,0,17,0,70,,35631,35,0,17,0,30,,35632,35,0,17,0,70,,35633,35,0,17,0,30,,35634,35,0,17,0,70,,35635,35,0,17,0,30,,35636,35,0,17,0,70,,35637,35,0,17,0,30,,35638,35,0,17,0,70,,35639,35,0,17,0,30,,35640,35,0,17,0,70,,35641,35,0,17,0,30,,35642,35,0,17,0,70,,35643,35,0,17,0,30,,35644,35,0,17,0,100,,35645,35,0,17,0,100,,35646,35,0,17,0,100,,35647,35,0,17,0
721501,'1360',740,,35648,35,0,17,0,70,,35649,35,0,17,0,30,,35650,35,0,17,0,70,,35651,35,0,17,0,30,,35652,35,0,17,0,70,,35653,35,0,17,0,30,,35654,35,0,17,0,70,,35655,35,0,17,0,30,,35656,35,0,17,0,70,,35657,35,0,17,0,30,,35658,35,0,17,0,70,,35659,35,0,17,0,30,,35660,35,0,17,0,70,,35661,35,0,17,0,30,,35662,35,0,17,0,70,,35663,35,0,17,0,30,,35664,35,0,17,0,70,,35665,35,0,17,0,30,,35666,35,0,17,0,70,,35667,35,0,17,0,30,,35668,35,0,17,0,70,,35669,35,0,17,0,30,,35670,35,0,17,0,70,,35671,35,0,17,0,30,,35672,35,0,17,0,100,,35673,35,0,17,0,100,,35674,35,0,17,0,100,,35675,35,0,17,0
721501,'1361',740,,35676,35,0,17,0,70,,35677,35,0,17,0,30,,35678,35,0,17,0,70,,35679,35,0,17,0,30,,35680,35,0,17,0,70,,35681,35,0,17,0,30,,35682,35,0,17,0,70,,35683,35,0,17,0,30,,35684,35,0,17,0,70,,35685,35,0,17,0,30,,35686,35,0,17,0,70,,35687,35,0,17,0,30,,35688,35,0,17,0,70,,35689,35,0,17,0,30,,35690,35,0,17,0,70,,35691,35,0,17,0,30,,35692,35,0,17,0,70,,35693,35,0,17,0,30,,35694,35,0,17,0,70,,35695,35,0,17,0,30,,35696,35,0,17,0,70,,35697,35,0,17,0,30,,35698,35,0,17,0,70,,35699,35,0,17,0,30,,35700,35,0,17,0,100,,35701,35,0,17,0,100,,35702,35,0,17,0,100,,35703,35,0,17,0
