2001,'1348',1000,,24801,68,,,0,45,,24800,68,,,0,85,,24799,68,,,0,85,,24798,68,,,0,85,,24797,68,,,0,45,,24796,68,,,0,85,,24792,68,,,0,85,,24803,68,,,0,85,,24802,68,,,0,45,,24795,68,,,0,87,,24794,68,,,0,83,,24793,68,,,0,85,,24791,68,,,0,45,,24790,68,,,0,85,,24789,68,,,0
2001,'1349',700,,24821,68,,,0,45,,24822,68,,,0,85,,24823,68,,,0,85,,24824,68,,,0,39,,24804,68,,,0,70,,24805,68,,,0,30,,24806,68,,,0,70,,24807,68,,,0,80,,24808,68,,,0,30,,24809,68,,,0,70,,24810,68,,,0,30,,24811,68,,,0,80,,24812,68,,,0,30,,24813,68,,,0,70,,24814,68,,,0,30,,24815,68,,,0,80,,24816,68,,,0,30,,24817,68,,,0,70,,24818,68,,,0,30,,24819,68,,,0,80,,24820,68,,,0,76,,24825,68,,,0,45,,24826,68,,,0,85,,24827,68,,,0,85,,24828,68,,,0,85,,24829,68,,,0,45,,24830,68,,,0,85,,24831,68,,,0,85,,24832,68,,,0,85,,24833,68,,,0
2001,'1350',640,,24834,68,,,0,60,,24835,68,,,0,20,,24836,68,,,0,20,,24837,68,,,0,60,,24838,68,,,0,20,,24839,68,,,0,20,,24840,68,,,0,60,,24841,68,,,0,20,,24842,68,,,0,20,,24843,68,,,0,60,,24844,68,,,0,20,,24845,68,,,0,20,,24846,68,,,0,60,,24847,68,,,0,20,,24848,68,,,0,20,,24849,68,,,0,60,,24850,68,,,0,20,,24851,68,,,0,20,,24852,68,,,0,60,,24853,68,,,0,20,,24854,68,,,0,20,,24855,68,,,0,60,,24856,68,,,0,20,,24857,68,,,0,20,,24858,68,,,0,60,,24859,68,,,0,20,,24860,68,,,0,20,,24861,68,,,0,60,,24862,68,,,0,20,,24863,68,,,0,20,,24864,68,,,0,60,,24865,68,,,0,20,,24866,68,,,0,20,,24867,68,,,0,60,,24868,68,,,0,20,,24869,68,,,0,20,,24870,68,,,0,60,,24871,68,,,0,45,,24872,68,,,0,85,,24873,68,,,0,85,,24874,68,,,0,85,,24875,68,,,0,45,,24876,68,,,0,85,,24877,68,,,0,85,,24878,68,,,0,85,,24879,68,,,0,45,,24880,68,,,0
2001,'1351',640,,24881,68,,,0,60,,24882,68,,,0,20,,24883,68,,,0,20,,24884,68,,,0,60,,24885,68,,,0,20,,24886,68,,,0,20,,24887,68,,,0,60,,24888,68,,,0,20,,24889,68,,,0,20,,24890,68,,,0,60,,24891,68,,,0,20,,24892,68,,,0,20,,24893,68,,,0,60,,24894,68,,,0,20,,24895,68,,,0,20,,24896,68,,,0,60,,24897,68,,,0,20,,24898,68,,,0,20,,24899,68,,,0,60,,24900,68,,,0,20,,24901,68,,,0,20,,24902,68,,,0,60,,24903,68,,,0,20,,24904,68,,,0,20,,24905,68,,,0,60,,24906,68,,,0,20,,24907,68,,,0,20,,24908,68,,,0,60,,24909,68,,,0,20,,24910,68,,,0,20,,24911,68,,,0,60,,24912,68,,,0,20,,24913,68,,,0,20,,24914,68,,,0,60,,24915,68,,,0,20,,24916,68,,,0,20,,24917,68,,,0,60,,24918,68,,,0,45,,24919,68,,,0,85,,24920,68,,,0,85,,24921,68,,,0,85,,24922,68,,,0,45,,24923,68,,,0,85,,24924,68,,,0,85,,24925,68,,,0,85,,24926,68,,,0,45,,24927,68,,,0
2001,'1352',640,,24928,68,,,0,60,,24929,68,,,0,20,,24930,68,,,0,20,,24931,68,,,0,60,,24932,68,,,0,20,,24933,68,,,0,20,,24934,68,,,0,60,,24935,68,,,0,20,,24936,68,,,0,20,,24937,68,,,0,60,,24938,68,,,0,20,,24939,68,,,0,20,,24940,68,,,0,60,,24941,68,,,0,20,,24942,68,,,0,20,,24943,68,,,0,60,,24944,68,,,0,20,,24945,68,,,0,20,,24946,68,,,0,60,,24947,68,,,0,20,,24948,68,,,0,20,,24949,68,,,0,60,,24950,68,,,0,20,,24951,68,,,0,20,,24952,68,,,0,60,,24953,68,,,0,20,,24954,68,,,0,20,,24955,68,,,0,60,,24956,68,,,0,20,,24957,68,,,0,20,,24958,68,,,0,60,,24959,68,,,0,20,,24960,68,,,0,20,,24961,68,,,0,60,,24962,68,,,0,20,,24963,68,,,0,20,,24964,68,,,0,60,,24965,68,,,0,45,,24966,68,,,0,85,,24967,68,,,0,85,,24968,68,,,0,85,,24969,68,,,0,45,,24970,68,,,0,85,,24971,68,,,0,85,,24972,68,,,0,85,,24973,68,,,0,45,,24974,68,,,0
2001,'1353',640,,24975,68,,,0,60,,24976,68,,,0,20,,24977,68,,,0,20,,24978,68,,,0,60,,24979,68,,,0,20,,24980,68,,,0,20,,24981,68,,,0,60,,24982,68,,,0,20,,24983,68,,,0,20,,24984,68,,,0,60,,24985,68,,,0,20,,24986,68,,,0,20,,24987,68,,,0,60,,24988,68,,,0,20,,24989,68,,,0,20,,24990,68,,,0,60,,24991,68,,,0,20,,24992,68,,,0,20,,24993,68,,,0,60,,24994,68,,,0,20,,24995,68,,,0,20,,24996,68,,,0,60,,24997,68,,,0,20,,24998,68,,,0,20,,24999,68,,,0,60,,25000,68,,,0,20,,25001,68,,,0,20,,25002,68,,,0,60,,25003,68,,,0,20,,25004,68,,,0,20,,25005,68,,,0,60,,25006,68,,,0,20,,25007,68,,,0,20,,25008,68,,,0,60,,25009,68,,,0,20,,25010,68,,,0,20,,25011,68,,,0,60,,25012,68,,,0,45,,25013,68,,,0,85,,25014,68,,,0,85,,25015,68,,,0,85,,25016,68,,,0,45,,25017,68,,,0,85,,25018,68,,,0,85,,25019,68,,,0,85,,25020,68,,,0,45,,25021,68,,,0
2001,'1354',640,,25022,68,,,0,60,,25023,68,,,0,20,,25024,68,,,0,20,,25025,68,,,0,60,,25026,68,,,0,20,,25027,68,,,0,20,,25028,68,,,0,60,,25029,68,,,0,20,,25030,68,,,0,20,,25031,68,,,0,60,,25032,68,,,0,20,,25033,68,,,0,20,,25034,68,,,0,60,,25035,68,,,0,20,,25036,68,,,0,20,,25037,68,,,0,60,,25038,68,,,0,20,,25039,68,,,0,20,,25040,68,,,0,60,,25041,68,,,0,20,,25042,68,,,0,20,,25043,68,,,0,60,,25044,68,,,0,20,,25045,68,,,0,20,,25046,68,,,0,60,,25047,68,,,0,20,,25048,68,,,0,20,,25049,68,,,0,60,,25050,68,,,0,20,,25051,68,,,0,20,,25052,68,,,0,60,,25053,68,,,0,20,,25054,68,,,0,20,,25055,68,,,0,60,,25056,68,,,0,20,,25057,68,,,0,20,,25058,68,,,0,60,,25059,68,,,0,45,,25060,68,,,0,85,,25061,68,,,0,85,,25062,68,,,0,85,,25063,68,,,0,45,,25064,68,,,0,85,,25065,68,,,0,85,,25066,68,,,0,85,,25067,68,,,0,45,,25068,68,,,0
2801,'1349',808,,25195,4,,,0,110,,25196,4,,,0,110,,25197,4,,,0,110,,25198,4,,,0,110,,25199,4,,,0,110,,25200,4,,,0,150,,25201,4,,,0,110,,25202,4,,,0,110,,25203,4,,,0,110,,25204,4,,,0
2801,'1350',633,,25205,4,,,0,75,,25206,4,,,0,35,,25207,4,,,0,75,,25208,4,,,0,35,,25209,4,,,0,75,,25210,4,,,0,75,,25211,4,,,0,35,,25212,4,,,0,75,,25213,4,,,0,35,,25214,4,,,0,75,,25215,4,,,0,35,,25216,4,,,0,75,,25217,4,,,0,75,,25218,4,,,0,35,,25219,4,,,0,75,,25220,4,,,0,35,,25221,4,,,0,75,,25222,4,,,0,75,,25223,4,,,0,35,,25224,4,,,0,75,,25225,4,,,0,35,,25226,4,,,0,75,,25227,4,,,0
2801,'1351',633,,25228,4,,,0,75,,25229,4,,,0,35,,25230,4,,,0,75,,25231,4,,,0,35,,25232,4,,,0,75,,25233,4,,,0,75,,25234,4,,,0,35,,25235,4,,,0,75,,25236,4,,,0,35,,25237,4,,,0,75,,25238,4,,,0,35,,25239,4,,,0,75,,25240,4,,,0,75,,25241,4,,,0,35,,25242,4,,,0,75,,25243,4,,,0,35,,25244,4,,,0,75,,25245,4,,,0,75,,25246,4,,,0,35,,25247,4,,,0,75,,25248,4,,,0,35,,25249,4,,,0,75,,25250,4,,,0
2801,'1352',633,,25251,4,,,0,75,,25252,4,,,0,35,,25253,4,,,0,75,,25254,4,,,0,35,,25255,4,,,0,75,,25256,4,,,0,75,,25257,4,,,0,35,,25258,4,,,0,75,,25259,4,,,0,35,,25260,4,,,0,75,,25261,4,,,0,35,,25262,4,,,0,75,,25263,4,,,0,75,,25264,4,,,0,35,,25265,4,,,0,75,,25266,4,,,0,35,,25267,4,,,0,75,,25268,4,,,0,75,,25269,4,,,0,35,,25270,4,,,0,75,,25271,4,,,0,35,,25272,4,,,0,75,,25273,4,,,0
2801,'1353',633,,25274,4,,,0,75,,25275,4,,,0,35,,25276,4,,,0,75,,25277,4,,,0,35,,25278,4,,,0,75,,25279,4,,,0,75,,25280,4,,,0,35,,25281,4,,,0,75,,25282,4,,,0,35,,25283,4,,,0,75,,25284,4,,,0,35,,25285,4,,,0,75,,25286,4,,,0,75,,25287,4,,,0,35,,25288,4,,,0,75,,25289,4,,,0,35,,25290,4,,,0,75,,25291,4,,,0,75,,25292,4,,,0,35,,25293,4,,,0,75,,25294,4,,,0,35,,25295,4,,,0,75,,25296,4,,,0
2801,'1354',633,,25297,4,,,0,75,,25298,4,,,0,35,,25299,4,,,0,75,,25300,4,,,0,35,,25301,4,,,0,75,,25302,4,,,0,75,,25303,4,,,0,35,,25304,4,,,0,75,,25305,4,,,0,35,,25306,4,,,0,75,,25307,4,,,0,35,,25308,4,,,0,75,,25309,4,,,0,75,,25310,4,,,0,35,,25311,4,,,0,75,,25312,4,,,0,35,,25313,4,,,0,75,,25314,4,,,0,75,,25315,4,,,0,35,,25316,4,,,0,75,,25317,4,,,0,35,,25318,4,,,0,75,,25319,4,,,0
