721203,'1348',1005,,27146,29,0,15,0,45,,27145,29,0,15,0,85,,27144,29,0,15,0,85,,27143,29,0,15,0,85,,27142,29,0,15,0,45,,27141,29,0,15,0,85,,27140,29,0,15,0,85,,27139,29,0,15,0,85,,27138,29,0,15,0,45,,27137,29,0,15,0,85,,27136,29,0,15,0,85,,27135,29,0,15,0,85,,27134,29,0,15,0,45,,27133,29,0,15,0
721203,'1349',705,,27147,29,0,15,0,45,,27148,29,0,15,0,85,,27149,29,0,15,0,85,,27150,29,0,15,0,85,,27151,29,0,15,0,45,,27152,29,0,15,0,70,,27153,29,0,15,0,30,,27154,29,0,15,0,70,,27155,29,0,15,0,30,,27156,29,0,15,0,70,,27157,29,0,15,0,30,,27158,29,0,15,0,70,,27159,29,0,15,0,30,,27160,29,0,15,0,70,,27161,29,0,15,0,30,,27162,29,0,15,0,70,,27163,29,0,15,0,30,,27164,29,0,15,0,70,,27165,29,0,15,0,30,,27166,29,0,15,0,70,,27167,29,0,15,0,30,,27168,29,0,15,0,85,,27169,29,0,15,0,85,,27170,29,0,15,0,85,,27171,29,0,15,0,45,,27172,29,0,15,0,85,,27173,29,0,15,0,85,,27174,29,0,15,0
721203,'1350',635,,27175,29,0,15,0,70,,27176,29,0,15,0,30,,27177,29,0,15,0,70,,27178,29,0,15,0,15,,27179,29,0,15,0,15,,27180,29,0,15,0,15,,27181,29,0,15,0,55,,27182,29,0,15,0,30,,27183,29,0,15,0,70,,27184,29,0,15,0,30,,27185,29,0,15,0,70,,27186,29,0,15,0,30,,27187,29,0,15,0,70,,27188,29,0,15,0,30,,27189,29,0,15,0,70,,27190,29,0,15,0,30,,27191,29,0,15,0,70,,27192,29,0,15,0,30,,27193,29,0,15,0,70,,27194,29,0,15,0,15,,27195,29,0,15,0,15,,27196,29,0,15,0,15,,27197,29,0,15,0,55,,27198,29,0,15,0,30,,27199,29,0,15,0,70,,27200,29,0,15,0,30,,27201,29,0,15,0,70,,27202,29,0,15,0,30,,27203,29,0,15,0,70,,27204,29,0,15,0,45,,27205,29,0,15,0,85,,27206,29,0,15,0,85,,27207,29,0,15,0,85,,27208,29,0,15,0,45,,27209,29,0,15,0,85,,27210,29,0,15,0
721203,'1351',635,,27211,29,0,15,0,70,,27212,29,0,15,0,30,,27213,29,0,15,0,70,,27214,29,0,15,0,15,,27215,29,0,15,0,15,,27216,29,0,15,0,15,,27217,29,0,15,0,55,,27218,29,0,15,0,30,,27219,29,0,15,0,70,,27220,29,0,15,0,30,,27221,29,0,15,0,70,,27222,29,0,15,0,30,,27223,29,0,15,0,70,,27224,29,0,15,0,30,,27225,29,0,15,0,70,,27226,29,0,15,0,30,,27227,29,0,15,0,70,,27228,29,0,15,0,30,,27229,29,0,15,0,70,,27230,29,0,15,0,15,,27231,29,0,15,0,15,,27232,29,0,15,0,15,,27233,29,0,15,0,55,,27234,29,0,15,0,30,,27235,29,0,15,0,70,,27236,29,0,15,0,30,,27237,29,0,15,0,70,,27238,29,0,15,0,30,,27239,29,0,15,0,70,,27240,29,0,15,0,45,,27241,29,0,15,0,85,,27242,29,0,15,0,85,,27243,29,0,15,0,85,,27244,29,0,15,0,45,,27245,29,0,15,0,85,,27246,29,0,15,0
721203,'1352',635,,27247,29,0,15,0,70,,27248,29,0,15,0,30,,27249,29,0,15,0,70,,27250,29,0,15,0,15,,27251,29,0,15,0,15,,27252,29,0,15,0,15,,27253,29,0,15,0,55,,27254,29,0,15,0,30,,27255,29,0,15,0,70,,27256,29,0,15,0,30,,27257,29,0,15,0,70,,27258,29,0,15,0,30,,27259,29,0,15,0,70,,27260,29,0,15,0,30,,27261,29,0,15,0,70,,27262,29,0,15,0,30,,27263,29,0,15,0,70,,27264,29,0,15,0,30,,27265,29,0,15,0,70,,27266,29,0,15,0,15,,27267,29,0,15,0,15,,27268,29,0,15,0,15,,27269,29,0,15,0,55,,27270,29,0,15,0,30,,27271,29,0,15,0,70,,27272,29,0,15,0,30,,27273,29,0,15,0,70,,27274,29,0,15,0,30,,27275,29,0,15,0,70,,27276,29,0,15,0,45,,27277,29,0,15,0,85,,27278,29,0,15,0,85,,27279,29,0,15,0,85,,27280,29,0,15,0,45,,27281,29,0,15,0,85,,27282,29,0,15,0
721203,'1353',635,,27283,29,0,15,0,70,,27284,29,0,15,0,30,,27285,29,0,15,0,70,,27286,29,0,15,0,15,,27287,29,0,15,0,15,,27288,29,0,15,0,15,,27289,29,0,15,0,55,,27290,29,0,15,0,30,,27291,29,0,15,0,70,,27292,29,0,15,0,30,,27293,29,0,15,0,70,,27294,29,0,15,0,30,,27295,29,0,15,0,70,,27296,29,0,15,0,30,,27297,29,0,15,0,70,,27298,29,0,15,0,30,,27299,29,0,15,0,70,,27300,29,0,15,0,30,,27301,29,0,15,0,70,,27302,29,0,15,0,15,,27303,29,0,15,0,15,,27304,29,0,15,0,15,,27305,29,0,15,0,55,,27306,29,0,15,0,30,,27307,29,0,15,0,70,,27308,29,0,15,0,30,,27309,29,0,15,0,70,,27310,29,0,15,0,30,,27311,29,0,15,0,70,,27312,29,0,15,0,45,,27313,29,0,15,0,85,,27314,29,0,15,0,85,,27315,29,0,15,0,85,,27316,29,0,15,0,45,,27317,29,0,15,0,85,,27318,29,0,15,0
721203,'1354',635,,27319,29,0,15,0,70,,27320,29,0,15,0,30,,27321,29,0,15,0,70,,27322,29,0,15,0,15,,27323,29,0,15,0,15,,27324,29,0,15,0,15,,27325,29,0,15,0,55,,27326,29,0,15,0,30,,27327,29,0,15,0,70,,27328,29,0,15,0,30,,27329,29,0,15,0,70,,27330,29,0,15,0,30,,27331,29,0,15,0,70,,27332,29,0,15,0,30,,27333,29,0,15,0,70,,27334,29,0,15,0,30,,27335,29,0,15,0,70,,27336,29,0,15,0,30,,27337,29,0,15,0,70,,27338,29,0,15,0,15,,27339,29,0,15,0,15,,27340,29,0,15,0,15,,27341,29,0,15,0,55,,27342,29,0,15,0,30,,27343,29,0,15,0,70,,27344,29,0,15,0,30,,27345,29,0,15,0,70,,27346,29,0,15,0,30,,27347,29,0,15,0,70,,27348,29,0,15,0,45,,27349,29,0,15,0,85,,27350,29,0,15,0,85,,27351,29,0,15,0,85,,27352,29,0,15,0,45,,27353,29,0,15,0,85,,27354,29,0,15,0
721502,'1348',915,,28512,18,0,16,0,100,,28511,18,0,16,0,100,,28510,18,0,16,0,100,,28509,18,0,16,0,100,,28508,18,0,16,0,100,,28507,18,0,16,0,100,,28506,18,0,16,0,100,,28505,18,0,16,0,100,,28504,18,0,16,0,100,,28503,18,0,16,0,100,,28502,18,0,16,0
721502,'1349',715,,28513,18,0,16,0,100,,28514,18,0,16,0,100,,28515,18,0,16,0,100,,28516,18,0,16,0,100,,28517,18,0,16,0,100,,28518,18,0,16,0,100,,28519,18,0,16,0,30,,28520,18,0,16,0,70,,28521,18,0,16,0,30,,28522,18,0,16,0,70,,28523,18,0,16,0,30,,28524,18,0,16,0,70,,28525,18,0,16,0,30,,28526,18,0,16,0,70,,28527,18,0,16,0,30,,28528,18,0,16,0,70,,28529,18,0,16,0,30,,28530,18,0,16,0,70,,28531,18,0,16,0
721502,'1350',715,,28533,18,0,16,0,30,,28534,18,0,16,0,70,,28535,18,0,16,0,30,,28536,18,0,16,0,70,,28537,18,0,16,0,30,,28538,18,0,16,0,70,,28539,18,0,16,0,30,,28540,18,0,16,0,70,,28541,18,0,16,0,30,,28542,18,0,16,0,70,,28543,18,0,16,0,30,,28544,18,0,16,0,70,,28545,18,0,16,0,30,,28546,18,0,16,0,70,,28547,18,0,16,0,30,,28548,18,0,16,0,70,,28549,18,0,16,0,30,,28550,18,0,16,0,70,,28551,18,0,16,0,30,,28552,18,0,16,0,70,,28553,18,0,16,0,30,,28554,18,0,16,0,70,,28555,18,0,16,0,30,,28556,18,0,16,0,70,,28557,18,0,16,0,100,,28558,18,0,16,0,100,,28559,18,0,16,0,100,,28560,18,0,16,0
721502,'1351',715,,28562,18,0,16,0,30,,28563,18,0,16,0,70,,28564,18,0,16,0,30,,28565,18,0,16,0,70,,28566,18,0,16,0,30,,28567,18,0,16,0,70,,28568,18,0,16,0,30,,28569,18,0,16,0,70,,28570,18,0,16,0,30,,28571,18,0,16,0,70,,28572,18,0,16,0,30,,28573,18,0,16,0,70,,28574,18,0,16,0,30,,28575,18,0,16,0,70,,28576,18,0,16,0,30,,28577,18,0,16,0,70,,28578,18,0,16,0,30,,28579,18,0,16,0,70,,28580,18,0,16,0,30,,28581,18,0,16,0,70,,28582,18,0,16,0,30,,28583,18,0,16,0,70,,28584,18,0,16,0,30,,28585,18,0,16,0,70,,28586,18,0,16,0,100,,28587,18,0,16,0,100,,28588,18,0,16,0,100,,28589,18,0,16,0
721502,'1352',715,,28591,18,0,16,0,30,,28592,18,0,16,0,70,,28593,18,0,16,0,30,,28594,18,0,16,0,70,,28595,18,0,16,0,30,,28596,18,0,16,0,70,,28597,18,0,16,0,30,,28598,18,0,16,0,70,,28599,18,0,16,0,30,,28600,18,0,16,0,70,,28601,18,0,16,0,30,,28602,18,0,16,0,70,,28603,18,0,16,0,30,,28604,18,0,16,0,70,,28605,18,0,16,0,30,,28606,18,0,16,0,70,,28607,18,0,16,0,30,,28608,18,0,16,0,70,,28609,18,0,16,0,30,,28610,18,0,16,0,70,,28611,18,0,16,0,30,,28612,18,0,16,0,70,,28613,18,0,16,0,30,,28614,18,0,16,0,70,,28615,18,0,16,0,100,,28616,18,0,16,0,100,,28617,18,0,16,0,100,,28618,18,0,16,0
721502,'1353',715,,28620,18,0,16,0,30,,28621,18,0,16,0,70,,28622,18,0,16,0,30,,28623,18,0,16,0,70,,28624,18,0,16,0,30,,28625,18,0,16,0,70,,28626,18,0,16,0,30,,28627,18,0,16,0,70,,28628,18,0,16,0,30,,28629,18,0,16,0,70,,28630,18,0,16,0,30,,28631,18,0,16,0,70,,28632,18,0,16,0,30,,28633,18,0,16,0,70,,28634,18,0,16,0,30,,28635,18,0,16,0,70,,28636,18,0,16,0,30,,28637,18,0,16,0,70,,28638,18,0,16,0,30,,28639,18,0,16,0,70,,28640,18,0,16,0,30,,28641,18,0,16,0,70,,28642,18,0,16,0,30,,28643,18,0,16,0,70,,28644,18,0,16,0,100,,28645,18,0,16,0,100,,28646,18,0,16,0,100,,28647,18,0,16,0
721502,'1354',715,,28649,18,0,16,0,30,,28650,18,0,16,0,70,,28651,18,0,16,0,30,,28652,18,0,16,0,70,,28653,18,0,16,0,30,,28654,18,0,16,0,70,,28655,18,0,16,0,30,,28656,18,0,16,0,70,,28657,18,0,16,0,30,,28658,18,0,16,0,70,,28659,18,0,16,0,30,,28660,18,0,16,0,70,,28661,18,0,16,0,30,,28662,18,0,16,0,70,,28663,18,0,16,0,30,,28664,18,0,16,0,70,,28665,18,0,16,0,30,,28666,18,0,16,0,70,,28667,18,0,16,0,30,,28668,18,0,16,0,70,,28669,18,0,16,0,30,,28670,18,0,16,0,70,,28671,18,0,16,0,30,,28672,18,0,16,0,70,,28673,18,0,16,0,100,,28674,18,0,16,0,100,,28675,18,0,16,0,100,,28676,18,0,16,0
