1901,'1355',927,,31507,33,,,0,100,,31506,33,,,0,100,,31505,33,,,0,100,,31504,33,,,0,100,,31503,33,,,0,100,,31502,33,,,0,100,,31501,33,,,0,100,,31500,33,,,0,100,,31499,33,,,0,100,,31498,33,,,0,100,,31497,33,,,0,100,,31496,33,,,0
1901,'1356',827,,31508,33,,,0,100,,31509,33,,,0,100,,31510,33,,,0,30,,31511,33,,,0,70,,31512,33,,,0,30,,31513,33,,,0,70,,31514,33,,,0,30,,31515,33,,,0,70,,31516,33,,,0,30,,31517,33,,,0,70,,31518,33,,,0,30,,31519,33,,,0,70,,31520,33,,,0,30,,31521,33,,,0,70,,31522,33,,,0,30,,31523,33,,,0,70,,31524,33,,,0,30,,31525,33,,,0,70,,31526,33,,,0,30,,31527,33,,,0,70,,31528,33,,,0,30,,31529,33,,,0,70,,31530,33,,,0,100,,31531,33,,,0,100,,31532,33,,,0,100,,31533,33,,,0
1901,'1357',627,,31534,33,,,0,30,,31535,33,,,0,70,,31536,33,,,0,30,,31537,33,,,0,70,,31538,33,,,0,30,,31539,33,,,0,70,,31540,33,,,0,30,,31541,33,,,0,70,,31542,33,,,0,30,,31543,33,,,0,70,,31544,33,,,0,30,,31545,33,,,0,70,,31546,33,,,0,30,,31547,33,,,0,70,,31548,33,,,0,30,,31549,33,,,0,70,,31550,33,,,0,30,,31551,33,,,0,70,,31552,33,,,0,30,,31553,33,,,0,70,,31554,33,,,0,30,,31555,33,,,0,70,,31556,33,,,0,30,,31557,33,,,0,70,,31558,33,,,0,30,,31559,33,,,0,70,,31560,33,,,0,30,,31561,33,,,0,70,,31562,33,,,0,30,,31563,33,,,0,70,,31564,33,,,0,30,,31565,33,,,0,100,,31566,33,,,0,100,,31567,33,,,0
1901,'1358',627,,31568,33,,,0,30,,31569,33,,,0,70,,31570,33,,,0,30,,31571,33,,,0,70,,31572,33,,,0,30,,31573,33,,,0,70,,31574,33,,,0,30,,31575,33,,,0,70,,31576,33,,,0,30,,31577,33,,,0,70,,31578,33,,,0,30,,31579,33,,,0,70,,31580,33,,,0,30,,31581,33,,,0,70,,31582,33,,,0,30,,31583,33,,,0,70,,31584,33,,,0,30,,31585,33,,,0,70,,31586,33,,,0,30,,31587,33,,,0,70,,31588,33,,,0,30,,31589,33,,,0,70,,31590,33,,,0,30,,31591,33,,,0,70,,31592,33,,,0,30,,31593,33,,,0,70,,31594,33,,,0,30,,31595,33,,,0,70,,31596,33,,,0,30,,31597,33,,,0,70,,31598,33,,,0,30,,31599,33,,,0,100,,31600,33,,,0,100,,31601,33,,,0
1901,'1359',627,,31602,33,,,0,30,,31603,33,,,0,70,,31604,33,,,0,30,,31605,33,,,0,70,,31606,33,,,0,30,,31607,33,,,0,70,,31608,33,,,0,30,,31609,33,,,0,70,,31610,33,,,0,30,,31611,33,,,0,70,,31612,33,,,0,30,,31613,33,,,0,70,,31614,33,,,0,30,,31615,33,,,0,70,,31616,33,,,0,30,,31617,33,,,0,70,,31618,33,,,0,30,,31619,33,,,0,70,,31620,33,,,0,30,,31621,33,,,0,70,,31622,33,,,0,30,,31623,33,,,0,70,,31624,33,,,0,30,,31625,33,,,0,70,,31626,33,,,0,30,,31627,33,,,0,70,,31628,33,,,0,30,,31629,33,,,0,70,,31630,33,,,0,30,,31631,33,,,0,70,,31632,33,,,0,30,,31633,33,,,0,100,,31634,33,,,0,100,,31635,33,,,0
1901,'1360',627,,31636,33,,,0,30,,31637,33,,,0,70,,31638,33,,,0,30,,31639,33,,,0,70,,31640,33,,,0,30,,31641,33,,,0,70,,31642,33,,,0,30,,31643,33,,,0,70,,31644,33,,,0,30,,31645,33,,,0,70,,31646,33,,,0,30,,31647,33,,,0,70,,31648,33,,,0,30,,31649,33,,,0,70,,31650,33,,,0,30,,31651,33,,,0,70,,31652,33,,,0,30,,31653,33,,,0,70,,31654,33,,,0,30,,31655,33,,,0,70,,31656,33,,,0,30,,31657,33,,,0,70,,31658,33,,,0,30,,31659,33,,,0,70,,31660,33,,,0,30,,31661,33,,,0,70,,31662,33,,,0,30,,31663,33,,,0,70,,31664,33,,,0,30,,31665,33,,,0,70,,31666,33,,,0,30,,31667,33,,,0,100,,31668,33,,,0,100,,31669,33,,,0
1901,'1361',627,,31670,33,,,0,30,,31671,33,,,0,70,,31672,33,,,0,30,,31673,33,,,0,70,,31674,33,,,0,30,,31675,33,,,0,70,,31676,33,,,0,30,,31677,33,,,0,70,,31678,33,,,0,30,,31679,33,,,0,70,,31680,33,,,0,30,,31681,33,,,0,70,,31682,33,,,0,30,,31683,33,,,0,70,,31684,33,,,0,30,,31685,33,,,0,70,,31686,33,,,0,30,,31687,33,,,0,70,,31688,33,,,0,30,,31689,33,,,0,70,,31690,33,,,0,30,,31691,33,,,0,70,,31692,33,,,0,30,,31693,33,,,0,70,,31694,33,,,0,30,,31695,33,,,0,70,,31696,33,,,0,30,,31697,33,,,0,70,,31698,33,,,0,30,,31699,33,,,0,70,,31700,33,,,0,30,,31701,33,,,0,100,,31702,33,,,0,100,,31703,33,,,0
721404,'1355',907,,35420,8,0,14,0,110,,35419,8,0,14,0,110,,35418,8,0,14,0,110,,35417,8,0,14,0,110,,35416,8,0,14,0,110,,35415,8,0,14,0,150,,35414,8,0,14,0,110,,35413,8,0,14,0
721404,'1356',807,,35421,8,0,14,0,110,,35422,8,0,14,0,110,,35423,8,0,14,0,110,,35424,8,0,14,0,110,,35425,8,0,14,0,106,,35426,8,0,14,0,85,,35427,8,0,14,0,85,,35428,8,0,14,0,85,,35429,8,0,14,0,45,,35430,8,0,14,0,85,,35431,8,0,14,0,85,,35432,8,0,14,0,85,,35433,8,0,14,0
721404,'1357',628,,35434,8,0,14,0,95,,35435,8,0,14,0,85,,35436,8,0,14,0,45,,35437,8,0,14,0,85,,35438,8,0,14,0,85,,35439,8,0,14,0,85,,35440,8,0,14,0,45,,35441,8,0,14,0,85,,35442,8,0,14,0,85,,35443,8,0,14,0,85,,35444,8,0,14,0,45,,35445,8,0,14,0,85,,35446,8,0,14,0,85,,35447,8,0,14,0,85,,35448,8,0,14,0,45,,35449,8,0,14,0,85,,35450,8,0,14,0,85,,35451,8,0,14,0,85,,35452,8,0,14,0,45,,35453,8,0,14,0
721404,'1358',628,,35454,8,0,14,0,95,,35455,8,0,14,0,85,,35456,8,0,14,0,45,,35457,8,0,14,0,85,,35458,8,0,14,0,85,,35459,8,0,14,0,85,,35460,8,0,14,0,45,,35461,8,0,14,0,85,,35462,8,0,14,0,85,,35463,8,0,14,0,85,,35464,8,0,14,0,45,,35465,8,0,14,0,85,,35466,8,0,14,0,85,,35467,8,0,14,0,85,,35468,8,0,14,0,45,,35469,8,0,14,0,85,,35470,8,0,14,0,85,,35471,8,0,14,0,85,,35472,8,0,14,0,45,,35473,8,0,14,0
721404,'1359',628,,35474,8,0,14,0,95,,35475,8,0,14,0,85,,35476,8,0,14,0,45,,35477,8,0,14,0,85,,35478,8,0,14,0,85,,35479,8,0,14,0,85,,35480,8,0,14,0,45,,35481,8,0,14,0,85,,35482,8,0,14,0,85,,35483,8,0,14,0,85,,35484,8,0,14,0,45,,35485,8,0,14,0,85,,35486,8,0,14,0,85,,35487,8,0,14,0,85,,35488,8,0,14,0,45,,35489,8,0,14,0,85,,35490,8,0,14,0,85,,35491,8,0,14,0,85,,35492,8,0,14,0,45,,35493,8,0,14,0
721404,'1360',628,,35494,8,0,14,0,95,,35495,8,0,14,0,85,,35496,8,0,14,0,45,,35497,8,0,14,0,85,,35498,8,0,14,0,85,,35499,8,0,14,0,85,,35500,8,0,14,0,45,,35501,8,0,14,0,85,,35502,8,0,14,0,85,,35503,8,0,14,0,85,,35504,8,0,14,0,45,,35505,8,0,14,0,85,,35506,8,0,14,0,85,,35507,8,0,14,0,85,,35508,8,0,14,0,45,,35509,8,0,14,0,85,,35510,8,0,14,0,85,,35511,8,0,14,0,85,,35512,8,0,14,0,45,,35513,8,0,14,0
721404,'1361',628,,35514,8,0,14,0,95,,35515,8,0,14,0,85,,35516,8,0,14,0,45,,35517,8,0,14,0,85,,35518,8,0,14,0,85,,35519,8,0,14,0,85,,35520,8,0,14,0,45,,35521,8,0,14,0,85,,35522,8,0,14,0,85,,35523,8,0,14,0,85,,35524,8,0,14,0,45,,35525,8,0,14,0,85,,35526,8,0,14,0,85,,35527,8,0,14,0,85,,35528,8,0,14,0,45,,35529,8,0,14,0,85,,35530,8,0,14,0,85,,35531,8,0,14,0,85,,35532,8,0,14,0,45,,35533,8,0,14,0
