70101,'1349',706,,25320,12,0,17,0,130,,25321,12,0,17,0,170,,25322,12,0,17,0,130,,25323,12,0,17,0,170,,25324,12,0,17,0,130,,25325,12,0,17,0,170,,25326,12,0,17,0,130,,25327,12,0,17,0
70101,'1350',706,,25328,12,0,17,0,45,,25329,12,0,17,0,85,,25330,12,0,17,0,85,,25331,12,0,17,0,85,,25332,12,0,17,0,130,,25333,12,0,17,0,170,,25334,12,0,17,0,45,,25335,12,0,17,0,85,,25336,12,0,17,0,85,,25337,12,0,17,0,85,,25338,12,0,17,0,45,,25339,12,0,17,0,85,,25340,12,0,17,0,85,,25341,12,0,17,0
70101,'1351',706,,25342,12,0,17,0,45,,25343,12,0,17,0,85,,25344,12,0,17,0,85,,25345,12,0,17,0,85,,25346,12,0,17,0,130,,25347,12,0,17,0,170,,25348,12,0,17,0,45,,25349,12,0,17,0,85,,25350,12,0,17,0,85,,25351,12,0,17,0,85,,25352,12,0,17,0,45,,25353,12,0,17,0,85,,25354,12,0,17,0,85,,25355,12,0,17,0
70101,'1352',706,,25356,12,0,17,0,45,,25357,12,0,17,0,85,,25358,12,0,17,0,85,,25359,12,0,17,0,85,,25360,12,0,17,0,130,,25361,12,0,17,0,170,,25362,12,0,17,0,45,,25363,12,0,17,0,85,,25364,12,0,17,0,85,,25365,12,0,17,0,85,,25366,12,0,17,0,45,,25367,12,0,17,0,85,,25368,12,0,17,0,85,,25369,12,0,17,0
70101,'1353',706,,25370,12,0,17,0,45,,25371,12,0,17,0,85,,25372,12,0,17,0,85,,25373,12,0,17,0,85,,25374,12,0,17,0,130,,25375,12,0,17,0,170,,25376,12,0,17,0,45,,25377,12,0,17,0,85,,25378,12,0,17,0,85,,25379,12,0,17,0,85,,25380,12,0,17,0,45,,25381,12,0,17,0,85,,25382,12,0,17,0,85,,25383,12,0,17,0
70101,'1354',706,,25384,12,0,17,0,45,,25385,12,0,17,0,85,,25386,12,0,17,0,85,,25387,12,0,17,0,85,,25388,12,0,17,0,130,,25389,12,0,17,0,170,,25390,12,0,17,0,45,,25391,12,0,17,0,85,,25392,12,0,17,0,85,,25393,12,0,17,0,85,,25394,12,0,17,0,45,,25395,12,0,17,0,85,,25396,12,0,17,0,85,,25397,12,0,17,0
463601,'1348',842,,25846,3,0,10,0,480,,25847,3,0,10,0,130,,25848,3,0,10,0,285,,25849,3,0,10,0
463601,'1349',712,,25850,3,0,10,0,630,,25851,3,0,10,0,170,,25852,3,0,10,0,300,,25853,3,0,10,0
463601,'1350',612,,25854,3,0,10,0,730,,25855,3,0,10,0,470,,25856,3,0,10,0,130,,25857,3,0,10,0
463601,'1351',612,,25858,3,0,10,0,730,,25859,3,0,10,0,470,,25860,3,0,10,0,130,,25861,3,0,10,0
463601,'1352',612,,25862,3,0,10,0,730,,25863,3,0,10,0,470,,25864,3,0,10,0,130,,25865,3,0,10,0
463601,'1353',612,,25866,3,0,10,0,730,,25867,3,0,10,0,470,,25868,3,0,10,0,130,,25869,3,0,10,0
463601,'1354',612,,25870,3,0,10,0,730,,25871,3,0,10,0,470,,25872,3,0,10,0,130,,25873,3,0,10,0
