721203,'1355',948,,34348,3,0,15,0,85,,34347,3,0,15,0,85,,34346,3,0,15,0,85,,34345,3,0,15,0,45,,34344,3,0,15,0,85,,34343,3,0,15,0,85,,34342,3,0,15,0,85,,34341,3,0,15,0,45,,34340,3,0,15,0,85,,34339,3,0,15,0,85,,34338,3,0,15,0,85,,34337,3,0,15,0,45,,34336,3,0,15,0,85,,34335,3,0,15,0
721203,'1356',648,,34349,3,0,15,0,85,,34350,3,0,15,0,85,,34351,3,0,15,0,85,,34352,3,0,15,0,45,,34353,3,0,15,0,85,,34354,3,0,15,0,70,,34355,3,0,15,0,30,,34356,3,0,15,0,70,,34357,3,0,15,0,30,,34358,3,0,15,0,70,,34359,3,0,15,0,30,,34360,3,0,15,0,70,,34361,3,0,15,0,30,,34362,3,0,15,0,70,,34363,3,0,15,0,30,,34364,3,0,15,0,70,,34365,3,0,15,0,30,,34366,3,0,15,0,70,,34367,3,0,15,0,30,,34368,3,0,15,0,70,,34369,3,0,15,0,30,,34370,3,0,15,0,85,,34371,3,0,15,0,85,,34372,3,0,15,0,45,,34373,3,0,15,0,85,,34374,3,0,15,0,85,,34375,3,0,15,0,85,,34376,3,0,15,0
721203,'1357',618,,34377,3,0,15,0,30,,34378,3,0,15,0,70,,34379,3,0,15,0,30,,34380,3,0,15,0,55,,34381,3,0,15,0,15,,34382,3,0,15,0,15,,34383,3,0,15,0,15,,34384,3,0,15,0,70,,34385,3,0,15,0,30,,34386,3,0,15,0,70,,34387,3,0,15,0,30,,34388,3,0,15,0,70,,34389,3,0,15,0,30,,34390,3,0,15,0,70,,34391,3,0,15,0,30,,34392,3,0,15,0,70,,34393,3,0,15,0,30,,34394,3,0,15,0,70,,34395,3,0,15,0,30,,34396,3,0,15,0,55,,34397,3,0,15,0,15,,34398,3,0,15,0,15,,34399,3,0,15,0,15,,34400,3,0,15,0,70,,34401,3,0,15,0,30,,34402,3,0,15,0,70,,34403,3,0,15,0,30,,34404,3,0,15,0,70,,34405,3,0,15,0,30,,34406,3,0,15,0,85,,34407,3,0,15,0,85,,34408,3,0,15,0,85,,34409,3,0,15,0,45,,34410,3,0,15,0,85,,34411,3,0,15,0,85,,34412,3,0,15,0
721203,'1358',618,,34413,3,0,15,0,30,,34414,3,0,15,0,70,,34415,3,0,15,0,30,,34416,3,0,15,0,55,,34417,3,0,15,0,15,,34418,3,0,15,0,15,,34419,3,0,15,0,15,,34420,3,0,15,0,70,,34421,3,0,15,0,30,,34422,3,0,15,0,70,,34423,3,0,15,0,30,,34424,3,0,15,0,70,,34425,3,0,15,0,30,,34426,3,0,15,0,70,,34427,3,0,15,0,30,,34428,3,0,15,0,70,,34429,3,0,15,0,30,,34430,3,0,15,0,70,,34431,3,0,15,0,30,,34432,3,0,15,0,55,,34433,3,0,15,0,15,,34434,3,0,15,0,15,,34435,3,0,15,0,15,,34436,3,0,15,0,70,,34437,3,0,15,0,30,,34438,3,0,15,0,70,,34439,3,0,15,0,30,,34440,3,0,15,0,70,,34441,3,0,15,0,30,,34442,3,0,15,0,85,,34443,3,0,15,0,85,,34444,3,0,15,0,85,,34445,3,0,15,0,45,,34446,3,0,15,0,85,,34447,3,0,15,0,85,,34448,3,0,15,0
721203,'1359',618,,34449,3,0,15,0,30,,34450,3,0,15,0,70,,34451,3,0,15,0,30,,34452,3,0,15,0,55,,34453,3,0,15,0,15,,34454,3,0,15,0,15,,34455,3,0,15,0,15,,34456,3,0,15,0,70,,34457,3,0,15,0,30,,34458,3,0,15,0,70,,34459,3,0,15,0,30,,34460,3,0,15,0,70,,34461,3,0,15,0,30,,34462,3,0,15,0,70,,34463,3,0,15,0,30,,34464,3,0,15,0,70,,34465,3,0,15,0,30,,34466,3,0,15,0,70,,34467,3,0,15,0,30,,34468,3,0,15,0,55,,34469,3,0,15,0,15,,34470,3,0,15,0,15,,34471,3,0,15,0,15,,34472,3,0,15,0,70,,34473,3,0,15,0,30,,34474,3,0,15,0,70,,34475,3,0,15,0,30,,34476,3,0,15,0,70,,34477,3,0,15,0,30,,34478,3,0,15,0,85,,34479,3,0,15,0,85,,34480,3,0,15,0,85,,34481,3,0,15,0,45,,34482,3,0,15,0,85,,34483,3,0,15,0,85,,34484,3,0,15,0
721203,'1360',618,,34485,3,0,15,0,30,,34486,3,0,15,0,70,,34487,3,0,15,0,30,,34488,3,0,15,0,55,,34489,3,0,15,0,15,,34490,3,0,15,0,15,,34491,3,0,15,0,15,,34492,3,0,15,0,70,,34493,3,0,15,0,30,,34494,3,0,15,0,70,,34495,3,0,15,0,30,,34496,3,0,15,0,70,,34497,3,0,15,0,30,,34498,3,0,15,0,70,,34499,3,0,15,0,30,,34500,3,0,15,0,70,,34501,3,0,15,0,30,,34502,3,0,15,0,70,,34503,3,0,15,0,30,,34504,3,0,15,0,55,,34505,3,0,15,0,15,,34506,3,0,15,0,15,,34507,3,0,15,0,15,,34508,3,0,15,0,70,,34509,3,0,15,0,30,,34510,3,0,15,0,70,,34511,3,0,15,0,30,,34512,3,0,15,0,70,,34513,3,0,15,0,30,,34514,3,0,15,0,85,,34515,3,0,15,0,85,,34516,3,0,15,0,85,,34517,3,0,15,0,45,,34518,3,0,15,0,85,,34519,3,0,15,0,85,,34520,3,0,15,0
721203,'1361',618,,34521,3,0,15,0,30,,34522,3,0,15,0,70,,34523,3,0,15,0,30,,34524,3,0,15,0,55,,34525,3,0,15,0,15,,34526,3,0,15,0,15,,34527,3,0,15,0,15,,34528,3,0,15,0,70,,34529,3,0,15,0,30,,34530,3,0,15,0,70,,34531,3,0,15,0,30,,34532,3,0,15,0,70,,34533,3,0,15,0,30,,34534,3,0,15,0,70,,34535,3,0,15,0,30,,34536,3,0,15,0,70,,34537,3,0,15,0,30,,34538,3,0,15,0,70,,34539,3,0,15,0,30,,34540,3,0,15,0,55,,34541,3,0,15,0,15,,34542,3,0,15,0,15,,34543,3,0,15,0,15,,34544,3,0,15,0,70,,34545,3,0,15,0,30,,34546,3,0,15,0,70,,34547,3,0,15,0,30,,34548,3,0,15,0,70,,34549,3,0,15,0,30,,34550,3,0,15,0,85,,34551,3,0,15,0,85,,34552,3,0,15,0,85,,34553,3,0,15,0,45,,34554,3,0,15,0,85,,34555,3,0,15,0,85,,34556,3,0,15,0
721501,'1355',936,,35544,29,0,17,0,100,,35543,29,0,17,0,100,,35542,29,0,17,0,100,,35541,29,0,17,0,100,,35540,29,0,17,0,100,,35539,29,0,17,0,100,,35538,29,0,17,0,100,,35537,29,0,17,0,100,,35536,29,0,17,0,100,,35535,29,0,17,0,100,,35534,29,0,17,0
721501,'1356',736,,35545,29,0,17,0,100,,35546,29,0,17,0,100,,35547,29,0,17,0,100,,35548,29,0,17,0,100,,35549,29,0,17,0,100,,35550,29,0,17,0,70,,35551,29,0,17,0,30,,35552,29,0,17,0,70,,35553,29,0,17,0,30,,35554,29,0,17,0,70,,35555,29,0,17,0,30,,35556,29,0,17,0,70,,35557,29,0,17,0,30,,35558,29,0,17,0,70,,35559,29,0,17,0,30,,35560,29,0,17,0,70,,35561,29,0,17,0,30,,35562,29,0,17,0,100,,35563,29,0,17,0
721501,'1357',736,,35564,29,0,17,0,70,,35565,29,0,17,0,30,,35566,29,0,17,0,70,,35567,29,0,17,0,30,,35568,29,0,17,0,70,,35569,29,0,17,0,30,,35570,29,0,17,0,70,,35571,29,0,17,0,30,,35572,29,0,17,0,70,,35573,29,0,17,0,30,,35574,29,0,17,0,70,,35575,29,0,17,0,30,,35576,29,0,17,0,70,,35577,29,0,17,0,30,,35578,29,0,17,0,70,,35579,29,0,17,0,30,,35580,29,0,17,0,70,,35581,29,0,17,0,30,,35582,29,0,17,0,70,,35583,29,0,17,0,30,,35584,29,0,17,0,70,,35585,29,0,17,0,30,,35586,29,0,17,0,70,,35587,29,0,17,0,30,,35588,29,0,17,0,100,,35589,29,0,17,0,100,,35590,29,0,17,0,100,,35591,29,0,17,0
721501,'1358',736,,35592,29,0,17,0,70,,35593,29,0,17,0,30,,35594,29,0,17,0,70,,35595,29,0,17,0,30,,35596,29,0,17,0,70,,35597,29,0,17,0,30,,35598,29,0,17,0,70,,35599,29,0,17,0,30,,35600,29,0,17,0,70,,35601,29,0,17,0,30,,35602,29,0,17,0,70,,35603,29,0,17,0,30,,35604,29,0,17,0,70,,35605,29,0,17,0,30,,35606,29,0,17,0,70,,35607,29,0,17,0,30,,35608,29,0,17,0,70,,35609,29,0,17,0,30,,35610,29,0,17,0,70,,35611,29,0,17,0,30,,35612,29,0,17,0,70,,35613,29,0,17,0,30,,35614,29,0,17,0,70,,35615,29,0,17,0,30,,35616,29,0,17,0,100,,35617,29,0,17,0,100,,35618,29,0,17,0,100,,35619,29,0,17,0
721501,'1359',736,,35620,29,0,17,0,70,,35621,29,0,17,0,30,,35622,29,0,17,0,70,,35623,29,0,17,0,30,,35624,29,0,17,0,70,,35625,29,0,17,0,30,,35626,29,0,17,0,70,,35627,29,0,17,0,30,,35628,29,0,17,0,70,,35629,29,0,17,0,30,,35630,29,0,17,0,70,,35631,29,0,17,0,30,,35632,29,0,17,0,70,,35633,29,0,17,0,30,,35634,29,0,17,0,70,,35635,29,0,17,0,30,,35636,29,0,17,0,70,,35637,29,0,17,0,30,,35638,29,0,17,0,70,,35639,29,0,17,0,30,,35640,29,0,17,0,70,,35641,29,0,17,0,30,,35642,29,0,17,0,70,,35643,29,0,17,0,30,,35644,29,0,17,0,100,,35645,29,0,17,0,100,,35646,29,0,17,0,100,,35647,29,0,17,0
721501,'1360',736,,35648,29,0,17,0,70,,35649,29,0,17,0,30,,35650,29,0,17,0,70,,35651,29,0,17,0,30,,35652,29,0,17,0,70,,35653,29,0,17,0,30,,35654,29,0,17,0,70,,35655,29,0,17,0,30,,35656,29,0,17,0,70,,35657,29,0,17,0,30,,35658,29,0,17,0,70,,35659,29,0,17,0,30,,35660,29,0,17,0,70,,35661,29,0,17,0,30,,35662,29,0,17,0,70,,35663,29,0,17,0,30,,35664,29,0,17,0,70,,35665,29,0,17,0,30,,35666,29,0,17,0,70,,35667,29,0,17,0,30,,35668,29,0,17,0,70,,35669,29,0,17,0,30,,35670,29,0,17,0,70,,35671,29,0,17,0,30,,35672,29,0,17,0,100,,35673,29,0,17,0,100,,35674,29,0,17,0,100,,35675,29,0,17,0
721501,'1361',736,,35676,29,0,17,0,70,,35677,29,0,17,0,30,,35678,29,0,17,0,70,,35679,29,0,17,0,30,,35680,29,0,17,0,70,,35681,29,0,17,0,30,,35682,29,0,17,0,70,,35683,29,0,17,0,30,,35684,29,0,17,0,70,,35685,29,0,17,0,30,,35686,29,0,17,0,70,,35687,29,0,17,0,30,,35688,29,0,17,0,70,,35689,29,0,17,0,30,,35690,29,0,17,0,70,,35691,29,0,17,0,30,,35692,29,0,17,0,70,,35693,29,0,17,0,30,,35694,29,0,17,0,70,,35695,29,0,17,0,30,,35696,29,0,17,0,70,,35697,29,0,17,0,30,,35698,29,0,17,0,70,,35699,29,0,17,0,30,,35700,29,0,17,0,100,,35701,29,0,17,0,100,,35702,29,0,17,0,100,,35703,29,0,17,0
