70101,'1356',726,,32522,41,0,17,0,130,,32523,41,0,17,0,170,,32524,41,0,17,0,130,,32525,41,0,17,0,170,,32526,41,0,17,0,130,,32527,41,0,17,0,170,,32528,41,0,17,0,130,,32529,41,0,17,0
70101,'1357',726,,32530,41,0,17,0,85,,32531,41,0,17,0,45,,32532,41,0,17,0,85,,32533,41,0,17,0,85,,32534,41,0,17,0,130,,32535,41,0,17,0,170,,32536,41,0,17,0,85,,32537,41,0,17,0,45,,32538,41,0,17,0,85,,32539,41,0,17,0,85,,32540,41,0,17,0,85,,32541,41,0,17,0,45,,32542,41,0,17,0,85,,32543,41,0,17,0
70101,'1358',726,,32544,41,0,17,0,85,,32545,41,0,17,0,45,,32546,41,0,17,0,85,,32547,41,0,17,0,85,,32548,41,0,17,0,130,,32549,41,0,17,0,170,,32550,41,0,17,0,85,,32551,41,0,17,0,45,,32552,41,0,17,0,85,,32553,41,0,17,0,85,,32554,41,0,17,0,85,,32555,41,0,17,0,45,,32556,41,0,17,0,85,,32557,41,0,17,0
70101,'1359',726,,32558,41,0,17,0,85,,32559,41,0,17,0,45,,32560,41,0,17,0,85,,32561,41,0,17,0,85,,32562,41,0,17,0,130,,32563,41,0,17,0,170,,32564,41,0,17,0,85,,32565,41,0,17,0,45,,32566,41,0,17,0,85,,32567,41,0,17,0,85,,32568,41,0,17,0,85,,32569,41,0,17,0,45,,32570,41,0,17,0,85,,32571,41,0,17,0
70101,'1360',726,,32572,41,0,17,0,85,,32573,41,0,17,0,45,,32574,41,0,17,0,85,,32575,41,0,17,0,85,,32576,41,0,17,0,130,,32577,41,0,17,0,170,,32578,41,0,17,0,85,,32579,41,0,17,0,45,,32580,41,0,17,0,85,,32581,41,0,17,0,85,,32582,41,0,17,0,85,,32583,41,0,17,0,45,,32584,41,0,17,0,85,,32585,41,0,17,0
70101,'1361',726,,32586,41,0,17,0,85,,32587,41,0,17,0,45,,32588,41,0,17,0,85,,32589,41,0,17,0,85,,32590,41,0,17,0,130,,32591,41,0,17,0,170,,32592,41,0,17,0,85,,32593,41,0,17,0,45,,32594,41,0,17,0,85,,32595,41,0,17,0,85,,32596,41,0,17,0,85,,32597,41,0,17,0,45,,32598,41,0,17,0,85,,32599,41,0,17,0
721501,'1355',916,,35544,14,0,17,0,100,,35543,14,0,17,0,100,,35542,14,0,17,0,100,,35541,14,0,17,0,100,,35540,14,0,17,0,100,,35539,14,0,17,0,100,,35538,14,0,17,0,100,,35537,14,0,17,0,100,,35536,14,0,17,0,100,,35535,14,0,17,0,100,,35534,14,0,17,0
721501,'1356',716,,35545,14,0,17,0,100,,35546,14,0,17,0,100,,35547,14,0,17,0,100,,35548,14,0,17,0,100,,35549,14,0,17,0,100,,35550,14,0,17,0,30,,35551,14,0,17,0,70,,35552,14,0,17,0,30,,35553,14,0,17,0,70,,35554,14,0,17,0,30,,35555,14,0,17,0,70,,35556,14,0,17,0,30,,35557,14,0,17,0,70,,35558,14,0,17,0,30,,35559,14,0,17,0,70,,35560,14,0,17,0,30,,35561,14,0,17,0,70,,35562,14,0,17,0,100,,35563,14,0,17,0
721501,'1357',716,,35564,14,0,17,0,30,,35565,14,0,17,0,70,,35566,14,0,17,0,30,,35567,14,0,17,0,70,,35568,14,0,17,0,30,,35569,14,0,17,0,70,,35570,14,0,17,0,30,,35571,14,0,17,0,70,,35572,14,0,17,0,30,,35573,14,0,17,0,70,,35574,14,0,17,0,30,,35575,14,0,17,0,70,,35576,14,0,17,0,30,,35577,14,0,17,0,70,,35578,14,0,17,0,30,,35579,14,0,17,0,70,,35580,14,0,17,0,30,,35581,14,0,17,0,70,,35582,14,0,17,0,30,,35583,14,0,17,0,70,,35584,14,0,17,0,30,,35585,14,0,17,0,70,,35586,14,0,17,0,30,,35587,14,0,17,0,70,,35588,14,0,17,0,100,,35589,14,0,17,0,100,,35590,14,0,17,0,100,,35591,14,0,17,0
721501,'1358',716,,35592,14,0,17,0,30,,35593,14,0,17,0,70,,35594,14,0,17,0,30,,35595,14,0,17,0,70,,35596,14,0,17,0,30,,35597,14,0,17,0,70,,35598,14,0,17,0,30,,35599,14,0,17,0,70,,35600,14,0,17,0,30,,35601,14,0,17,0,70,,35602,14,0,17,0,30,,35603,14,0,17,0,70,,35604,14,0,17,0,30,,35605,14,0,17,0,70,,35606,14,0,17,0,30,,35607,14,0,17,0,70,,35608,14,0,17,0,30,,35609,14,0,17,0,70,,35610,14,0,17,0,30,,35611,14,0,17,0,70,,35612,14,0,17,0,30,,35613,14,0,17,0,70,,35614,14,0,17,0,30,,35615,14,0,17,0,70,,35616,14,0,17,0,100,,35617,14,0,17,0,100,,35618,14,0,17,0,100,,35619,14,0,17,0
721501,'1359',716,,35620,14,0,17,0,30,,35621,14,0,17,0,70,,35622,14,0,17,0,30,,35623,14,0,17,0,70,,35624,14,0,17,0,30,,35625,14,0,17,0,70,,35626,14,0,17,0,30,,35627,14,0,17,0,70,,35628,14,0,17,0,30,,35629,14,0,17,0,70,,35630,14,0,17,0,30,,35631,14,0,17,0,70,,35632,14,0,17,0,30,,35633,14,0,17,0,70,,35634,14,0,17,0,30,,35635,14,0,17,0,70,,35636,14,0,17,0,30,,35637,14,0,17,0,70,,35638,14,0,17,0,30,,35639,14,0,17,0,70,,35640,14,0,17,0,30,,35641,14,0,17,0,70,,35642,14,0,17,0,30,,35643,14,0,17,0,70,,35644,14,0,17,0,100,,35645,14,0,17,0,100,,35646,14,0,17,0,100,,35647,14,0,17,0
721501,'1360',716,,35648,14,0,17,0,30,,35649,14,0,17,0,70,,35650,14,0,17,0,30,,35651,14,0,17,0,70,,35652,14,0,17,0,30,,35653,14,0,17,0,70,,35654,14,0,17,0,30,,35655,14,0,17,0,70,,35656,14,0,17,0,30,,35657,14,0,17,0,70,,35658,14,0,17,0,30,,35659,14,0,17,0,70,,35660,14,0,17,0,30,,35661,14,0,17,0,70,,35662,14,0,17,0,30,,35663,14,0,17,0,70,,35664,14,0,17,0,30,,35665,14,0,17,0,70,,35666,14,0,17,0,30,,35667,14,0,17,0,70,,35668,14,0,17,0,30,,35669,14,0,17,0,70,,35670,14,0,17,0,30,,35671,14,0,17,0,70,,35672,14,0,17,0,100,,35673,14,0,17,0,100,,35674,14,0,17,0,100,,35675,14,0,17,0
721501,'1361',716,,35676,14,0,17,0,30,,35677,14,0,17,0,70,,35678,14,0,17,0,30,,35679,14,0,17,0,70,,35680,14,0,17,0,30,,35681,14,0,17,0,70,,35682,14,0,17,0,30,,35683,14,0,17,0,70,,35684,14,0,17,0,30,,35685,14,0,17,0,70,,35686,14,0,17,0,30,,35687,14,0,17,0,70,,35688,14,0,17,0,30,,35689,14,0,17,0,70,,35690,14,0,17,0,30,,35691,14,0,17,0,70,,35692,14,0,17,0,30,,35693,14,0,17,0,70,,35694,14,0,17,0,30,,35695,14,0,17,0,70,,35696,14,0,17,0,30,,35697,14,0,17,0,70,,35698,14,0,17,0,30,,35699,14,0,17,0,70,,35700,14,0,17,0,100,,35701,14,0,17,0,100,,35702,14,0,17,0,100,,35703,14,0,17,0
