2000,'1341',917,,17300,2,,,0
2000,'1342',617,,17316,2,,,0
2000,'1343',542,,17356,2,,,0
2000,'1344',542,,17404,2,,,0
2000,'1345',542,,17452,2,,,0
2000,'1346',542,,17500,2,,,0
2000,'1347',542,,17548,2,,,0
2001,'1341',1002,,17601,70,,,0,45,,17600,70,,,0,85,,17599,70,,,0,85,,17598,70,,,0,85,,17597,70,,,0,45,,17596,70,,,0,85,,17595,70,,,0,85,,17594,70,,,0,85,,17593,70,,,0,45,,17592,70,,,0,86,,17591,70,,,0,84,,17590,70,,,0,85,,17589,70,,,0,45,,17588,70,,,0,85,,17587,70,,,0
2001,'1342',702,,17619,70,,,0,45,,17620,70,,,0,85,,17621,70,,,0,85,,17622,70,,,0,38,,17602,70,,,0,70,,17603,70,,,0,30,,17604,70,,,0,70,,17605,70,,,0,80,,17606,70,,,0,30,,17607,70,,,0,70,,17608,70,,,0,30,,17609,70,,,0,80,,17610,70,,,0,30,,17611,70,,,0,70,,17612,70,,,0,30,,17613,70,,,0,80,,17614,70,,,0,30,,17615,70,,,0,70,,17616,70,,,0,30,,17617,70,,,0,80,,17618,70,,,0,77,,17623,70,,,0,45,,17624,70,,,0,85,,17625,70,,,0,85,,17626,70,,,0,85,,17627,70,,,0,45,,17628,70,,,0,85,,17629,70,,,0,85,,17630,70,,,0,85,,17631,70,,,0
2001,'1343',642,,17632,70,,,0,60,,17633,70,,,0,20,,17634,70,,,0,20,,17635,70,,,0,60,,17636,70,,,0,20,,17637,70,,,0,20,,17638,70,,,0,60,,17639,70,,,0,20,,17640,70,,,0,20,,17641,70,,,0,60,,17642,70,,,0,20,,17643,70,,,0,20,,17644,70,,,0,60,,17645,70,,,0,20,,17646,70,,,0,20,,17647,70,,,0,60,,17648,70,,,0,20,,17649,70,,,0,20,,17650,70,,,0,60,,17651,70,,,0,20,,17652,70,,,0,20,,17653,70,,,0,60,,17654,70,,,0,20,,17655,70,,,0,20,,17656,70,,,0,60,,17657,70,,,0,20,,17658,70,,,0,20,,17659,70,,,0,60,,17660,70,,,0,20,,17661,70,,,0,20,,17662,70,,,0,60,,17663,70,,,0,20,,17664,70,,,0,20,,17665,70,,,0,60,,17666,70,,,0,20,,17667,70,,,0,20,,17668,70,,,0,60,,17669,70,,,0,45,,17670,70,,,0,85,,17671,70,,,0,85,,17672,70,,,0,85,,17673,70,,,0,45,,17674,70,,,0,85,,17675,70,,,0,85,,17676,70,,,0,85,,17677,70,,,0,45,,17678,70,,,0
2001,'1344',642,,17679,70,,,0,60,,17680,70,,,0,20,,17681,70,,,0,20,,17682,70,,,0,60,,17683,70,,,0,20,,17684,70,,,0,20,,17685,70,,,0,60,,17686,70,,,0,20,,17687,70,,,0,20,,17688,70,,,0,60,,17689,70,,,0,20,,17690,70,,,0,20,,17691,70,,,0,60,,17692,70,,,0,20,,17693,70,,,0,20,,17694,70,,,0,60,,17695,70,,,0,20,,17696,70,,,0,20,,17697,70,,,0,60,,17698,70,,,0,20,,17699,70,,,0,20,,17700,70,,,0,60,,17701,70,,,0,20,,17702,70,,,0,20,,17703,70,,,0,60,,17704,70,,,0,20,,17705,70,,,0,20,,17706,70,,,0,60,,17707,70,,,0,20,,17708,70,,,0,20,,17709,70,,,0,60,,17710,70,,,0,20,,17711,70,,,0,20,,17712,70,,,0,60,,17713,70,,,0,20,,17714,70,,,0,20,,17715,70,,,0,60,,17716,70,,,0,45,,17717,70,,,0,85,,17718,70,,,0,85,,17719,70,,,0,85,,17720,70,,,0,45,,17721,70,,,0,85,,17722,70,,,0,85,,17723,70,,,0,85,,17724,70,,,0,45,,17725,70,,,0
2001,'1345',642,,17726,70,,,0,60,,17727,70,,,0,20,,17728,70,,,0,20,,17729,70,,,0,60,,17730,70,,,0,20,,17731,70,,,0,20,,17732,70,,,0,60,,17733,70,,,0,20,,17734,70,,,0,20,,17735,70,,,0,60,,17736,70,,,0,20,,17737,70,,,0,20,,17738,70,,,0,60,,17739,70,,,0,20,,17740,70,,,0,20,,17741,70,,,0,60,,17742,70,,,0,20,,17743,70,,,0,20,,17744,70,,,0,60,,17745,70,,,0,20,,17746,70,,,0,20,,17747,70,,,0,60,,17748,70,,,0,20,,17749,70,,,0,20,,17750,70,,,0,60,,17751,70,,,0,20,,17752,70,,,0,20,,17753,70,,,0,60,,17754,70,,,0,20,,17755,70,,,0,20,,17756,70,,,0,60,,17757,70,,,0,20,,17758,70,,,0,20,,17759,70,,,0,60,,17760,70,,,0,20,,17761,70,,,0,20,,17762,70,,,0,60,,17763,70,,,0,45,,17764,70,,,0,85,,17765,70,,,0,85,,17766,70,,,0,85,,17767,70,,,0,45,,17768,70,,,0,85,,17769,70,,,0,85,,17770,70,,,0,85,,17771,70,,,0,45,,17772,70,,,0
2001,'1346',642,,17773,70,,,0,60,,17774,70,,,0,20,,17775,70,,,0,20,,17776,70,,,0,60,,17777,70,,,0,20,,17778,70,,,0,20,,17779,70,,,0,60,,17780,70,,,0,20,,17781,70,,,0,20,,17782,70,,,0,60,,17783,70,,,0,20,,17784,70,,,0,20,,17785,70,,,0,60,,17786,70,,,0,20,,17787,70,,,0,20,,17788,70,,,0,60,,17789,70,,,0,20,,17790,70,,,0,20,,17791,70,,,0,60,,17792,70,,,0,20,,17793,70,,,0,20,,17794,70,,,0,60,,17795,70,,,0,20,,17796,70,,,0,20,,17797,70,,,0,60,,17798,70,,,0,20,,17799,70,,,0,20,,17800,70,,,0,60,,17801,70,,,0,20,,17802,70,,,0,20,,17803,70,,,0,60,,17804,70,,,0,20,,17805,70,,,0,20,,17806,70,,,0,60,,17807,70,,,0,20,,17808,70,,,0,20,,17809,70,,,0,60,,17810,70,,,0,45,,17811,70,,,0,85,,17812,70,,,0,85,,17813,70,,,0,85,,17814,70,,,0,45,,17815,70,,,0,85,,17816,70,,,0,85,,17817,70,,,0,85,,17818,70,,,0,45,,17819,70,,,0
2001,'1347',642,,17820,70,,,0,60,,17821,70,,,0,20,,17822,70,,,0,20,,17823,70,,,0,60,,17824,70,,,0,20,,17825,70,,,0,20,,17826,70,,,0,60,,17827,70,,,0,20,,17828,70,,,0,20,,17829,70,,,0,60,,17830,70,,,0,20,,17831,70,,,0,20,,17832,70,,,0,60,,17833,70,,,0,20,,17834,70,,,0,20,,17835,70,,,0,60,,17836,70,,,0,20,,17837,70,,,0,20,,17838,70,,,0,60,,17839,70,,,0,20,,17840,70,,,0,20,,17841,70,,,0,60,,17842,70,,,0,20,,17843,70,,,0,20,,17844,70,,,0,60,,17845,70,,,0,20,,17846,70,,,0,20,,17847,70,,,0,60,,17848,70,,,0,20,,17849,70,,,0,20,,17850,70,,,0,60,,17851,70,,,0,20,,17852,70,,,0,20,,17853,70,,,0,60,,17854,70,,,0,20,,17855,70,,,0,20,,17856,70,,,0,60,,17857,70,,,0,45,,17858,70,,,0,85,,17859,70,,,0,85,,17860,70,,,0,85,,17861,70,,,0,45,,17862,70,,,0,85,,17863,70,,,0,85,,17864,70,,,0,85,,17865,70,,,0,45,,17866,70,,,0
