70101,'1342',716,,18118,30,0,17,0,130,,18119,30,0,17,0,170,,18120,30,0,17,0,130,,18121,30,0,17,0,170,,18122,30,0,17,0,130,,18123,30,0,17,0,170,,18124,30,0,17,0,130,,18125,30,0,17,0
70101,'1343',716,,18126,30,0,17,0,85,,18127,30,0,17,0,45,,18128,30,0,17,0,85,,18129,30,0,17,0,85,,18130,30,0,17,0,130,,18131,30,0,17,0,170,,18132,30,0,17,0,85,,18133,30,0,17,0,45,,18134,30,0,17,0,85,,18135,30,0,17,0,85,,18136,30,0,17,0,85,,18137,30,0,17,0,45,,18138,30,0,17,0,85,,18139,30,0,17,0
70101,'1344',716,,18140,30,0,17,0,85,,18141,30,0,17,0,45,,18142,30,0,17,0,85,,18143,30,0,17,0,85,,18144,30,0,17,0,130,,18145,30,0,17,0,170,,18146,30,0,17,0,85,,18147,30,0,17,0,45,,18148,30,0,17,0,85,,18149,30,0,17,0,85,,18150,30,0,17,0,85,,18151,30,0,17,0,45,,18152,30,0,17,0,85,,18153,30,0,17,0
70101,'1345',716,,18154,30,0,17,0,85,,18155,30,0,17,0,45,,18156,30,0,17,0,85,,18157,30,0,17,0,85,,18158,30,0,17,0,130,,18159,30,0,17,0,170,,18160,30,0,17,0,85,,18161,30,0,17,0,45,,18162,30,0,17,0,85,,18163,30,0,17,0,85,,18164,30,0,17,0,85,,18165,30,0,17,0,45,,18166,30,0,17,0,85,,18167,30,0,17,0
70101,'1346',716,,18168,30,0,17,0,85,,18169,30,0,17,0,45,,18170,30,0,17,0,85,,18171,30,0,17,0,85,,18172,30,0,17,0,130,,18173,30,0,17,0,170,,18174,30,0,17,0,85,,18175,30,0,17,0,45,,18176,30,0,17,0,85,,18177,30,0,17,0,85,,18178,30,0,17,0,85,,18179,30,0,17,0,45,,18180,30,0,17,0,85,,18181,30,0,17,0
70101,'1347',716,,18182,30,0,17,0,85,,18183,30,0,17,0,45,,18184,30,0,17,0,85,,18185,30,0,17,0,85,,18186,30,0,17,0,130,,18187,30,0,17,0,170,,18188,30,0,17,0,85,,18189,30,0,17,0,45,,18190,30,0,17,0,85,,18191,30,0,17,0,85,,18192,30,0,17,0,85,,18193,30,0,17,0,45,,18194,30,0,17,0,85,,18195,30,0,17,0
70102,'1342',814,,18196,31,0,16,0,130,,18197,31,0,16,0,170,,18198,31,0,16,0,130,,18199,31,0,16,0,170,,18200,31,0,16,0,130,,18201,31,0,16,0,170,,18202,31,0,16,0,130,,18203,31,0,16,0
70102,'1343',729,,18204,31,0,16,0,85,,18205,31,0,16,0,45,,18206,31,0,16,0,85,,18207,31,0,16,0,85,,18208,31,0,16,0,85,,18209,31,0,16,0,130,,18210,31,0,16,0,170,,18211,31,0,16,0,45,,18212,31,0,16,0,85,,18213,31,0,16,0,85,,18214,31,0,16,0,85,,18215,31,0,16,0,45,,18216,31,0,16,0,85,,18217,31,0,16,0
70102,'1344',729,,18218,31,0,16,0,85,,18219,31,0,16,0,45,,18220,31,0,16,0,85,,18221,31,0,16,0,85,,18222,31,0,16,0,85,,18223,31,0,16,0,130,,18224,31,0,16,0,170,,18225,31,0,16,0,45,,18226,31,0,16,0,85,,18227,31,0,16,0,85,,18228,31,0,16,0,85,,18229,31,0,16,0,45,,18230,31,0,16,0,85,,18231,31,0,16,0
70102,'1345',729,,18232,31,0,16,0,85,,18233,31,0,16,0,45,,18234,31,0,16,0,85,,18235,31,0,16,0,85,,18236,31,0,16,0,85,,18237,31,0,16,0,130,,18238,31,0,16,0,170,,18239,31,0,16,0,45,,18240,31,0,16,0,85,,18241,31,0,16,0,85,,18242,31,0,16,0,85,,18243,31,0,16,0,45,,18244,31,0,16,0,85,,18245,31,0,16,0
70102,'1346',729,,18246,31,0,16,0,85,,18247,31,0,16,0,45,,18248,31,0,16,0,85,,18249,31,0,16,0,85,,18250,31,0,16,0,85,,18251,31,0,16,0,130,,18252,31,0,16,0,170,,18253,31,0,16,0,45,,18254,31,0,16,0,85,,18255,31,0,16,0,85,,18256,31,0,16,0,85,,18257,31,0,16,0,45,,18258,31,0,16,0,85,,18259,31,0,16,0
70102,'1347',729,,18260,31,0,16,0,85,,18261,31,0,16,0,45,,18262,31,0,16,0,85,,18263,31,0,16,0,85,,18264,31,0,16,0,85,,18265,31,0,16,0,130,,18266,31,0,16,0,170,,18267,31,0,16,0,45,,18268,31,0,16,0,85,,18269,31,0,16,0,85,,18270,31,0,16,0,85,,18271,31,0,16,0,45,,18272,31,0,16,0,85,,18273,31,0,16,0
