721203,'1355',1027,,34348,59,4,,0,85,,34347,59,4,,0,45,,34346,59,4,,0,85,,34345,59,4,,0,85,,34344,59,4,,0,85,,34343,59,4,,0,45,,34342,59,4,,0,85,,34341,59,4,,0,85,,34340,59,4,,0,85,,34339,59,4,,0,45,,34338,59,4,,0,85,,34337,59,4,,0,85,,34336,59,4,,0,85,,34335,59,4,,0
721203,'1356',727,,34349,59,4,,0,85,,34350,59,4,,0,45,,34351,59,4,,0,85,,34352,59,4,,0,85,,34353,59,4,,0,85,,34354,59,4,,0,30,,34355,59,4,,0,70,,34356,59,4,,0,30,,34357,59,4,,0,70,,34358,59,4,,0,30,,34359,59,4,,0,70,,34360,59,4,,0,30,,34361,59,4,,0,70,,34362,59,4,,0,30,,34363,59,4,,0,70,,34364,59,4,,0,30,,34365,59,4,,0,70,,34366,59,4,,0,30,,34367,59,4,,0,70,,34368,59,4,,0,30,,34369,59,4,,0,70,,34370,59,4,,0,45,,34371,59,4,,0,85,,34372,59,4,,0,85,,34373,59,4,,0,85,,34374,59,4,,0,45,,34375,59,4,,0,85,,34376,59,4,,0
721203,'1357',657,,34377,59,4,,0,70,,34378,59,4,,0,30,,34379,59,4,,0,70,,34380,59,4,,0,15,,34381,59,4,,0,15,,34382,59,4,,0,55,,34383,59,4,,0,15,,34384,59,4,,0,30,,34385,59,4,,0,70,,34386,59,4,,0,30,,34387,59,4,,0,70,,34388,59,4,,0,30,,34389,59,4,,0,70,,34390,59,4,,0,30,,34391,59,4,,0,70,,34392,59,4,,0,30,,34393,59,4,,0,70,,34394,59,4,,0,30,,34395,59,4,,0,70,,34396,59,4,,0,15,,34397,59,4,,0,15,,34398,59,4,,0,55,,34399,59,4,,0,15,,34400,59,4,,0,30,,34401,59,4,,0,70,,34402,59,4,,0,30,,34403,59,4,,0,70,,34404,59,4,,0,30,,34405,59,4,,0,70,,34406,59,4,,0,85,,34407,59,4,,0,45,,34408,59,4,,0,85,,34409,59,4,,0,85,,34410,59,4,,0,85,,34411,59,4,,0,45,,34412,59,4,,0
721203,'1358',657,,34413,59,4,,0,70,,34414,59,4,,0,30,,34415,59,4,,0,70,,34416,59,4,,0,15,,34417,59,4,,0,15,,34418,59,4,,0,55,,34419,59,4,,0,15,,34420,59,4,,0,30,,34421,59,4,,0,70,,34422,59,4,,0,30,,34423,59,4,,0,70,,34424,59,4,,0,30,,34425,59,4,,0,70,,34426,59,4,,0,30,,34427,59,4,,0,70,,34428,59,4,,0,30,,34429,59,4,,0,70,,34430,59,4,,0,30,,34431,59,4,,0,70,,34432,59,4,,0,15,,34433,59,4,,0,15,,34434,59,4,,0,55,,34435,59,4,,0,15,,34436,59,4,,0,30,,34437,59,4,,0,70,,34438,59,4,,0,30,,34439,59,4,,0,70,,34440,59,4,,0,30,,34441,59,4,,0,70,,34442,59,4,,0,85,,34443,59,4,,0,45,,34444,59,4,,0,85,,34445,59,4,,0,85,,34446,59,4,,0,85,,34447,59,4,,0,45,,34448,59,4,,0
721203,'1359',657,,34449,59,4,,0,70,,34450,59,4,,0,30,,34451,59,4,,0,70,,34452,59,4,,0,15,,34453,59,4,,0,15,,34454,59,4,,0,55,,34455,59,4,,0,15,,34456,59,4,,0,30,,34457,59,4,,0,70,,34458,59,4,,0,30,,34459,59,4,,0,70,,34460,59,4,,0,30,,34461,59,4,,0,70,,34462,59,4,,0,30,,34463,59,4,,0,70,,34464,59,4,,0,30,,34465,59,4,,0,70,,34466,59,4,,0,30,,34467,59,4,,0,70,,34468,59,4,,0,15,,34469,59,4,,0,15,,34470,59,4,,0,55,,34471,59,4,,0,15,,34472,59,4,,0,30,,34473,59,4,,0,70,,34474,59,4,,0,30,,34475,59,4,,0,70,,34476,59,4,,0,30,,34477,59,4,,0,70,,34478,59,4,,0,85,,34479,59,4,,0,45,,34480,59,4,,0,85,,34481,59,4,,0,85,,34482,59,4,,0,85,,34483,59,4,,0,45,,34484,59,4,,0
721203,'1360',657,,34485,59,4,,0,70,,34486,59,4,,0,30,,34487,59,4,,0,70,,34488,59,4,,0,15,,34489,59,4,,0,15,,34490,59,4,,0,55,,34491,59,4,,0,15,,34492,59,4,,0,30,,34493,59,4,,0,70,,34494,59,4,,0,30,,34495,59,4,,0,70,,34496,59,4,,0,30,,34497,59,4,,0,70,,34498,59,4,,0,30,,34499,59,4,,0,70,,34500,59,4,,0,30,,34501,59,4,,0,70,,34502,59,4,,0,30,,34503,59,4,,0,70,,34504,59,4,,0,15,,34505,59,4,,0,15,,34506,59,4,,0,55,,34507,59,4,,0,15,,34508,59,4,,0,30,,34509,59,4,,0,70,,34510,59,4,,0,30,,34511,59,4,,0,70,,34512,59,4,,0,30,,34513,59,4,,0,70,,34514,59,4,,0,85,,34515,59,4,,0,45,,34516,59,4,,0,85,,34517,59,4,,0,85,,34518,59,4,,0,85,,34519,59,4,,0,45,,34520,59,4,,0
721203,'1361',657,,34521,59,4,,0,70,,34522,59,4,,0,30,,34523,59,4,,0,70,,34524,59,4,,0,15,,34525,59,4,,0,15,,34526,59,4,,0,55,,34527,59,4,,0,15,,34528,59,4,,0,30,,34529,59,4,,0,70,,34530,59,4,,0,30,,34531,59,4,,0,70,,34532,59,4,,0,30,,34533,59,4,,0,70,,34534,59,4,,0,30,,34535,59,4,,0,70,,34536,59,4,,0,30,,34537,59,4,,0,70,,34538,59,4,,0,30,,34539,59,4,,0,70,,34540,59,4,,0,15,,34541,59,4,,0,15,,34542,59,4,,0,55,,34543,59,4,,0,15,,34544,59,4,,0,30,,34545,59,4,,0,70,,34546,59,4,,0,30,,34547,59,4,,0,70,,34548,59,4,,0,30,,34549,59,4,,0,70,,34550,59,4,,0,85,,34551,59,4,,0,45,,34552,59,4,,0,85,,34553,59,4,,0,85,,34554,59,4,,0,85,,34555,59,4,,0,45,,34556,59,4,,0
721204,'1355',900,,34570,1,0,14,0,45,,34569,1,0,14,0,85,,34568,1,0,14,0,85,,34567,1,0,14,0,85,,34566,1,0,14,0,45,,34565,1,0,14,0,85,,34564,1,0,14,0,85,,34563,1,0,14,0,85,,34562,1,0,14,0,45,,34561,1,0,14,0,85,,34560,1,0,14,0,85,,34559,1,0,14,0,85,,34558,1,0,14,0,45,,34557,1,0,14,0
721204,'1356',600,,34571,1,0,14,0,45,,34572,1,0,14,0,85,,34573,1,0,14,0,85,,34574,1,0,14,0,85,,34575,1,0,14,0,45,,34576,1,0,14,0,70,,34577,1,0,14,0,30,,34578,1,0,14,0,70,,34579,1,0,14,0,30,,34580,1,0,14,0,70,,34581,1,0,14,0,30,,34582,1,0,14,0,70,,34583,1,0,14,0,30,,34584,1,0,14,0,70,,34585,1,0,14,0,30,,34586,1,0,14,0,70,,34587,1,0,14,0,30,,34588,1,0,14,0,70,,34589,1,0,14,0,30,,34590,1,0,14,0,70,,34591,1,0,14,0,30,,34592,1,0,14,0,85,,34593,1,0,14,0,85,,34594,1,0,14,0,85,,34595,1,0,14,0,45,,34596,1,0,14,0,85,,34597,1,0,14,0,85,,34598,1,0,14,0
721204,'1357',600,,34599,1,0,14,0,30,,34600,1,0,14,0,70,,34601,1,0,14,0,15,,34602,1,0,14,0,15,,34603,1,0,14,0,15,,34604,1,0,14,0,55,,34605,1,0,14,0,30,,34606,1,0,14,0,70,,34607,1,0,14,0,30,,34608,1,0,14,0,70,,34609,1,0,14,0,30,,34610,1,0,14,0,70,,34611,1,0,14,0,30,,34612,1,0,14,0,70,,34613,1,0,14,0,30,,34614,1,0,14,0,70,,34615,1,0,14,0,30,,34616,1,0,14,0,70,,34617,1,0,14,0,15,,34618,1,0,14,0,15,,34619,1,0,14,0,15,,34620,1,0,14,0,55,,34621,1,0,14,0,30,,34622,1,0,14,0,70,,34623,1,0,14,0,30,,34624,1,0,14,0,70,,34625,1,0,14,0,30,,34626,1,0,14,0,70,,34627,1,0,14,0,45,,34628,1,0,14,0,85,,34629,1,0,14,0,85,,34630,1,0,14,0,85,,34631,1,0,14,0,45,,34632,1,0,14,0,85,,34633,1,0,14,0
721204,'1358',600,,34634,1,0,14,0,30,,34635,1,0,14,0,70,,34636,1,0,14,0,15,,34637,1,0,14,0,15,,34638,1,0,14,0,15,,34639,1,0,14,0,55,,34640,1,0,14,0,30,,34641,1,0,14,0,70,,34642,1,0,14,0,30,,34643,1,0,14,0,70,,34644,1,0,14,0,30,,34645,1,0,14,0,70,,34646,1,0,14,0,30,,34647,1,0,14,0,70,,34648,1,0,14,0,30,,34649,1,0,14,0,70,,34650,1,0,14,0,30,,34651,1,0,14,0,70,,34652,1,0,14,0,15,,34653,1,0,14,0,15,,34654,1,0,14,0,15,,34655,1,0,14,0,55,,34656,1,0,14,0,30,,34657,1,0,14,0,70,,34658,1,0,14,0,30,,34659,1,0,14,0,70,,34660,1,0,14,0,30,,34661,1,0,14,0,70,,34662,1,0,14,0,45,,34663,1,0,14,0,85,,34664,1,0,14,0,85,,34665,1,0,14,0,85,,34666,1,0,14,0,45,,34667,1,0,14,0,85,,34668,1,0,14,0
721204,'1359',600,,34669,1,0,14,0,30,,34670,1,0,14,0,70,,34671,1,0,14,0,15,,34672,1,0,14,0,15,,34673,1,0,14,0,15,,34674,1,0,14,0,55,,34675,1,0,14,0,30,,34676,1,0,14,0,70,,34677,1,0,14,0,30,,34678,1,0,14,0,70,,34679,1,0,14,0,30,,34680,1,0,14,0,70,,34681,1,0,14,0,30,,34682,1,0,14,0,70,,34683,1,0,14,0,30,,34684,1,0,14,0,70,,34685,1,0,14,0,30,,34686,1,0,14,0,70,,34687,1,0,14,0,15,,34688,1,0,14,0,15,,34689,1,0,14,0,15,,34690,1,0,14,0,55,,34691,1,0,14,0,30,,34692,1,0,14,0,70,,34693,1,0,14,0,30,,34694,1,0,14,0,70,,34695,1,0,14,0,30,,34696,1,0,14,0,70,,34697,1,0,14,0,45,,34698,1,0,14,0,85,,34699,1,0,14,0,85,,34700,1,0,14,0,85,,34701,1,0,14,0,45,,34702,1,0,14,0,85,,34703,1,0,14,0
721204,'1360',600,,34704,1,0,14,0,30,,34705,1,0,14,0,70,,34706,1,0,14,0,15,,34707,1,0,14,0,15,,34708,1,0,14,0,15,,34709,1,0,14,0,55,,34710,1,0,14,0,30,,34711,1,0,14,0,70,,34712,1,0,14,0,30,,34713,1,0,14,0,70,,34714,1,0,14,0,30,,34715,1,0,14,0,70,,34716,1,0,14,0,30,,34717,1,0,14,0,70,,34718,1,0,14,0,30,,34719,1,0,14,0,70,,34720,1,0,14,0,30,,34721,1,0,14,0,70,,34722,1,0,14,0,15,,34723,1,0,14,0,15,,34724,1,0,14,0,15,,34725,1,0,14,0,55,,34726,1,0,14,0,30,,34727,1,0,14,0,70,,34728,1,0,14,0,30,,34729,1,0,14,0,70,,34730,1,0,14,0,30,,34731,1,0,14,0,70,,34732,1,0,14,0,45,,34733,1,0,14,0,85,,34734,1,0,14,0,85,,34735,1,0,14,0,85,,34736,1,0,14,0,45,,34737,1,0,14,0,85,,34738,1,0,14,0
721204,'1361',600,,34739,1,0,14,0,30,,34740,1,0,14,0,70,,34741,1,0,14,0,15,,34742,1,0,14,0,15,,34743,1,0,14,0,15,,34744,1,0,14,0,55,,34745,1,0,14,0,30,,34746,1,0,14,0,70,,34747,1,0,14,0,30,,34748,1,0,14,0,70,,34749,1,0,14,0,30,,34750,1,0,14,0,70,,34751,1,0,14,0,30,,34752,1,0,14,0,70,,34753,1,0,14,0,30,,34754,1,0,14,0,70,,34755,1,0,14,0,30,,34756,1,0,14,0,70,,34757,1,0,14,0,15,,34758,1,0,14,0,15,,34759,1,0,14,0,15,,34760,1,0,14,0,55,,34761,1,0,14,0,30,,34762,1,0,14,0,70,,34763,1,0,14,0,30,,34764,1,0,14,0,70,,34765,1,0,14,0,30,,34766,1,0,14,0,70,,34767,1,0,14,0,45,,34768,1,0,14,0,85,,34769,1,0,14,0,85,,34770,1,0,14,0,85,,34771,1,0,14,0,45,,34772,1,0,14,0,85,,34773,1,0,14,0
