1901,'1348',909,,24297,11,,,0,100,,24296,11,,,0,100,,24295,11,,,0,100,,24294,11,,,0,100,,24305,11,,,0,100,,24302,11,,,0,100,,24301,11,,,0,100,,24300,11,,,0,100,,24299,11,,,0,100,,24298,11,,,0,100,,24304,11,,,0,100,,24303,11,,,0
1901,'1349',809,,24306,11,,,0,100,,24307,11,,,0,100,,24308,11,,,0,30,,24309,11,,,0,70,,24310,11,,,0,30,,24311,11,,,0,70,,24312,11,,,0,30,,24313,11,,,0,70,,24314,11,,,0,30,,24315,11,,,0,70,,24316,11,,,0,30,,24317,11,,,0,70,,24318,11,,,0,30,,24319,11,,,0,70,,24320,11,,,0,30,,24321,11,,,0,70,,24322,11,,,0,30,,24323,11,,,0,70,,24324,11,,,0,30,,24325,11,,,0,70,,24326,11,,,0,30,,24327,11,,,0,70,,24328,11,,,0,100,,24329,11,,,0,100,,24330,11,,,0,100,,24331,11,,,0
1901,'1350',609,,24332,11,,,0,30,,24333,11,,,0,70,,24334,11,,,0,30,,24335,11,,,0,70,,24336,11,,,0,30,,24337,11,,,0,70,,24338,11,,,0,30,,24339,11,,,0,70,,24340,11,,,0,30,,24341,11,,,0,70,,24342,11,,,0,30,,24343,11,,,0,70,,24344,11,,,0,30,,24345,11,,,0,70,,24346,11,,,0,30,,24347,11,,,0,70,,24348,11,,,0,30,,24349,11,,,0,70,,24350,11,,,0,30,,24351,11,,,0,70,,24352,11,,,0,30,,24353,11,,,0,70,,24354,11,,,0,30,,24355,11,,,0,70,,24356,11,,,0,30,,24357,11,,,0,70,,24358,11,,,0,30,,24359,11,,,0,70,,24360,11,,,0,30,,24361,11,,,0,70,,24362,11,,,0,30,,24363,11,,,0,100,,24364,11,,,0,100,,24365,11,,,0
1901,'1351',609,,24366,11,,,0,30,,24367,11,,,0,70,,24368,11,,,0,30,,24369,11,,,0,70,,24370,11,,,0,30,,24371,11,,,0,70,,24372,11,,,0,30,,24373,11,,,0,70,,24374,11,,,0,30,,24375,11,,,0,70,,24376,11,,,0,30,,24377,11,,,0,70,,24378,11,,,0,30,,24379,11,,,0,70,,24380,11,,,0,30,,24381,11,,,0,70,,24382,11,,,0,30,,24383,11,,,0,70,,24384,11,,,0,30,,24385,11,,,0,70,,24386,11,,,0,30,,24387,11,,,0,70,,24388,11,,,0,30,,24389,11,,,0,70,,24390,11,,,0,30,,24391,11,,,0,70,,24392,11,,,0,30,,24393,11,,,0,70,,24394,11,,,0,30,,24395,11,,,0,70,,24396,11,,,0,30,,24397,11,,,0,100,,24398,11,,,0,100,,24399,11,,,0
1901,'1352',609,,24400,11,,,0,30,,24401,11,,,0,70,,24402,11,,,0,30,,24403,11,,,0,70,,24404,11,,,0,30,,24405,11,,,0,70,,24406,11,,,0,30,,24407,11,,,0,70,,24408,11,,,0,30,,24409,11,,,0,70,,24410,11,,,0,30,,24411,11,,,0,70,,24412,11,,,0,30,,24413,11,,,0,70,,24414,11,,,0,30,,24415,11,,,0,70,,24416,11,,,0,30,,24417,11,,,0,70,,24418,11,,,0,30,,24419,11,,,0,70,,24420,11,,,0,30,,24421,11,,,0,70,,24422,11,,,0,30,,24423,11,,,0,70,,24424,11,,,0,30,,24425,11,,,0,70,,24426,11,,,0,30,,24427,11,,,0,70,,24428,11,,,0,30,,24429,11,,,0,70,,24430,11,,,0,30,,24431,11,,,0,100,,24432,11,,,0,100,,24433,11,,,0
1901,'1353',609,,24434,11,,,0,30,,24435,11,,,0,70,,24436,11,,,0,30,,24437,11,,,0,70,,24438,11,,,0,30,,24439,11,,,0,70,,24440,11,,,0,30,,24441,11,,,0,70,,24442,11,,,0,30,,24443,11,,,0,70,,24444,11,,,0,30,,24445,11,,,0,70,,24446,11,,,0,30,,24447,11,,,0,70,,24448,11,,,0,30,,24449,11,,,0,70,,24450,11,,,0,30,,24451,11,,,0,70,,24452,11,,,0,30,,24453,11,,,0,70,,24454,11,,,0,30,,24455,11,,,0,70,,24456,11,,,0,30,,24457,11,,,0,70,,24458,11,,,0,30,,24459,11,,,0,70,,24460,11,,,0,30,,24461,11,,,0,70,,24462,11,,,0,30,,24463,11,,,0,70,,24464,11,,,0,30,,24465,11,,,0,100,,24466,11,,,0,100,,24467,11,,,0
1901,'1354',609,,24468,11,,,0,30,,24469,11,,,0,70,,24470,11,,,0,30,,24471,11,,,0,70,,24472,11,,,0,30,,24473,11,,,0,70,,24474,11,,,0,30,,24475,11,,,0,70,,24476,11,,,0,30,,24477,11,,,0,70,,24478,11,,,0,30,,24479,11,,,0,70,,24480,11,,,0,30,,24481,11,,,0,70,,24482,11,,,0,30,,24483,11,,,0,70,,24484,11,,,0,30,,24485,11,,,0,70,,24486,11,,,0,30,,24487,11,,,0,70,,24488,11,,,0,30,,24489,11,,,0,70,,24490,11,,,0,30,,24491,11,,,0,70,,24492,11,,,0,30,,24493,11,,,0,70,,24494,11,,,0,30,,24495,11,,,0,70,,24496,11,,,0,30,,24497,11,,,0,70,,24498,11,,,0,30,,24499,11,,,0,100,,24500,11,,,0,100,,24501,11,,,0
647703,'1348',954,,26741,33,0,15,0,70,,26740,33,0,15,0,30,,26739,33,0,15,0,70,,26738,33,0,15,0,30,,26737,33,0,15,0,70,,26736,33,0,15,0,30,,26735,33,0,15,0,70,,26734,33,0,15,0,30,,26733,33,0,15,0,70,,26732,33,0,15,0,30,,26731,33,0,15,0,70,,26730,33,0,15,0,30,,26729,33,0,15,0,70,,26728,33,0,15,0,30,,26727,33,0,15,0,70,,26726,33,0,15,0,30,,26725,33,0,15,0,100,,26724,33,0,15,0,100,,26723,33,0,15,0
647703,'1349',854,,26742,33,0,15,0,70,,26743,33,0,15,0,30,,26744,33,0,15,0,70,,26745,33,0,15,0,30,,26746,33,0,15,0,70,,26747,33,0,15,0,30,,26748,33,0,15,0,70,,26749,33,0,15,0,30,,26750,33,0,15,0,70,,26751,33,0,15,0,30,,26752,33,0,15,0,70,,26753,33,0,15,0,30,,26754,33,0,15,0,70,,26755,33,0,15,0,30,,26756,33,0,15,0,70,,26757,33,0,15,0,30,,26758,33,0,15,0,70,,26759,33,0,15,0,30,,26760,33,0,15,0,70,,26761,33,0,15,0,30,,26762,33,0,15,0,70,,26763,33,0,15,0,30,,26764,33,0,15,0,100,,26765,33,0,15,0,100,,26766,33,0,15,0,100,,26767,33,0,15,0
647703,'1350',654,,26768,33,0,15,0,70,,26769,33,0,15,0,30,,26770,33,0,15,0,70,,26771,33,0,15,0,30,,26772,33,0,15,0,70,,26773,33,0,15,0,30,,26774,33,0,15,0,70,,26775,33,0,15,0,30,,26776,33,0,15,0,70,,26777,33,0,15,0,30,,26778,33,0,15,0,70,,26779,33,0,15,0,30,,26780,33,0,15,0,70,,26781,33,0,15,0,30,,26782,33,0,15,0,70,,26783,33,0,15,0,30,,26784,33,0,15,0,70,,26785,33,0,15,0,30,,26786,33,0,15,0,70,,26787,33,0,15,0,30,,26788,33,0,15,0,70,,26789,33,0,15,0,30,,26790,33,0,15,0,70,,26791,33,0,15,0,30,,26792,33,0,15,0,70,,26793,33,0,15,0,30,,26794,33,0,15,0,70,,26795,33,0,15,0,30,,26796,33,0,15,0,100,,26797,33,0,15,0,100,,26798,33,0,15,0,100,,26799,33,0,15,0
647703,'1351',654,,26800,33,0,15,0,70,,26801,33,0,15,0,30,,26802,33,0,15,0,70,,26803,33,0,15,0,30,,26804,33,0,15,0,70,,26805,33,0,15,0,30,,26806,33,0,15,0,70,,26807,33,0,15,0,30,,26808,33,0,15,0,70,,26809,33,0,15,0,30,,26810,33,0,15,0,70,,26811,33,0,15,0,30,,26812,33,0,15,0,70,,26813,33,0,15,0,30,,26814,33,0,15,0,70,,26815,33,0,15,0,30,,26816,33,0,15,0,70,,26817,33,0,15,0,30,,26818,33,0,15,0,70,,26819,33,0,15,0,30,,26820,33,0,15,0,70,,26821,33,0,15,0,30,,26822,33,0,15,0,70,,26823,33,0,15,0,30,,26824,33,0,15,0,70,,26825,33,0,15,0,30,,26826,33,0,15,0,70,,26827,33,0,15,0,30,,26828,33,0,15,0,100,,26829,33,0,15,0,100,,26830,33,0,15,0,100,,26831,33,0,15,0
647703,'1352',654,,26832,33,0,15,0,70,,26833,33,0,15,0,30,,26834,33,0,15,0,70,,26835,33,0,15,0,30,,26836,33,0,15,0,70,,26837,33,0,15,0,30,,26838,33,0,15,0,70,,26839,33,0,15,0,30,,26840,33,0,15,0,70,,26841,33,0,15,0,30,,26842,33,0,15,0,70,,26843,33,0,15,0,30,,26844,33,0,15,0,70,,26845,33,0,15,0,30,,26846,33,0,15,0,70,,26847,33,0,15,0,30,,26848,33,0,15,0,70,,26849,33,0,15,0,30,,26850,33,0,15,0,70,,26851,33,0,15,0,30,,26852,33,0,15,0,70,,26853,33,0,15,0,30,,26854,33,0,15,0,70,,26855,33,0,15,0,30,,26856,33,0,15,0,70,,26857,33,0,15,0,30,,26858,33,0,15,0,70,,26859,33,0,15,0,30,,26860,33,0,15,0,100,,26861,33,0,15,0,100,,26862,33,0,15,0,100,,26863,33,0,15,0
647703,'1353',654,,26864,33,0,15,0,70,,26865,33,0,15,0,30,,26866,33,0,15,0,70,,26867,33,0,15,0,30,,26868,33,0,15,0,70,,26869,33,0,15,0,30,,26870,33,0,15,0,70,,26871,33,0,15,0,30,,26872,33,0,15,0,70,,26873,33,0,15,0,30,,26874,33,0,15,0,70,,26875,33,0,15,0,30,,26876,33,0,15,0,70,,26877,33,0,15,0,30,,26878,33,0,15,0,70,,26879,33,0,15,0,30,,26880,33,0,15,0,70,,26881,33,0,15,0,30,,26882,33,0,15,0,70,,26883,33,0,15,0,30,,26884,33,0,15,0,70,,26885,33,0,15,0,30,,26886,33,0,15,0,70,,26887,33,0,15,0,30,,26888,33,0,15,0,70,,26889,33,0,15,0,30,,26890,33,0,15,0,70,,26891,33,0,15,0,30,,26892,33,0,15,0,100,,26893,33,0,15,0,100,,26894,33,0,15,0,100,,26895,33,0,15,0
647703,'1354',654,,26896,33,0,15,0,70,,26897,33,0,15,0,30,,26898,33,0,15,0,70,,26899,33,0,15,0,30,,26900,33,0,15,0,70,,26901,33,0,15,0,30,,26902,33,0,15,0,70,,26903,33,0,15,0,30,,26904,33,0,15,0,70,,26905,33,0,15,0,30,,26906,33,0,15,0,70,,26907,33,0,15,0,30,,26908,33,0,15,0,70,,26909,33,0,15,0,30,,26910,33,0,15,0,70,,26911,33,0,15,0,30,,26912,33,0,15,0,70,,26913,33,0,15,0,30,,26914,33,0,15,0,70,,26915,33,0,15,0,30,,26916,33,0,15,0,70,,26917,33,0,15,0,30,,26918,33,0,15,0,70,,26919,33,0,15,0,30,,26920,33,0,15,0,70,,26921,33,0,15,0,30,,26922,33,0,15,0,70,,26923,33,0,15,0,30,,26924,33,0,15,0,100,,26925,33,0,15,0,100,,26926,33,0,15,0,100,,26927,33,0,15,0
