'1217',1800,75600,4,'',0,10000,4,'',0,10000,4,'',0,8000,4,'',0,8000,4,'',0,4300,4,'',0,8200,4,'',0,8000,4,'',0,8000,4,'',0,4000,4,'',0,8000,4,'',0,8000,4,'',0,4000,4,'',0,8000,4,'',0,8000,4,'',0,4000,4,'',0,8000,4,'',0,8000,4,'',0
'1217',1801,70000,,'',0,10000,,'',0,10000,,'',0,10500,,'',0,4000,,'',0,8000,,'',0,8000,,'',0,4000,,'',0,8000,,'',0,8000,,'',0,4000,,'',0,8000,,'',0,8000,,'',0,4000,,'',0,8000,,'',0,8000,,'',0,4000,,'',0,8000,,'',0
'1218',1800,61500,4,'',0,8500,4,'',0,3000,4,'',0,7000,4,'',0,3000,4,'',0,7000,4,'',0,3000,4,'',0,7000,4,'',0,3000,4,'',0,7000,4,'',0,2000,4,'',0,2000,4,'',0,6000,4,'',0,2000,4,'',0,2000,4,'',0,6000,4,'',0,2000,4,'',0,2000,4,'',0,6000,4,'',0,2000,4,'',0,2000,4,'',0,6000,4,'',0,2000,4,'',0,2000,4,'',0,6000,4,'',0,2000,4,'',0,2000,4,'',0,6000,4,'',0,2000,4,'',0,2000,4,'',0,6000,4,'',0,2000,4,'',0,2000,4,'',0,6000,4,'',0,3000,4,'',0,7000,4,'',0,3000,4,'',0,7000,4,'',0,3000,4,'',0,7000,4,'',0,3000,4,'',0,7000,4,'',0,3000,4,'',0,7000,4,'',0,3000,4,'',0,7000,4,'',0,3000,4,'',0
'1218',1801,53500,,'',0,7000,,'',0,3000,,'',0,7000,,'',0,3000,,'',0,7000,,'',0,3000,,'',0,7000,,'',0,3000,,'',0,7000,,'',0,2000,,'',0,2000,,'',0,6000,,'',0,2000,,'',0,2000,,'',0,6000,,'',0,2000,,'',0,2000,,'',0,6000,,'',0,2000,,'',0,2000,,'',0,6000,,'',0,2000,,'',0,2000,,'',0,6000,,'',0,2000,,'',0,2000,,'',0,6000,,'',0,2000,,'',0,2000,,'',0,6000,,'',0,2000,,'',0,2000,,'',0,6000,,'',0,3500,,'',0,6500,,'',0,3000,,'',0,7000,,'',0,3000,,'',0,7000,,'',0,3000,,'',0,7000,,'',0,3000,,'',0,7000,,'',0,3000,,'',0,7000,,'',0,3000,,'',0
'1219',1800,75600,4,'',0,10000,4,'',0,10000,4,'',0,8000,4,'',0,8000,4,'',0,4300,4,'',0,8200,4,'',0,8000,4,'',0,8000,4,'',0,4000,4,'',0,8000,4,'',0,8000,4,'',0,4000,4,'',0,8000,4,'',0,8000,4,'',0,4000,4,'',0,8000,4,'',0,8000,4,'',0
'1219',1801,70000,,'',0,10000,,'',0,10000,,'',0,10500,,'',0,4000,,'',0,8000,,'',0,8000,,'',0,4000,,'',0,8000,,'',0,8000,,'',0,4000,,'',0,8000,,'',0,8000,,'',0,4000,,'',0,8000,,'',0,8000,,'',0,4000,,'',0,8000,,'',0
'1220',1800,61800,4,'',0,3500,4,'',0,6000,4,'',0,1500,4,'',0,1500,4,'',0,1500,4,'',0,5500,4,'',0,1000,4,'',0,1000,4,'',0,1000,4,'',0,1000,4,'',0,5000,4,'',0,1000,4,'',0,400,4,'',0,1500,4,'',0,1500,4,'',0,5500,4,'',0,1500,4,'',0,1500,4,'',0,1500,4,'',0,5300,4,'',0,1500,4,'',0,1500,4,'',0,1500,4,'',0,5500,4,'',0,1500,4,'',0,1500,4,'',0,1500,4,'',0,5500,4,'',0,1500,4,'',0,1500,4,'',0,1500,4,'',0,6500,4,'',0,2000,4,'',0,1500,4,'',0,5500,4,'',0,1500,4,'',0,1000,4,'',0,1000,4,'',0,1000,4,'',0,1000,4,'',0,5000,4,'',0,1000,4,'',0,1000,4,'',0,1000,4,'',0,1000,4,'',0,1000,4,'',0,5000,4,'',0,1000,4,'',0,1000,4,'',0,1000,4,'',0,1000,4,'',0,1000,4,'',0,5000,4,'',0,1000,4,'',0,1500,4,'',0,1500,4,'',0,5600,4,'',0,3000,4,'',0,7000,4,'',0,3000,4,'',0,7000,4,'',0,3000,4,'',0,7000,4,'',0,3000,4,'',0,7000,4,'',0,3000,4,'',0,7000,4,'',0,3000,4,'',0,7000,4,'',0,3000,4,'',0
'1220',1801,53300,,'',0,7000,,'',0,1500,,'',0,1500,,'',0,1500,,'',0,5500,,'',0,1000,,'',0,1000,,'',0,1000,,'',0,1000,,'',0,1000,,'',0,5000,,'',0,1500,,'',0,1500,,'',0,1500,,'',0,5500,,'',0,1500,,'',0,1500,,'',0,1500,,'',0,5500,,'',0,1500,,'',0,1500,,'',0,1500,,'',0,5500,,'',0,1500,,'',0,1500,,'',0,1500,,'',0,5500,,'',0,1500,,'',0,1500,,'',0,1500,,'',0,5500,,'',0,1700,,'',0,1500,,'',0,1500,,'',0,5500,,'',0,1000,,'',0,1000,,'',0,1000,,'',0,1000,,'',0,1000,,'',0,5000,,'',0,1000,,'',0,1000,,'',0,1000,,'',0,1000,,'',0,1000,,'',0,5000,,'',0,1000,,'',0,1000,,'',0,1000,,'',0,1000,,'',0,1000,,'',0,5000,,'',0,1500,,'',0,1500,,'',0,1500,,'',0,5400,,'',0,3000,,'',0,7000,,'',0,3000,,'',0,7000,,'',0,3000,,'',0,7000,,'',0,3000,,'',0,7000,,'',0,3000,,'',0,7000,,'',0,3000,,'',0,7000,,'',0,3000,,'',0
'1221',1800,61800,4,'',0,3500,4,'',0,6000,4,'',0,1500,4,'',0,1500,4,'',0,1500,4,'',0,5500,4,'',0,1000,4,'',0,1000,4,'',0,1000,4,'',0,1000,4,'',0,5000,4,'',0,1000,4,'',0,400,4,'',0,1500,4,'',0,1500,4,'',0,5500,4,'',0,1500,4,'',0,1500,4,'',0,1500,4,'',0,5300,4,'',0,1500,4,'',0,1500,4,'',0,1500,4,'',0,5500,4,'',0,1500,4,'',0,1500,4,'',0,1500,4,'',0,5500,4,'',0,1500,4,'',0,1500,4,'',0,1500,4,'',0,6500,4,'',0,2000,4,'',0,1500,4,'',0,5500,4,'',0,1500,4,'',0,1000,4,'',0,1000,4,'',0,1000,4,'',0,1000,4,'',0,5000,4,'',0,1000,4,'',0,1000,4,'',0,1000,4,'',0,1000,4,'',0,1000,4,'',0,5000,4,'',0,1000,4,'',0,1000,4,'',0,1000,4,'',0,1000,4,'',0,1000,4,'',0,5000,4,'',0,1000,4,'',0,1500,4,'',0,1500,4,'',0,5600,4,'',0,3000,4,'',0,7000,4,'',0,3000,4,'',0,7000,4,'',0,3000,4,'',0,7000,4,'',0,3000,4,'',0,7000,4,'',0,3000,4,'',0,7000,4,'',0,3000,4,'',0,7000,4,'',0,3000,4,'',0
'1221',1801,53300,,'',0,7000,,'',0,1500,,'',0,1500,,'',0,1500,,'',0,5500,,'',0,1000,,'',0,1000,,'',0,1000,,'',0,1000,,'',0,1000,,'',0,5000,,'',0,1500,,'',0,1500,,'',0,1500,,'',0,5500,,'',0,1500,,'',0,1500,,'',0,1500,,'',0,5500,,'',0,1500,,'',0,1500,,'',0,1500,,'',0,5500,,'',0,1500,,'',0,1500,,'',0,1500,,'',0,5500,,'',0,1500,,'',0,1500,,'',0,1500,,'',0,5500,,'',0,1700,,'',0,1500,,'',0,1500,,'',0,5500,,'',0,1000,,'',0,1000,,'',0,1000,,'',0,1000,,'',0,1000,,'',0,5000,,'',0,1000,,'',0,1000,,'',0,1000,,'',0,1000,,'',0,1000,,'',0,5000,,'',0,1000,,'',0,1000,,'',0,1000,,'',0,1000,,'',0,1000,,'',0,5000,,'',0,1500,,'',0,1500,,'',0,1500,,'',0,5400,,'',0,3000,,'',0,7000,,'',0,3000,,'',0,7000,,'',0,3000,,'',0,7000,,'',0,3000,,'',0,7000,,'',0,3000,,'',0,7000,,'',0,3000,,'',0,7000,,'',0,3000,,'',0
'1222',1800,61800,4,'',0,3500,4,'',0,6000,4,'',0,1500,4,'',0,1500,4,'',0,1500,4,'',0,5500,4,'',0,1000,4,'',0,1000,4,'',0,1000,4,'',0,1000,4,'',0,5000,4,'',0,1000,4,'',0,400,4,'',0,1500,4,'',0,1500,4,'',0,5500,4,'',0,1500,4,'',0,1500,4,'',0,1500,4,'',0,5300,4,'',0,1500,4,'',0,1500,4,'',0,1500,4,'',0,5500,4,'',0,1500,4,'',0,1500,4,'',0,1500,4,'',0,5500,4,'',0,1500,4,'',0,1500,4,'',0,1500,4,'',0,6500,4,'',0,2000,4,'',0,1500,4,'',0,5500,4,'',0,1500,4,'',0,1000,4,'',0,1000,4,'',0,1000,4,'',0,1000,4,'',0,5000,4,'',0,1000,4,'',0,1000,4,'',0,1000,4,'',0,1000,4,'',0,1000,4,'',0,5000,4,'',0,1000,4,'',0,1000,4,'',0,1000,4,'',0,1000,4,'',0,1000,4,'',0,5000,4,'',0,1000,4,'',0,1500,4,'',0,1500,4,'',0,5600,4,'',0,3000,4,'',0,7000,4,'',0,3000,4,'',0,7000,4,'',0,3000,4,'',0,7000,4,'',0,3000,4,'',0,7000,4,'',0,3000,4,'',0,7000,4,'',0,3000,4,'',0,7000,4,'',0,3000,4,'',0
'1222',1801,53300,,'',0,7000,,'',0,1500,,'',0,1500,,'',0,1500,,'',0,5500,,'',0,1000,,'',0,1000,,'',0,1000,,'',0,1000,,'',0,1000,,'',0,5000,,'',0,1500,,'',0,1500,,'',0,1500,,'',0,5500,,'',0,1500,,'',0,1500,,'',0,1500,,'',0,5500,,'',0,1500,,'',0,1500,,'',0,1500,,'',0,5500,,'',0,1500,,'',0,1500,,'',0,1500,,'',0,5500,,'',0,1500,,'',0,1500,,'',0,1500,,'',0,5500,,'',0,1700,,'',0,1500,,'',0,1500,,'',0,5500,,'',0,1000,,'',0,1000,,'',0,1000,,'',0,1000,,'',0,1000,,'',0,5000,,'',0,1000,,'',0,1000,,'',0,1000,,'',0,1000,,'',0,1000,,'',0,5000,,'',0,1000,,'',0,1000,,'',0,1000,,'',0,1000,,'',0,1000,,'',0,5000,,'',0,1500,,'',0,1500,,'',0,1500,,'',0,5400,,'',0,3000,,'',0,7000,,'',0,3000,,'',0,7000,,'',0,3000,,'',0,7000,,'',0,3000,,'',0,7000,,'',0,3000,,'',0,7000,,'',0,3000,,'',0,7000,,'',0,3000,,'',0
'1223',1800,61800,4,'',0,3500,4,'',0,6000,4,'',0,1500,4,'',0,1500,4,'',0,1500,4,'',0,5500,4,'',0,1000,4,'',0,1000,4,'',0,1000,4,'',0,1000,4,'',0,5000,4,'',0,1000,4,'',0,400,4,'',0,1500,4,'',0,1500,4,'',0,5500,4,'',0,1500,4,'',0,1500,4,'',0,1500,4,'',0,5300,4,'',0,1500,4,'',0,1500,4,'',0,1500,4,'',0,5500,4,'',0,1500,4,'',0,1500,4,'',0,1500,4,'',0,5500,4,'',0,1500,4,'',0,1500,4,'',0,1500,4,'',0,6500,4,'',0,2000,4,'',0,1500,4,'',0,5500,4,'',0,1500,4,'',0,1000,4,'',0,1000,4,'',0,1000,4,'',0,1000,4,'',0,5000,4,'',0,1000,4,'',0,1000,4,'',0,1000,4,'',0,1000,4,'',0,1000,4,'',0,5000,4,'',0,1000,4,'',0,1000,4,'',0,1000,4,'',0,1000,4,'',0,1000,4,'',0,5000,4,'',0,1000,4,'',0,1500,4,'',0,1500,4,'',0,5600,4,'',0,3000,4,'',0,7000,4,'',0,3000,4,'',0,7000,4,'',0,3000,4,'',0,7000,4,'',0,3000,4,'',0,7000,4,'',0,3000,4,'',0,7000,4,'',0,3000,4,'',0,7000,4,'',0,3000,4,'',0
'1223',1801,53300,,'',0,7000,,'',0,1500,,'',0,1500,,'',0,1500,,'',0,5500,,'',0,1000,,'',0,1000,,'',0,1000,,'',0,1000,,'',0,1000,,'',0,5000,,'',0,1500,,'',0,1500,,'',0,1500,,'',0,5500,,'',0,1500,,'',0,1500,,'',0,1500,,'',0,5500,,'',0,1500,,'',0,1500,,'',0,1500,,'',0,5500,,'',0,1500,,'',0,1500,,'',0,1500,,'',0,5500,,'',0,1500,,'',0,1500,,'',0,1500,,'',0,5500,,'',0,1700,,'',0,1500,,'',0,1500,,'',0,5500,,'',0,1000,,'',0,1000,,'',0,1000,,'',0,1000,,'',0,1000,,'',0,5000,,'',0,1000,,'',0,1000,,'',0,1000,,'',0,1000,,'',0,1000,,'',0,5000,,'',0,1000,,'',0,1000,,'',0,1000,,'',0,1000,,'',0,1000,,'',0,5000,,'',0,1500,,'',0,1500,,'',0,1500,,'',0,5400,,'',0,3000,,'',0,7000,,'',0,3000,,'',0,7000,,'',0,3000,,'',0,7000,,'',0,3000,,'',0,7000,,'',0,3000,,'',0,7000,,'',0,3000,,'',0,7000,,'',0,3000,,'',0
'1224',1800,61800,4,'',0,3500,4,'',0,6000,4,'',0,1500,4,'',0,1500,4,'',0,1500,4,'',0,5500,4,'',0,1000,4,'',0,1000,4,'',0,1000,4,'',0,1000,4,'',0,5000,4,'',0,1000,4,'',0,400,4,'',0,1500,4,'',0,1500,4,'',0,5500,4,'',0,1500,4,'',0,1500,4,'',0,1500,4,'',0,5300,4,'',0,1500,4,'',0,1500,4,'',0,1500,4,'',0,5500,4,'',0,1500,4,'',0,1500,4,'',0,1500,4,'',0,5500,4,'',0,1500,4,'',0,1500,4,'',0,1500,4,'',0,6500,4,'',0,2000,4,'',0,1500,4,'',0,5500,4,'',0,1500,4,'',0,1000,4,'',0,1000,4,'',0,1000,4,'',0,1000,4,'',0,5000,4,'',0,1000,4,'',0,1000,4,'',0,1000,4,'',0,1000,4,'',0,1000,4,'',0,5000,4,'',0,1000,4,'',0,1000,4,'',0,1000,4,'',0,1000,4,'',0,1000,4,'',0,5000,4,'',0,1000,4,'',0,1500,4,'',0,1500,4,'',0,5600,4,'',0,3000,4,'',0,7000,4,'',0,3000,4,'',0,7000,4,'',0,3000,4,'',0,7000,4,'',0,3000,4,'',0,7000,4,'',0,3000,4,'',0,7000,4,'',0,3000,4,'',0,7000,4,'',0,3000,4,'',0
'1224',1801,53300,,'',0,7000,,'',0,1500,,'',0,1500,,'',0,1500,,'',0,5500,,'',0,1000,,'',0,1000,,'',0,1000,,'',0,1000,,'',0,1000,,'',0,5000,,'',0,1500,,'',0,1500,,'',0,1500,,'',0,5500,,'',0,1500,,'',0,1500,,'',0,1500,,'',0,5500,,'',0,1500,,'',0,1500,,'',0,1500,,'',0,5500,,'',0,1500,,'',0,1500,,'',0,1500,,'',0,5500,,'',0,1500,,'',0,1500,,'',0,1500,,'',0,5500,,'',0,1700,,'',0,1500,,'',0,1500,,'',0,5500,,'',0,1000,,'',0,1000,,'',0,1000,,'',0,1000,,'',0,1000,,'',0,5000,,'',0,1000,,'',0,1000,,'',0,1000,,'',0,1000,,'',0,1000,,'',0,5000,,'',0,1000,,'',0,1000,,'',0,1000,,'',0,1000,,'',0,1000,,'',0,5000,,'',0,1500,,'',0,1500,,'',0,1500,,'',0,5400,,'',0,3000,,'',0,7000,,'',0,3000,,'',0,7000,,'',0,3000,,'',0,7000,,'',0,3000,,'',0,7000,,'',0,3000,,'',0,7000,,'',0,3000,,'',0,7000,,'',0,3000,,'',0
'1218',2601,71500,,'',0,9000,,'',0,5000,,'',0,9000,,'',0,9000,,'',0,9000,,'',0,9000,,'',0,9000,,'',0,5000,,'',0,9000,,'',0,9000,,'',0,9000,,'',0,9000,,'',0,9000,,'',0,5000,,'',0
'1218',2602,80500,4,'',0,5000,4,'',0,9000,4,'',0,9000,4,'',0,9000,4,'',0,9000,4,'',0,9000,4,'',0,5000,4,'',0,9000,4,'',0,9000,4,'',0,9000,4,'',0,9000,4,'',0,9000,4,'',0,5000,4,'',0,9000,4,'',0
'1220',2601,71500,,'',0,3000,,'',0,7000,,'',0,3000,,'',0,7000,,'',0,3000,,'',0,7000,,'',0,3000,,'',0,7000,,'',0,3000,,'',0,7000,,'',0,3000,,'',0,7000,,'',0,3000,,'',0,7000,,'',0,3000,,'',0,7000,,'',0,3000,,'',0,7000,,'',0,3000,,'',0,7000,,'',0,3000,,'',0,7000,,'',0,3000,,'',0
'1220',2602,80900,4,'',0,3000,4,'',0,7000,4,'',0,3000,4,'',0,7000,4,'',0,3000,4,'',0,7000,4,'',0,3000,4,'',0,7000,4,'',0,3000,4,'',0,7000,4,'',0,3000,4,'',0,7000,4,'',0,3000,4,'',0,7000,4,'',0,3000,4,'',0,7000,4,'',0,3000,4,'',0,7000,4,'',0,3000,4,'',0,7000,4,'',0,3000,4,'',0,7000,4,'',0,3000,4,'',0
'1221',2601,71500,,'',0,3000,,'',0,7000,,'',0,3000,,'',0,7000,,'',0,3000,,'',0,7000,,'',0,3000,,'',0,7000,,'',0,3000,,'',0,7000,,'',0,3000,,'',0,7000,,'',0,3000,,'',0,7000,,'',0,3000,,'',0,7000,,'',0,3000,,'',0,7000,,'',0,3000,,'',0,7000,,'',0,3000,,'',0,7000,,'',0,3000,,'',0
'1221',2602,80900,4,'',0,3000,4,'',0,7000,4,'',0,3000,4,'',0,7000,4,'',0,3000,4,'',0,7000,4,'',0,3000,4,'',0,7000,4,'',0,3000,4,'',0,7000,4,'',0,3000,4,'',0,7000,4,'',0,3000,4,'',0,7000,4,'',0,3000,4,'',0,7000,4,'',0,3000,4,'',0,7000,4,'',0,3000,4,'',0,7000,4,'',0,3000,4,'',0,7000,4,'',0,3000,4,'',0
'1222',2601,71500,,'',0,3000,,'',0,7000,,'',0,3000,,'',0,7000,,'',0,3000,,'',0,7000,,'',0,3000,,'',0,7000,,'',0,3000,,'',0,7000,,'',0,3000,,'',0,7000,,'',0,3000,,'',0,7000,,'',0,3000,,'',0,7000,,'',0,3000,,'',0,7000,,'',0,3000,,'',0,7000,,'',0,3000,,'',0,7000,,'',0,3000,,'',0
'1222',2602,80900,4,'',0,3000,4,'',0,7000,4,'',0,3000,4,'',0,7000,4,'',0,3000,4,'',0,7000,4,'',0,3000,4,'',0,7000,4,'',0,3000,4,'',0,7000,4,'',0,3000,4,'',0,7000,4,'',0,3000,4,'',0,7000,4,'',0,3000,4,'',0,7000,4,'',0,3000,4,'',0,7000,4,'',0,3000,4,'',0,7000,4,'',0,3000,4,'',0,7000,4,'',0,3000,4,'',0
'1223',2601,71500,,'',0,3000,,'',0,7000,,'',0,3000,,'',0,7000,,'',0,3000,,'',0,7000,,'',0,3000,,'',0,7000,,'',0,3000,,'',0,7000,,'',0,3000,,'',0,7000,,'',0,3000,,'',0,7000,,'',0,3000,,'',0,7000,,'',0,3000,,'',0,7000,,'',0,3000,,'',0,7000,,'',0,3000,,'',0,7000,,'',0,3000,,'',0
'1223',2602,80900,4,'',0,3000,4,'',0,7000,4,'',0,3000,4,'',0,7000,4,'',0,3000,4,'',0,7000,4,'',0,3000,4,'',0,7000,4,'',0,3000,4,'',0,7000,4,'',0,3000,4,'',0,7000,4,'',0,3000,4,'',0,7000,4,'',0,3000,4,'',0,7000,4,'',0,3000,4,'',0,7000,4,'',0,3000,4,'',0,7000,4,'',0,3000,4,'',0,7000,4,'',0,3000,4,'',0
'1224',2601,71500,,'',0,3000,,'',0,7000,,'',0,3000,,'',0,7000,,'',0,3000,,'',0,7000,,'',0,3000,,'',0,7000,,'',0,3000,,'',0,7000,,'',0,3000,,'',0,7000,,'',0,3000,,'',0,7000,,'',0,3000,,'',0,7000,,'',0,3000,,'',0,7000,,'',0,3000,,'',0,7000,,'',0,3000,,'',0,7000,,'',0,3000,,'',0
'1224',2602,80900,4,'',0,3000,4,'',0,7000,4,'',0,3000,4,'',0,7000,4,'',0,3000,4,'',0,7000,4,'',0,3000,4,'',0,7000,4,'',0,3000,4,'',0,7000,4,'',0,3000,4,'',0,7000,4,'',0,3000,4,'',0,7000,4,'',0,3000,4,'',0,7000,4,'',0,3000,4,'',0,7000,4,'',0,3000,4,'',0,7000,4,'',0,3000,4,'',0,7000,4,'',0,3000,4,'',0
'1217',463600,100000,4,'',0,44000,4,'',0,17000,4,'',0,24500,4,'',0
'1217',463601,83000,0,'605',0,48000,0,'605',0,13000,0,'605',0,28500,0,'605',0
'1218',463600,83000,4,'',0,67000,4,'',0,13000,4,'',0,30000,4,'',0
'1218',463601,70000,0,'605',0,63000,0,'605',0,17000,0,'605',0,30000,0,'605',0
'1219',463600,100000,4,'',0,44000,4,'',0,17000,4,'',0,24500,4,'',0
'1219',463601,83000,0,'605',0,48000,0,'605',0,13000,0,'605',0,28500,0,'605',0
'1220',463600,73000,4,'',0,77000,4,'',0,43000,4,'',0,17000,4,'',0
'1220',463601,60000,0,'605',0,73000,0,'605',0,47000,0,'605',0,13000,0,'605',0
'1221',463600,73000,4,'',0,77000,4,'',0,43000,4,'',0,17000,4,'',0
'1221',463601,60000,0,'605',0,73000,0,'605',0,47000,0,'605',0,13000,0,'605',0
'1222',463600,73000,4,'',0,77000,4,'',0,43000,4,'',0,17000,4,'',0
'1222',463601,60000,0,'605',0,73000,0,'605',0,47000,0,'605',0,13000,0,'605',0
'1223',463600,73000,4,'',0,77000,4,'',0,43000,4,'',0,17000,4,'',0
'1223',463601,60000,0,'605',0,73000,0,'605',0,47000,0,'605',0,13000,0,'605',0
'1224',463600,73000,4,'',0,77000,4,'',0,43000,4,'',0,17000,4,'',0
'1224',463601,60000,0,'605',0,73000,0,'605',0,47000,0,'605',0,13000,0,'605',0
'1217',647703,95700,4,'',0,7000,4,'',0,3000,4,'',0,7000,4,'',0,3000,4,'',0,7000,4,'',0,3000,4,'',0,7000,4,'',0,3000,4,'',0,7000,4,'',0,3000,4,'',0,7000,4,'',0,3000,4,'',0,7000,4,'',0,3000,4,'',0,7000,4,'',0,3000,4,'',0,10000,4,'',0,10000,4,'',0
'1217',647704,90000,,'',0,10000,,'',0,3000,,'',0,7000,,'',0,3000,,'',0,7000,,'',0,3000,,'',0,7000,,'',0,3000,,'',0,7000,,'',0,3000,,'',0,7000,,'',0,3000,,'',0,7000,,'',0,3000,,'',0,7000,,'',0,3000,,'',0,7000,,'',0,10000,,'',0
'1218',647703,85700,4,'',0,7000,4,'',0,3000,4,'',0,7000,4,'',0,3000,4,'',0,7000,4,'',0,3000,4,'',0,7000,4,'',0,3000,4,'',0,7000,4,'',0,3000,4,'',0,7000,4,'',0,3000,4,'',0,7000,4,'',0,3000,4,'',0,7000,4,'',0,3000,4,'',0,7000,4,'',0,3000,4,'',0,7000,4,'',0,3000,4,'',0,7000,4,'',0,3000,4,'',0,10000,4,'',0,10000,4,'',0,10000,4,'',0
'1218',647704,80000,,'',0,10000,,'',0,3000,,'',0,7000,,'',0,3000,,'',0,7000,,'',0,3000,,'',0,7000,,'',0,3000,,'',0,7000,,'',0,3000,,'',0,7000,,'',0,3000,,'',0,7000,,'',0,3000,,'',0,7000,,'',0,3000,,'',0,7000,,'',0,3000,,'',0,7000,,'',0,3000,,'',0,7000,,'',0,3000,,'',0,7000,,'',0,10000,,'',0,10000,,'',0
'1219',647703,95700,4,'',0,7000,4,'',0,3000,4,'',0,7000,4,'',0,3000,4,'',0,7000,4,'',0,3000,4,'',0,7000,4,'',0,3000,4,'',0,7000,4,'',0,3000,4,'',0,7000,4,'',0,3000,4,'',0,7000,4,'',0,3000,4,'',0,7000,4,'',0,3000,4,'',0,10000,4,'',0,10000,4,'',0
'1219',647704,90000,,'',0,10000,,'',0,3000,,'',0,7000,,'',0,3000,,'',0,7000,,'',0,3000,,'',0,7000,,'',0,3000,,'',0,7000,,'',0,3000,,'',0,7000,,'',0,3000,,'',0,7000,,'',0,3000,,'',0,7000,,'',0,3000,,'',0,7000,,'',0,10000,,'',0
'1220',647703,65700,4,'',0,7000,4,'',0,3000,4,'',0,7000,4,'',0,3000,4,'',0,7000,4,'',0,3000,4,'',0,7000,4,'',0,3000,4,'',0,7000,4,'',0,3000,4,'',0,7000,4,'',0,3000,4,'',0,7000,4,'',0,3000,4,'',0,7000,4,'',0,3000,4,'',0,7000,4,'',0,3000,4,'',0,7000,4,'',0,3000,4,'',0,7000,4,'',0,3000,4,'',0,7000,4,'',0,3000,4,'',0,7000,4,'',0,3000,4,'',0,7000,4,'',0,3000,4,'',0,10000,4,'',0,10000,4,'',0,10000,4,'',0
'1220',647704,60000,,'',0,10000,,'',0,3000,,'',0,7000,,'',0,3000,,'',0,7000,,'',0,3000,,'',0,7000,,'',0,3000,,'',0,7000,,'',0,3000,,'',0,7000,,'',0,3000,,'',0,7000,,'',0,3000,,'',0,7000,,'',0,3000,,'',0,7000,,'',0,3000,,'',0,7000,,'',0,3000,,'',0,7000,,'',0,3000,,'',0,7000,,'',0,3000,,'',0,7000,,'',0,3000,,'',0,7000,,'',0,3000,,'',0,7000,,'',0,10000,,'',0,10000,,'',0
'1221',647703,65700,4,'',0,7000,4,'',0,3000,4,'',0,7000,4,'',0,3000,4,'',0,7000,4,'',0,3000,4,'',0,7000,4,'',0,3000,4,'',0,7000,4,'',0,3000,4,'',0,7000,4,'',0,3000,4,'',0,7000,4,'',0,3000,4,'',0,7000,4,'',0,3000,4,'',0,7000,4,'',0,3000,4,'',0,7000,4,'',0,3000,4,'',0,7000,4,'',0,3000,4,'',0,7000,4,'',0,3000,4,'',0,7000,4,'',0,3000,4,'',0,7000,4,'',0,3000,4,'',0,10000,4,'',0,10000,4,'',0,10000,4,'',0
'1221',647704,60000,,'',0,10000,,'',0,3000,,'',0,7000,,'',0,3000,,'',0,7000,,'',0,3000,,'',0,7000,,'',0,3000,,'',0,7000,,'',0,3000,,'',0,7000,,'',0,3000,,'',0,7000,,'',0,3000,,'',0,7000,,'',0,3000,,'',0,7000,,'',0,3000,,'',0,7000,,'',0,3000,,'',0,7000,,'',0,3000,,'',0,7000,,'',0,3000,,'',0,7000,,'',0,3000,,'',0,7000,,'',0,3000,,'',0,7000,,'',0,10000,,'',0,10000,,'',0
'1222',647703,65700,4,'',0,7000,4,'',0,3000,4,'',0,7000,4,'',0,3000,4,'',0,7000,4,'',0,3000,4,'',0,7000,4,'',0,3000,4,'',0,7000,4,'',0,3000,4,'',0,7000,4,'',0,3000,4,'',0,7000,4,'',0,3000,4,'',0,7000,4,'',0,3000,4,'',0,7000,4,'',0,3000,4,'',0,7000,4,'',0,3000,4,'',0,7000,4,'',0,3000,4,'',0,7000,4,'',0,3000,4,'',0,7000,4,'',0,3000,4,'',0,7000,4,'',0,3000,4,'',0,10000,4,'',0,10000,4,'',0,10000,4,'',0
'1222',647704,60000,,'',0,10000,,'',0,3000,,'',0,7000,,'',0,3000,,'',0,7000,,'',0,3000,,'',0,7000,,'',0,3000,,'',0,7000,,'',0,3000,,'',0,7000,,'',0,3000,,'',0,7000,,'',0,3000,,'',0,7000,,'',0,3000,,'',0,7000,,'',0,3000,,'',0,7000,,'',0,3000,,'',0,7000,,'',0,3000,,'',0,7000,,'',0,3000,,'',0,7000,,'',0,3000,,'',0,7000,,'',0,3000,,'',0,7000,,'',0,10000,,'',0,10000,,'',0
'1223',647703,65700,4,'',0,7000,4,'',0,3000,4,'',0,7000,4,'',0,3000,4,'',0,7000,4,'',0,3000,4,'',0,7000,4,'',0,3000,4,'',0,7000,4,'',0,3000,4,'',0,7000,4,'',0,3000,4,'',0,7000,4,'',0,3000,4,'',0,7000,4,'',0,3000,4,'',0,7000,4,'',0,3000,4,'',0,7000,4,'',0,3000,4,'',0,7000,4,'',0,3000,4,'',0,7000,4,'',0,3000,4,'',0,7000,4,'',0,3000,4,'',0,7000,4,'',0,3000,4,'',0,10000,4,'',0,10000,4,'',0,10000,4,'',0
'1223',647704,60000,,'',0,10000,,'',0,3000,,'',0,7000,,'',0,3000,,'',0,7000,,'',0,3000,,'',0,7000,,'',0,3000,,'',0,7000,,'',0,3000,,'',0,7000,,'',0,3000,,'',0,7000,,'',0,3000,,'',0,7000,,'',0,3000,,'',0,7000,,'',0,3000,,'',0,7000,,'',0,3000,,'',0,7000,,'',0,3000,,'',0,7000,,'',0,3000,,'',0,7000,,'',0,3000,,'',0,7000,,'',0,3000,,'',0,7000,,'',0,10000,,'',0,10000,,'',0
'1224',647703,65700,4,'',0,7000,4,'',0,3000,4,'',0,7000,4,'',0,3000,4,'',0,7000,4,'',0,3000,4,'',0,7000,4,'',0,3000,4,'',0,7000,4,'',0,3000,4,'',0,7000,4,'',0,3000,4,'',0,7000,4,'',0,3000,4,'',0,7000,4,'',0,3000,4,'',0,7000,4,'',0,3000,4,'',0,7000,4,'',0,3000,4,'',0,7000,4,'',0,3000,4,'',0,7000,4,'',0,3000,4,'',0,7000,4,'',0,3000,4,'',0,7000,4,'',0,3000,4,'',0,10000,4,'',0,10000,4,'',0,10000,4,'',0
'1224',647704,60000,,'',0,10000,,'',0,3000,,'',0,7000,,'',0,3000,,'',0,7000,,'',0,3000,,'',0,7000,,'',0,3000,,'',0,7000,,'',0,3000,,'',0,7000,,'',0,3000,,'',0,7000,,'',0,3000,,'',0,7000,,'',0,3000,,'',0,7000,,'',0,3000,,'',0,7000,,'',0,3000,,'',0,7000,,'',0,3000,,'',0,7000,,'',0,3000,,'',0,7000,,'',0,3000,,'',0,7000,,'',0,3000,,'',0,7000,,'',0,10000,,'',0,10000,,'',0
