2000,'1341',923,,17315,3,,,0,85,,17314,3,,,0,45,,17313,3,,,0,85,,17312,3,,,0,85,,17311,3,,,0,85,,17310,3,,,0,45,,17309,3,,,0,85,,17308,3,,,0,85,,17307,3,,,0,85,,17306,3,,,0,44,,17305,3,,,0,86,,17304,3,,,0,85,,17303,3,,,0,85,,17302,3,,,0,45,,17301,3,,,0
2000,'1342',623,,17317,3,,,0,85,,17318,3,,,0,45,,17319,3,,,0,85,,17320,3,,,0,15,,17321,3,,,0,70,,17322,3,,,0,80,,17323,3,,,0,30,,17324,3,,,0,70,,17325,3,,,0,30,,17326,3,,,0,80,,17327,3,,,0,30,,17328,3,,,0,70,,17329,3,,,0,30,,17330,3,,,0,80,,17331,3,,,0,30,,17332,3,,,0,70,,17333,3,,,0,30,,17334,3,,,0,80,,17335,3,,,0,70,,17336,3,,,0,30,,17337,3,,,0,70,,17338,3,,,0,40,,17339,3,,,0,75,,17340,3,,,0,85,,17341,3,,,0,45,,17342,3,,,0,85,,17343,3,,,0,85,,17344,3,,,0,85,,17345,3,,,0,45,,17346,3,,,0
2000,'1343',551,,17357,5,,,0,60,,17358,5,,,0,20,,17359,5,,,0,20,,17360,5,,,0,60,,17361,5,,,0,20,,17362,5,,,0,20,,17363,5,,,0,60,,17364,5,,,0,20,,17365,5,,,0,20,,17366,5,,,0,60,,17367,5,,,0,20,,17368,5,,,0,20,,17369,5,,,0,60,,17370,5,,,0,20,,17371,5,,,0,20,,17372,5,,,0,60,,17373,5,,,0,20,,17374,5,,,0,20,,17375,5,,,0,60,,17376,5,,,0,20,,17377,5,,,0,20,,17378,5,,,0,60,,17379,5,,,0,20,,17380,5,,,0,20,,17381,5,,,0,60,,17382,5,,,0,20,,17383,5,,,0,20,,17384,5,,,0,60,,17385,5,,,0,20,,17386,5,,,0,20,,17387,5,,,0,60,,17388,5,,,0,20,,17389,5,,,0,20,,17390,5,,,0,60,,17391,5,,,0,20,,17392,5,,,0,20,,17393,5,,,0,60,,17394,5,,,0,17,,17347,3,,,0,80,,17348,3,,,0,45,,17349,3,,,0,85,,17350,3,,,0,85,,17351,3,,,0,85,,17352,3,,,0,45,,17353,3,,,0,85,,17354,3,,,0,85,,17355,3,,,0
2000,'1344',551,,17405,5,,,0,60,,17406,5,,,0,20,,17407,5,,,0,20,,17408,5,,,0,60,,17409,5,,,0,20,,17410,5,,,0,20,,17411,5,,,0,60,,17412,5,,,0,20,,17413,5,,,0,20,,17414,5,,,0,60,,17415,5,,,0,20,,17416,5,,,0,20,,17417,5,,,0,60,,17418,5,,,0,20,,17419,5,,,0,20,,17420,5,,,0,60,,17421,5,,,0,20,,17422,5,,,0,20,,17423,5,,,0,60,,17424,5,,,0,20,,17425,5,,,0,20,,17426,5,,,0,60,,17427,5,,,0,20,,17428,5,,,0,20,,17429,5,,,0,60,,17430,5,,,0,20,,17431,5,,,0,20,,17432,5,,,0,60,,17433,5,,,0,20,,17434,5,,,0,20,,17435,5,,,0,60,,17436,5,,,0,20,,17437,5,,,0,20,,17438,5,,,0,60,,17439,5,,,0,20,,17440,5,,,0,20,,17441,5,,,0,60,,17442,5,,,0,17,,17395,3,,,0,80,,17396,3,,,0,45,,17397,3,,,0,85,,17398,3,,,0,85,,17399,3,,,0,85,,17400,3,,,0,45,,17401,3,,,0,85,,17402,3,,,0,85,,17403,3,,,0
2000,'1345',551,,17453,5,,,0,60,,17454,5,,,0,20,,17455,5,,,0,20,,17456,5,,,0,60,,17457,5,,,0,20,,17458,5,,,0,20,,17459,5,,,0,60,,17460,5,,,0,20,,17461,5,,,0,20,,17462,5,,,0,60,,17463,5,,,0,20,,17464,5,,,0,20,,17465,5,,,0,60,,17466,5,,,0,20,,17467,5,,,0,20,,17468,5,,,0,60,,17469,5,,,0,20,,17470,5,,,0,20,,17471,5,,,0,60,,17472,5,,,0,20,,17473,5,,,0,20,,17474,5,,,0,60,,17475,5,,,0,20,,17476,5,,,0,20,,17477,5,,,0,60,,17478,5,,,0,20,,17479,5,,,0,20,,17480,5,,,0,60,,17481,5,,,0,20,,17482,5,,,0,20,,17483,5,,,0,60,,17484,5,,,0,20,,17485,5,,,0,20,,17486,5,,,0,60,,17487,5,,,0,20,,17488,5,,,0,20,,17489,5,,,0,60,,17490,5,,,0,17,,17443,3,,,0,80,,17444,3,,,0,45,,17445,3,,,0,85,,17446,3,,,0,85,,17447,3,,,0,85,,17448,3,,,0,45,,17449,3,,,0,85,,17450,3,,,0,85,,17451,3,,,0
2000,'1346',551,,17501,5,,,0,60,,17502,5,,,0,20,,17503,5,,,0,20,,17504,5,,,0,60,,17505,5,,,0,20,,17506,5,,,0,20,,17507,5,,,0,60,,17508,5,,,0,20,,17509,5,,,0,20,,17510,5,,,0,60,,17511,5,,,0,20,,17512,5,,,0,20,,17513,5,,,0,60,,17514,5,,,0,20,,17515,5,,,0,20,,17516,5,,,0,60,,17517,5,,,0,20,,17518,5,,,0,20,,17519,5,,,0,60,,17520,5,,,0,20,,17521,5,,,0,20,,17522,5,,,0,60,,17523,5,,,0,20,,17524,5,,,0,20,,17525,5,,,0,60,,17526,5,,,0,20,,17527,5,,,0,20,,17528,5,,,0,60,,17529,5,,,0,20,,17530,5,,,0,20,,17531,5,,,0,60,,17532,5,,,0,20,,17533,5,,,0,20,,17534,5,,,0,60,,17535,5,,,0,20,,17536,5,,,0,20,,17537,5,,,0,60,,17538,5,,,0,17,,17491,3,,,0,80,,17492,3,,,0,45,,17493,3,,,0,85,,17494,3,,,0,85,,17495,3,,,0,85,,17496,3,,,0,45,,17497,3,,,0,85,,17498,3,,,0,85,,17499,3,,,0
2000,'1347',551,,17549,5,,,0,60,,17550,5,,,0,20,,17551,5,,,0,20,,17552,5,,,0,60,,17553,5,,,0,20,,17554,5,,,0,20,,17555,5,,,0,60,,17556,5,,,0,20,,17557,5,,,0,20,,17558,5,,,0,60,,17559,5,,,0,20,,17560,5,,,0,20,,17561,5,,,0,60,,17562,5,,,0,20,,17563,5,,,0,20,,17564,5,,,0,60,,17565,5,,,0,20,,17566,5,,,0,20,,17567,5,,,0,60,,17568,5,,,0,20,,17569,5,,,0,20,,17570,5,,,0,60,,17571,5,,,0,20,,17572,5,,,0,20,,17573,5,,,0,60,,17574,5,,,0,20,,17575,5,,,0,20,,17576,5,,,0,60,,17577,5,,,0,20,,17578,5,,,0,20,,17579,5,,,0,60,,17580,5,,,0,20,,17581,5,,,0,20,,17582,5,,,0,60,,17583,5,,,0,20,,17584,5,,,0,20,,17585,5,,,0,60,,17586,5,,,0,17,,17539,3,,,0,80,,17540,3,,,0,45,,17541,3,,,0,85,,17542,3,,,0,85,,17543,3,,,0,85,,17544,3,,,0,45,,17545,3,,,0,85,,17546,3,,,0,85,,17547,3,,,0
2801,'1342',812,,17993,8,,,0,110,,17994,8,,,0,110,,17995,8,,,0,110,,17996,8,,,0,110,,17997,8,,,0,150,,17998,8,,,0,110,,17999,8,,,0,110,,18000,8,,,0,110,,18001,8,,,0,110,,18002,8,,,0
2801,'1343',637,,18003,8,,,0,75,,18004,8,,,0,35,,18005,8,,,0,75,,18006,8,,,0,35,,18007,8,,,0,75,,18008,8,,,0,75,,18009,8,,,0,35,,18010,8,,,0,75,,18011,8,,,0,35,,18012,8,,,0,75,,18013,8,,,0,75,,18014,8,,,0,35,,18015,8,,,0,75,,18016,8,,,0,35,,18017,8,,,0,75,,18018,8,,,0,35,,18019,8,,,0,75,,18020,8,,,0,75,,18021,8,,,0,35,,18022,8,,,0,75,,18023,8,,,0,35,,18024,8,,,0,75,,18025,8,,,0
2801,'1344',637,,18026,8,,,0,75,,18027,8,,,0,35,,18028,8,,,0,75,,18029,8,,,0,35,,18030,8,,,0,75,,18031,8,,,0,75,,18032,8,,,0,35,,18033,8,,,0,75,,18034,8,,,0,35,,18035,8,,,0,75,,18036,8,,,0,75,,18037,8,,,0,35,,18038,8,,,0,75,,18039,8,,,0,35,,18040,8,,,0,75,,18041,8,,,0,35,,18042,8,,,0,75,,18043,8,,,0,75,,18044,8,,,0,35,,18045,8,,,0,75,,18046,8,,,0,35,,18047,8,,,0,75,,18048,8,,,0
2801,'1345',637,,18049,8,,,0,75,,18050,8,,,0,35,,18051,8,,,0,75,,18052,8,,,0,35,,18053,8,,,0,75,,18054,8,,,0,75,,18055,8,,,0,35,,18056,8,,,0,75,,18057,8,,,0,35,,18058,8,,,0,75,,18059,8,,,0,75,,18060,8,,,0,35,,18061,8,,,0,75,,18062,8,,,0,35,,18063,8,,,0,75,,18064,8,,,0,35,,18065,8,,,0,75,,18066,8,,,0,75,,18067,8,,,0,35,,18068,8,,,0,75,,18069,8,,,0,35,,18070,8,,,0,75,,18071,8,,,0
2801,'1346',637,,18072,8,,,0,75,,18073,8,,,0,35,,18074,8,,,0,75,,18075,8,,,0,35,,18076,8,,,0,75,,18077,8,,,0,75,,18078,8,,,0,35,,18079,8,,,0,75,,18080,8,,,0,35,,18081,8,,,0,75,,18082,8,,,0,75,,18083,8,,,0,35,,18084,8,,,0,75,,18085,8,,,0,35,,18086,8,,,0,75,,18087,8,,,0,35,,18088,8,,,0,75,,18089,8,,,0,75,,18090,8,,,0,35,,18091,8,,,0,75,,18092,8,,,0,35,,18093,8,,,0,75,,18094,8,,,0
2801,'1347',637,,18095,8,,,0,75,,18096,8,,,0,35,,18097,8,,,0,75,,18098,8,,,0,35,,18099,8,,,0,75,,18100,8,,,0,75,,18101,8,,,0,35,,18102,8,,,0,75,,18103,8,,,0,35,,18104,8,,,0,75,,18105,8,,,0,75,,18106,8,,,0,35,,18107,8,,,0,75,,18108,8,,,0,35,,18109,8,,,0,75,,18110,8,,,0,35,,18111,8,,,0,75,,18112,8,,,0,75,,18113,8,,,0,35,,18114,8,,,0,75,,18115,8,,,0,35,,18116,8,,,0,75,,18117,8,,,0
