647704,'1355',925,,34148,35,0,14,0,100,,34147,35,0,14,0,30,,34146,35,0,14,0,70,,34145,35,0,14,0,30,,34144,35,0,14,0,70,,34143,35,0,14,0,30,,34142,35,0,14,0,70,,34141,35,0,14,0,30,,34140,35,0,14,0,70,,34139,35,0,14,0,30,,34138,35,0,14,0,70,,34137,35,0,14,0,30,,34136,35,0,14,0,70,,34135,35,0,14,0,30,,34134,35,0,14,0,70,,34133,35,0,14,0,30,,34132,35,0,14,0,70,,34131,35,0,14,0,100,,34130,35,0,14,0
647704,'1356',825,,34149,35,0,14,0,100,,34150,35,0,14,0,30,,34151,35,0,14,0,70,,34152,35,0,14,0,30,,34153,35,0,14,0,70,,34154,35,0,14,0,30,,34155,35,0,14,0,70,,34156,35,0,14,0,30,,34157,35,0,14,0,70,,34158,35,0,14,0,30,,34159,35,0,14,0,70,,34160,35,0,14,0,30,,34161,35,0,14,0,70,,34162,35,0,14,0,30,,34163,35,0,14,0,70,,34164,35,0,14,0,30,,34165,35,0,14,0,70,,34166,35,0,14,0,30,,34167,35,0,14,0,70,,34168,35,0,14,0,30,,34169,35,0,14,0,70,,34170,35,0,14,0,30,,34171,35,0,14,0,70,,34172,35,0,14,0,100,,34173,35,0,14,0,100,,34174,35,0,14,0
647704,'1357',625,,34175,35,0,14,0,100,,34176,35,0,14,0,30,,34177,35,0,14,0,70,,34178,35,0,14,0,30,,34179,35,0,14,0,70,,34180,35,0,14,0,30,,34181,35,0,14,0,70,,34182,35,0,14,0,30,,34183,35,0,14,0,70,,34184,35,0,14,0,30,,34185,35,0,14,0,70,,34186,35,0,14,0,30,,34187,35,0,14,0,70,,34188,35,0,14,0,30,,34189,35,0,14,0,70,,34190,35,0,14,0,30,,34191,35,0,14,0,70,,34192,35,0,14,0,30,,34193,35,0,14,0,70,,34194,35,0,14,0,30,,34195,35,0,14,0,70,,34196,35,0,14,0,30,,34197,35,0,14,0,70,,34198,35,0,14,0,30,,34199,35,0,14,0,70,,34200,35,0,14,0,30,,34201,35,0,14,0,70,,34202,35,0,14,0,30,,34203,35,0,14,0,70,,34204,35,0,14,0,100,,34205,35,0,14,0,100,,34206,35,0,14,0
647704,'1358',625,,34207,35,0,14,0,100,,34208,35,0,14,0,30,,34209,35,0,14,0,70,,34210,35,0,14,0,30,,34211,35,0,14,0,70,,34212,35,0,14,0,30,,34213,35,0,14,0,70,,34214,35,0,14,0,30,,34215,35,0,14,0,70,,34216,35,0,14,0,30,,34217,35,0,14,0,70,,34218,35,0,14,0,30,,34219,35,0,14,0,70,,34220,35,0,14,0,30,,34221,35,0,14,0,70,,34222,35,0,14,0,30,,34223,35,0,14,0,70,,34224,35,0,14,0,30,,34225,35,0,14,0,70,,34226,35,0,14,0,30,,34227,35,0,14,0,70,,34228,35,0,14,0,30,,34229,35,0,14,0,70,,34230,35,0,14,0,30,,34231,35,0,14,0,70,,34232,35,0,14,0,30,,34233,35,0,14,0,70,,34234,35,0,14,0,30,,34235,35,0,14,0,70,,34236,35,0,14,0,100,,34237,35,0,14,0,100,,34238,35,0,14,0
647704,'1359',625,,34239,35,0,14,0,100,,34240,35,0,14,0,30,,34241,35,0,14,0,70,,34242,35,0,14,0,30,,34243,35,0,14,0,70,,34244,35,0,14,0,30,,34245,35,0,14,0,70,,34246,35,0,14,0,30,,34247,35,0,14,0,70,,34248,35,0,14,0,30,,34249,35,0,14,0,70,,34250,35,0,14,0,30,,34251,35,0,14,0,70,,34252,35,0,14,0,30,,34253,35,0,14,0,70,,34254,35,0,14,0,30,,34255,35,0,14,0,70,,34256,35,0,14,0,30,,34257,35,0,14,0,70,,34258,35,0,14,0,30,,34259,35,0,14,0,70,,34260,35,0,14,0,30,,34261,35,0,14,0,70,,34262,35,0,14,0,30,,34263,35,0,14,0,70,,34264,35,0,14,0,30,,34265,35,0,14,0,70,,34266,35,0,14,0,30,,34267,35,0,14,0,70,,34268,35,0,14,0,100,,34269,35,0,14,0,100,,34270,35,0,14,0
647704,'1360',625,,34271,35,0,14,0,100,,34272,35,0,14,0,30,,34273,35,0,14,0,70,,34274,35,0,14,0,30,,34275,35,0,14,0,70,,34276,35,0,14,0,30,,34277,35,0,14,0,70,,34278,35,0,14,0,30,,34279,35,0,14,0,70,,34280,35,0,14,0,30,,34281,35,0,14,0,70,,34282,35,0,14,0,30,,34283,35,0,14,0,70,,34284,35,0,14,0,30,,34285,35,0,14,0,70,,34286,35,0,14,0,30,,34287,35,0,14,0,70,,34288,35,0,14,0,30,,34289,35,0,14,0,70,,34290,35,0,14,0,30,,34291,35,0,14,0,70,,34292,35,0,14,0,30,,34293,35,0,14,0,70,,34294,35,0,14,0,30,,34295,35,0,14,0,70,,34296,35,0,14,0,30,,34297,35,0,14,0,70,,34298,35,0,14,0,30,,34299,35,0,14,0,70,,34300,35,0,14,0,100,,34301,35,0,14,0,100,,34302,35,0,14,0
647704,'1361',625,,34303,35,0,14,0,100,,34304,35,0,14,0,30,,34305,35,0,14,0,70,,34306,35,0,14,0,30,,34307,35,0,14,0,70,,34308,35,0,14,0,30,,34309,35,0,14,0,70,,34310,35,0,14,0,30,,34311,35,0,14,0,70,,34312,35,0,14,0,30,,34313,35,0,14,0,70,,34314,35,0,14,0,30,,34315,35,0,14,0,70,,34316,35,0,14,0,30,,34317,35,0,14,0,70,,34318,35,0,14,0,30,,34319,35,0,14,0,70,,34320,35,0,14,0,30,,34321,35,0,14,0,70,,34322,35,0,14,0,30,,34323,35,0,14,0,70,,34324,35,0,14,0,30,,34325,35,0,14,0,70,,34326,35,0,14,0,30,,34327,35,0,14,0,70,,34328,35,0,14,0,30,,34329,35,0,14,0,70,,34330,35,0,14,0,30,,34331,35,0,14,0,70,,34332,35,0,14,0,100,,34333,35,0,14,0,100,,34334,35,0,14,0
721501,'1355',926,,35544,26,0,17,0,100,,35543,26,0,17,0,100,,35542,26,0,17,0,100,,35541,26,0,17,0,100,,35540,26,0,17,0,100,,35539,26,0,17,0,100,,35538,26,0,17,0,100,,35537,26,0,17,0,100,,35536,26,0,17,0,100,,35535,26,0,17,0,100,,35534,26,0,17,0
721501,'1356',726,,35545,26,0,17,0,100,,35546,26,0,17,0,100,,35547,26,0,17,0,100,,35548,26,0,17,0,100,,35549,26,0,17,0,100,,35550,26,0,17,0,30,,35551,26,0,17,0,70,,35552,26,0,17,0,30,,35553,26,0,17,0,70,,35554,26,0,17,0,30,,35555,26,0,17,0,70,,35556,26,0,17,0,30,,35557,26,0,17,0,70,,35558,26,0,17,0,30,,35559,26,0,17,0,70,,35560,26,0,17,0,30,,35561,26,0,17,0,70,,35562,26,0,17,0,100,,35563,26,0,17,0
721501,'1357',726,,35564,26,0,17,0,30,,35565,26,0,17,0,70,,35566,26,0,17,0,30,,35567,26,0,17,0,70,,35568,26,0,17,0,30,,35569,26,0,17,0,70,,35570,26,0,17,0,30,,35571,26,0,17,0,70,,35572,26,0,17,0,30,,35573,26,0,17,0,70,,35574,26,0,17,0,30,,35575,26,0,17,0,70,,35576,26,0,17,0,30,,35577,26,0,17,0,70,,35578,26,0,17,0,30,,35579,26,0,17,0,70,,35580,26,0,17,0,30,,35581,26,0,17,0,70,,35582,26,0,17,0,30,,35583,26,0,17,0,70,,35584,26,0,17,0,30,,35585,26,0,17,0,70,,35586,26,0,17,0,30,,35587,26,0,17,0,70,,35588,26,0,17,0,100,,35589,26,0,17,0,100,,35590,26,0,17,0,100,,35591,26,0,17,0
721501,'1358',726,,35592,26,0,17,0,30,,35593,26,0,17,0,70,,35594,26,0,17,0,30,,35595,26,0,17,0,70,,35596,26,0,17,0,30,,35597,26,0,17,0,70,,35598,26,0,17,0,30,,35599,26,0,17,0,70,,35600,26,0,17,0,30,,35601,26,0,17,0,70,,35602,26,0,17,0,30,,35603,26,0,17,0,70,,35604,26,0,17,0,30,,35605,26,0,17,0,70,,35606,26,0,17,0,30,,35607,26,0,17,0,70,,35608,26,0,17,0,30,,35609,26,0,17,0,70,,35610,26,0,17,0,30,,35611,26,0,17,0,70,,35612,26,0,17,0,30,,35613,26,0,17,0,70,,35614,26,0,17,0,30,,35615,26,0,17,0,70,,35616,26,0,17,0,100,,35617,26,0,17,0,100,,35618,26,0,17,0,100,,35619,26,0,17,0
721501,'1359',726,,35620,26,0,17,0,30,,35621,26,0,17,0,70,,35622,26,0,17,0,30,,35623,26,0,17,0,70,,35624,26,0,17,0,30,,35625,26,0,17,0,70,,35626,26,0,17,0,30,,35627,26,0,17,0,70,,35628,26,0,17,0,30,,35629,26,0,17,0,70,,35630,26,0,17,0,30,,35631,26,0,17,0,70,,35632,26,0,17,0,30,,35633,26,0,17,0,70,,35634,26,0,17,0,30,,35635,26,0,17,0,70,,35636,26,0,17,0,30,,35637,26,0,17,0,70,,35638,26,0,17,0,30,,35639,26,0,17,0,70,,35640,26,0,17,0,30,,35641,26,0,17,0,70,,35642,26,0,17,0,30,,35643,26,0,17,0,70,,35644,26,0,17,0,100,,35645,26,0,17,0,100,,35646,26,0,17,0,100,,35647,26,0,17,0
721501,'1360',726,,35648,26,0,17,0,30,,35649,26,0,17,0,70,,35650,26,0,17,0,30,,35651,26,0,17,0,70,,35652,26,0,17,0,30,,35653,26,0,17,0,70,,35654,26,0,17,0,30,,35655,26,0,17,0,70,,35656,26,0,17,0,30,,35657,26,0,17,0,70,,35658,26,0,17,0,30,,35659,26,0,17,0,70,,35660,26,0,17,0,30,,35661,26,0,17,0,70,,35662,26,0,17,0,30,,35663,26,0,17,0,70,,35664,26,0,17,0,30,,35665,26,0,17,0,70,,35666,26,0,17,0,30,,35667,26,0,17,0,70,,35668,26,0,17,0,30,,35669,26,0,17,0,70,,35670,26,0,17,0,30,,35671,26,0,17,0,70,,35672,26,0,17,0,100,,35673,26,0,17,0,100,,35674,26,0,17,0,100,,35675,26,0,17,0
721501,'1361',726,,35676,26,0,17,0,30,,35677,26,0,17,0,70,,35678,26,0,17,0,30,,35679,26,0,17,0,70,,35680,26,0,17,0,30,,35681,26,0,17,0,70,,35682,26,0,17,0,30,,35683,26,0,17,0,70,,35684,26,0,17,0,30,,35685,26,0,17,0,70,,35686,26,0,17,0,30,,35687,26,0,17,0,70,,35688,26,0,17,0,30,,35689,26,0,17,0,70,,35690,26,0,17,0,30,,35691,26,0,17,0,70,,35692,26,0,17,0,30,,35693,26,0,17,0,70,,35694,26,0,17,0,30,,35695,26,0,17,0,70,,35696,26,0,17,0,30,,35697,26,0,17,0,70,,35698,26,0,17,0,30,,35699,26,0,17,0,70,,35700,26,0,17,0,100,,35701,26,0,17,0,100,,35702,26,0,17,0,100,,35703,26,0,17,0
721502,'1355',921,,35714,26,0,16,0,100,,35713,26,0,16,0,100,,35712,26,0,16,0,100,,35711,26,0,16,0,100,,35710,26,0,16,0,100,,35709,26,0,16,0,100,,35708,26,0,16,0,100,,35707,26,0,16,0,100,,35706,26,0,16,0,100,,35705,26,0,16,0,100,,35704,26,0,16,0
721502,'1356',721,,35715,26,0,16,0,100,,35716,26,0,16,0,100,,35717,26,0,16,0,100,,35718,26,0,16,0,100,,35719,26,0,16,0,100,,35720,26,0,16,0,100,,35721,26,0,16,0,30,,35722,26,0,16,0,70,,35723,26,0,16,0,30,,35724,26,0,16,0,70,,35725,26,0,16,0,30,,35726,26,0,16,0,70,,35727,26,0,16,0,30,,35728,26,0,16,0,70,,35729,26,0,16,0,30,,35730,26,0,16,0,70,,35731,26,0,16,0,30,,35732,26,0,16,0,70,,35733,26,0,16,0
721502,'1357',721,,35735,26,0,16,0,30,,35736,26,0,16,0,70,,35737,26,0,16,0,30,,35738,26,0,16,0,70,,35739,26,0,16,0,30,,35740,26,0,16,0,70,,35741,26,0,16,0,30,,35742,26,0,16,0,70,,35743,26,0,16,0,30,,35744,26,0,16,0,70,,35745,26,0,16,0,30,,35746,26,0,16,0,70,,35747,26,0,16,0,30,,35748,26,0,16,0,70,,35749,26,0,16,0,30,,35750,26,0,16,0,70,,35751,26,0,16,0,30,,35752,26,0,16,0,70,,35753,26,0,16,0,30,,35754,26,0,16,0,70,,35755,26,0,16,0,30,,35756,26,0,16,0,70,,35757,26,0,16,0,30,,35758,26,0,16,0,70,,35759,26,0,16,0,100,,35760,26,0,16,0,100,,35761,26,0,16,0,100,,35762,26,0,16,0
721502,'1358',721,,35764,26,0,16,0,30,,35765,26,0,16,0,70,,35766,26,0,16,0,30,,35767,26,0,16,0,70,,35768,26,0,16,0,30,,35769,26,0,16,0,70,,35770,26,0,16,0,30,,35771,26,0,16,0,70,,35772,26,0,16,0,30,,35773,26,0,16,0,70,,35774,26,0,16,0,30,,35775,26,0,16,0,70,,35776,26,0,16,0,30,,35777,26,0,16,0,70,,35778,26,0,16,0,30,,35779,26,0,16,0,70,,35780,26,0,16,0,30,,35781,26,0,16,0,70,,35782,26,0,16,0,30,,35783,26,0,16,0,70,,35784,26,0,16,0,30,,35785,26,0,16,0,70,,35786,26,0,16,0,30,,35787,26,0,16,0,70,,35788,26,0,16,0,100,,35789,26,0,16,0,100,,35790,26,0,16,0,100,,35791,26,0,16,0
721502,'1359',721,,35793,26,0,16,0,30,,35794,26,0,16,0,70,,35795,26,0,16,0,30,,35796,26,0,16,0,70,,35797,26,0,16,0,30,,35798,26,0,16,0,70,,35799,26,0,16,0,30,,35800,26,0,16,0,70,,35801,26,0,16,0,30,,35802,26,0,16,0,70,,35803,26,0,16,0,30,,35804,26,0,16,0,70,,35805,26,0,16,0,30,,35806,26,0,16,0,70,,35807,26,0,16,0,30,,35808,26,0,16,0,70,,35809,26,0,16,0,30,,35810,26,0,16,0,70,,35811,26,0,16,0,30,,35812,26,0,16,0,70,,35813,26,0,16,0,30,,35814,26,0,16,0,70,,35815,26,0,16,0,30,,35816,26,0,16,0,70,,35817,26,0,16,0,100,,35818,26,0,16,0,100,,35819,26,0,16,0,100,,35820,26,0,16,0
721502,'1360',721,,35822,26,0,16,0,30,,35823,26,0,16,0,70,,35824,26,0,16,0,30,,35825,26,0,16,0,70,,35826,26,0,16,0,30,,35827,26,0,16,0,70,,35828,26,0,16,0,30,,35829,26,0,16,0,70,,35830,26,0,16,0,30,,35831,26,0,16,0,70,,35832,26,0,16,0,30,,35833,26,0,16,0,70,,35834,26,0,16,0,30,,35835,26,0,16,0,70,,35836,26,0,16,0,30,,35837,26,0,16,0,70,,35838,26,0,16,0,30,,35839,26,0,16,0,70,,35840,26,0,16,0,30,,35841,26,0,16,0,70,,35842,26,0,16,0,30,,35843,26,0,16,0,70,,35844,26,0,16,0,30,,35845,26,0,16,0,70,,35846,26,0,16,0,100,,35847,26,0,16,0,100,,35848,26,0,16,0,100,,35849,26,0,16,0
721502,'1361',721,,35851,26,0,16,0,30,,35852,26,0,16,0,70,,35853,26,0,16,0,30,,35854,26,0,16,0,70,,35855,26,0,16,0,30,,35856,26,0,16,0,70,,35857,26,0,16,0,30,,35858,26,0,16,0,70,,35859,26,0,16,0,30,,35860,26,0,16,0,70,,35861,26,0,16,0,30,,35862,26,0,16,0,70,,35863,26,0,16,0,30,,35864,26,0,16,0,70,,35865,26,0,16,0,30,,35866,26,0,16,0,70,,35867,26,0,16,0,30,,35868,26,0,16,0,70,,35869,26,0,16,0,30,,35870,26,0,16,0,70,,35871,26,0,16,0,30,,35872,26,0,16,0,70,,35873,26,0,16,0,30,,35874,26,0,16,0,70,,35875,26,0,16,0,100,,35876,26,0,16,0,100,,35877,26,0,16,0,100,,35878,26,0,16,0
