'1114',1600,105600,4,'',0,7000,4,'',0,8500,4,'',0,3000,4,'',0,7000,4,'',0,3000,4,'',0,7000,4,'',0,3000,4,'',0,7000,4,'',0,3000,4,'',0,7000,4,'',0,3000,4,'',0,7000,4,'',0,2000,4,'',0,1000,4,'',0,7000,4,'',0,2000,4,'',0,1000,4,'',0,7000,4,'',0,3000,4,'',0,7000,4,'',0
'1114',1601,100500,0,'Transway1A',0,3000,0,'Transway1A',0,8500,0,'Transway1A',0,3000,0,'Transway1A',0,7000,0,'Transway1A',0,3000,0,'Transway1A',0,7000,0,'Transway1A',0,3000,0,'Transway1A',0,7000,0,'Transway1A',0,3000,0,'Transway1A',0,7000,0,'Transway1A',0,3000,0,'Transway1A',0,7000,0,'Transway1A',0,3000,0,'Transway1A',0,7000,0,'Transway1A',0,3000,0,'Transway1A',0,7000,0,'Transway1A',0,3000,0,'Transway1A',0,7000,0,'Transway1A',0
'1115',1600,74300,4,'',0,7000,4,'',0,3000,4,'',0,7000,4,'',0,3000,4,'',0,7000,4,'',0,3000,4,'',0,7000,4,'',0,2000,4,'',0,2000,4,'',0,6000,4,'',0,2000,4,'',0,2000,4,'',0,6000,4,'',0,2000,4,'',0,2000,4,'',0,6000,4,'',0,2000,4,'',0,2000,4,'',0,6000,4,'',0,2000,4,'',0,2000,4,'',0,6000,4,'',0,2000,4,'',0,2000,4,'',0,6000,4,'',0,2000,4,'',0,2000,4,'',0,6000,4,'',0,2000,4,'',0,500,4,'',0,1500,4,'',0,6000,4,'',0,3000,4,'',0,7000,4,'',0,3000,4,'',0,7000,4,'',0,3000,4,'',0,7000,4,'',0,10000,4,'',0
'1115',1601,65000,0,'Transway1A',0,7000,0,'Transway1A',0,3000,0,'Transway1A',0,7000,0,'Transway1A',0,3000,0,'Transway1A',0,7000,0,'Transway1A',0,3000,0,'Transway1A',0,7000,0,'Transway1A',0,2000,0,'Transway1A',0,6000,0,'Transway1A',0,2000,0,'Transway1A',0,2000,0,'Transway1A',0,6000,0,'Transway1A',0,2000,0,'Transway1A',0,2000,0,'Transway1A',0,6000,0,'Transway1A',0,2000,0,'Transway1A',0,2000,0,'Transway1A',0,6000,0,'Transway1A',0,2000,0,'Transway1A',0,2000,0,'Transway1A',0,6000,0,'Transway1A',0,2000,0,'Transway1A',0,2000,0,'Transway1A',0,6000,0,'Transway1A',0,2000,0,'Transway1A',0,2000,0,'Transway1A',0,6000,0,'Transway1A',0,2000,0,'Transway1A',0,2000,0,'Transway1A',0,6000,0,'Transway1A',0,2200,0,'Transway1A',0,3000,0,'Transway1A',0,7000,0,'Transway1A',0,3000,0,'Transway1A',0,7000,0,'Transway1A',0,3000,0,'Transway1A',0,7000,0,'Transway1A',0,10000,0,'Transway1A',0
'1116',1600,105600,4,'',0,7000,4,'',0,8500,4,'',0,3000,4,'',0,7000,4,'',0,3000,4,'',0,7000,4,'',0,3000,4,'',0,7000,4,'',0,3000,4,'',0,7000,4,'',0,3000,4,'',0,7000,4,'',0,2000,4,'',0,1000,4,'',0,7000,4,'',0,2000,4,'',0,1000,4,'',0,7000,4,'',0,3000,4,'',0,7000,4,'',0
'1116',1601,100500,0,'Transway1A',0,3000,0,'Transway1A',0,8500,0,'Transway1A',0,3000,0,'Transway1A',0,7000,0,'Transway1A',0,3000,0,'Transway1A',0,7000,0,'Transway1A',0,3000,0,'Transway1A',0,7000,0,'Transway1A',0,3000,0,'Transway1A',0,7000,0,'Transway1A',0,3000,0,'Transway1A',0,7000,0,'Transway1A',0,3000,0,'Transway1A',0,7000,0,'Transway1A',0,3000,0,'Transway1A',0,7000,0,'Transway1A',0,3000,0,'Transway1A',0,7000,0,'Transway1A',0
'1117',1600,65300,4,'',0,7400,4,'',0,3100,4,'',0,6000,4,'',0,2000,4,'',0,2000,4,'',0,6000,4,'',0,2000,4,'',0,2000,4,'',0,6000,4,'',0,2000,4,'',0,2000,4,'',0,6000,4,'',0,2000,4,'',0,2000,4,'',0,6000,4,'',0,2000,4,'',0,2000,4,'',0,6000,4,'',0,2000,4,'',0,2000,4,'',0,6000,4,'',0,2000,4,'',0,2000,4,'',0,6000,4,'',0,2000,4,'',0,2000,4,'',0,6000,4,'',0,2000,4,'',0,2000,4,'',0,6000,4,'',0,2000,4,'',0,2000,4,'',0,6000,4,'',0,2000,4,'',0,2000,4,'',0,5500,4,'',0,3000,4,'',0,7000,4,'',0,1900,4,'',0,1100,4,'',0,5900,4,'',0,1100,4,'',0,1900,4,'',0,1100,4,'',0,7000,4,'',0,10000,4,'',0
'1117',1601,60000,0,'Transway1A',0,3700,0,'Transway1A',0,7000,0,'Transway1A',0,2000,0,'Transway1A',0,2000,0,'Transway1A',0,6000,0,'Transway1A',0,2000,0,'Transway1A',0,2000,0,'Transway1A',0,6000,0,'Transway1A',0,2000,0,'Transway1A',0,2000,0,'Transway1A',0,6000,0,'Transway1A',0,2000,0,'Transway1A',0,2000,0,'Transway1A',0,6000,0,'Transway1A',0,2000,0,'Transway1A',0,2000,0,'Transway1A',0,6000,0,'Transway1A',0,2000,0,'Transway1A',0,2000,0,'Transway1A',0,6000,0,'Transway1A',0,2000,0,'Transway1A',0,2000,0,'Transway1A',0,6000,0,'Transway1A',0,2000,0,'Transway1A',0,2000,0,'Transway1A',0,6000,0,'Transway1A',0,2000,0,'Transway1A',0,2000,0,'Transway1A',0,6000,0,'Transway1A',0,2000,0,'Transway1A',0,2000,0,'Transway1A',0,6000,0,'Transway1A',0,2000,0,'Transway1A',0,2000,0,'Transway1A',0,6000,0,'Transway1A',0,1500,0,'Transway1A',0,3000,0,'Transway1A',0,7000,0,'Transway1A',0,3000,0,'Transway1A',0,7000,0,'Transway1A',0,3000,0,'Transway1A',0,7000,0,'Transway1A',0,10000,0,'Transway1A',0,10000,0,'Transway1A',0
'1118',1600,65300,4,'',0,7400,4,'',0,3100,4,'',0,6000,4,'',0,2000,4,'',0,2000,4,'',0,6000,4,'',0,2000,4,'',0,2000,4,'',0,6000,4,'',0,2000,4,'',0,2000,4,'',0,6000,4,'',0,2000,4,'',0,2000,4,'',0,6000,4,'',0,2000,4,'',0,2000,4,'',0,6000,4,'',0,2000,4,'',0,2000,4,'',0,6000,4,'',0,2000,4,'',0,2000,4,'',0,6000,4,'',0,2000,4,'',0,2000,4,'',0,6000,4,'',0,2000,4,'',0,2000,4,'',0,6000,4,'',0,2000,4,'',0,2000,4,'',0,6000,4,'',0,2000,4,'',0,2000,4,'',0,5500,4,'',0,3000,4,'',0,7000,4,'',0,3000,4,'',0,7000,4,'',0,3000,4,'',0,7000,4,'',0,10000,4,'',0
'1118',1601,60000,0,'Transway1A',0,3700,0,'Transway1A',0,7000,0,'Transway1A',0,2000,0,'Transway1A',0,2000,0,'Transway1A',0,6000,0,'Transway1A',0,2000,0,'Transway1A',0,2000,0,'Transway1A',0,6000,0,'Transway1A',0,2000,0,'Transway1A',0,2000,0,'Transway1A',0,6000,0,'Transway1A',0,2000,0,'Transway1A',0,2000,0,'Transway1A',0,6000,0,'Transway1A',0,2000,0,'Transway1A',0,2000,0,'Transway1A',0,6000,0,'Transway1A',0,2000,0,'Transway1A',0,2000,0,'Transway1A',0,6000,0,'Transway1A',0,2000,0,'Transway1A',0,2000,0,'Transway1A',0,6000,0,'Transway1A',0,2000,0,'Transway1A',0,2000,0,'Transway1A',0,6000,0,'Transway1A',0,2000,0,'Transway1A',0,2000,0,'Transway1A',0,6000,0,'Transway1A',0,2000,0,'Transway1A',0,2000,0,'Transway1A',0,6000,0,'Transway1A',0,2000,0,'Transway1A',0,2000,0,'Transway1A',0,6000,0,'Transway1A',0,1500,0,'Transway1A',0,3000,0,'Transway1A',0,7000,0,'Transway1A',0,3000,0,'Transway1A',0,7000,0,'Transway1A',0,3000,0,'Transway1A',0,7000,0,'Transway1A',0,10000,0,'Transway1A',0,10000,0,'Transway1A',0
'1119',1600,65300,4,'',0,7400,4,'',0,3100,4,'',0,6000,4,'',0,2000,4,'',0,2000,4,'',0,6000,4,'',0,2000,4,'',0,2000,4,'',0,6000,4,'',0,2000,4,'',0,2000,4,'',0,6000,4,'',0,2000,4,'',0,2000,4,'',0,6000,4,'',0,2000,4,'',0,2000,4,'',0,6000,4,'',0,2000,4,'',0,2000,4,'',0,6000,4,'',0,2000,4,'',0,2000,4,'',0,6000,4,'',0,2000,4,'',0,2000,4,'',0,6000,4,'',0,2000,4,'',0,2000,4,'',0,6000,4,'',0,2000,4,'',0,2000,4,'',0,6000,4,'',0,2000,4,'',0,2000,4,'',0,5500,4,'',0,3000,4,'',0,7000,4,'',0,1900,4,'',0,1100,4,'',0,5900,4,'',0,1100,4,'',0,1900,4,'',0,1100,4,'',0,7000,4,'',0,10000,4,'',0
'1119',1601,60000,0,'Transway1A',0,3700,0,'Transway1A',0,7000,0,'Transway1A',0,2000,0,'Transway1A',0,2000,0,'Transway1A',0,6000,0,'Transway1A',0,2000,0,'Transway1A',0,2000,0,'Transway1A',0,6000,0,'Transway1A',0,2000,0,'Transway1A',0,2000,0,'Transway1A',0,6000,0,'Transway1A',0,2000,0,'Transway1A',0,2000,0,'Transway1A',0,6000,0,'Transway1A',0,2000,0,'Transway1A',0,2000,0,'Transway1A',0,6000,0,'Transway1A',0,2000,0,'Transway1A',0,2000,0,'Transway1A',0,6000,0,'Transway1A',0,2000,0,'Transway1A',0,2000,0,'Transway1A',0,6000,0,'Transway1A',0,2000,0,'Transway1A',0,2000,0,'Transway1A',0,6000,0,'Transway1A',0,2000,0,'Transway1A',0,2000,0,'Transway1A',0,6000,0,'Transway1A',0,2000,0,'Transway1A',0,2000,0,'Transway1A',0,6000,0,'Transway1A',0,2000,0,'Transway1A',0,2000,0,'Transway1A',0,6000,0,'Transway1A',0,1500,0,'Transway1A',0,3000,0,'Transway1A',0,7000,0,'Transway1A',0,3000,0,'Transway1A',0,7000,0,'Transway1A',0,3000,0,'Transway1A',0,7000,0,'Transway1A',0,10000,0,'Transway1A',0,10000,0,'Transway1A',0
'1120',1600,65300,4,'',0,7400,4,'',0,3100,4,'',0,6000,4,'',0,2000,4,'',0,2000,4,'',0,6000,4,'',0,2000,4,'',0,2000,4,'',0,6000,4,'',0,2000,4,'',0,2000,4,'',0,6000,4,'',0,2000,4,'',0,2000,4,'',0,6000,4,'',0,2000,4,'',0,2000,4,'',0,6000,4,'',0,2000,4,'',0,2000,4,'',0,6000,4,'',0,2000,4,'',0,2000,4,'',0,6000,4,'',0,2000,4,'',0,2000,4,'',0,6000,4,'',0,2000,4,'',0,2000,4,'',0,6000,4,'',0,2000,4,'',0,2000,4,'',0,6000,4,'',0,2000,4,'',0,2000,4,'',0,5500,4,'',0,3000,4,'',0,7000,4,'',0,3000,4,'',0,7000,4,'',0,3000,4,'',0,7000,4,'',0,10000,4,'',0
'1120',1601,60000,0,'Transway1A',0,3700,0,'Transway1A',0,7000,0,'Transway1A',0,2000,0,'Transway1A',0,2000,0,'Transway1A',0,6000,0,'Transway1A',0,2000,0,'Transway1A',0,2000,0,'Transway1A',0,6000,0,'Transway1A',0,2000,0,'Transway1A',0,2000,0,'Transway1A',0,6000,0,'Transway1A',0,2000,0,'Transway1A',0,2000,0,'Transway1A',0,6000,0,'Transway1A',0,2000,0,'Transway1A',0,2000,0,'Transway1A',0,6000,0,'Transway1A',0,2000,0,'Transway1A',0,2000,0,'Transway1A',0,6000,0,'Transway1A',0,2000,0,'Transway1A',0,2000,0,'Transway1A',0,6000,0,'Transway1A',0,2000,0,'Transway1A',0,2000,0,'Transway1A',0,6000,0,'Transway1A',0,2000,0,'Transway1A',0,2000,0,'Transway1A',0,6000,0,'Transway1A',0,2000,0,'Transway1A',0,2000,0,'Transway1A',0,6000,0,'Transway1A',0,2000,0,'Transway1A',0,2000,0,'Transway1A',0,6000,0,'Transway1A',0,1500,0,'Transway1A',0,3000,0,'Transway1A',0,7000,0,'Transway1A',0,3000,0,'Transway1A',0,7000,0,'Transway1A',0,3000,0,'Transway1A',0,7000,0,'Transway1A',0,10000,0,'Transway1A',0,10000,0,'Transway1A',0
'1121',1600,65300,4,'',0,7400,4,'',0,3100,4,'',0,6000,4,'',0,2000,4,'',0,2000,4,'',0,6000,4,'',0,2000,4,'',0,2000,4,'',0,6000,4,'',0,2000,4,'',0,2000,4,'',0,6000,4,'',0,2000,4,'',0,2000,4,'',0,6000,4,'',0,2000,4,'',0,2000,4,'',0,6000,4,'',0,2000,4,'',0,2000,4,'',0,6000,4,'',0,2000,4,'',0,2000,4,'',0,6000,4,'',0,2000,4,'',0,2000,4,'',0,6000,4,'',0,2000,4,'',0,2000,4,'',0,6000,4,'',0,2000,4,'',0,2000,4,'',0,6000,4,'',0,2000,4,'',0,2000,4,'',0,5500,4,'',0,3000,4,'',0,7000,4,'',0,3000,4,'',0,7000,4,'',0,3000,4,'',0,7000,4,'',0,10000,4,'',0
'1121',1601,60000,0,'Transway1A',0,3700,0,'Transway1A',0,7000,0,'Transway1A',0,2000,0,'Transway1A',0,2000,0,'Transway1A',0,6000,0,'Transway1A',0,2000,0,'Transway1A',0,2000,0,'Transway1A',0,6000,0,'Transway1A',0,2000,0,'Transway1A',0,2000,0,'Transway1A',0,6000,0,'Transway1A',0,2000,0,'Transway1A',0,2000,0,'Transway1A',0,6000,0,'Transway1A',0,2000,0,'Transway1A',0,2000,0,'Transway1A',0,6000,0,'Transway1A',0,2000,0,'Transway1A',0,2000,0,'Transway1A',0,6000,0,'Transway1A',0,2000,0,'Transway1A',0,2000,0,'Transway1A',0,6000,0,'Transway1A',0,2000,0,'Transway1A',0,2000,0,'Transway1A',0,6000,0,'Transway1A',0,2000,0,'Transway1A',0,2000,0,'Transway1A',0,6000,0,'Transway1A',0,2000,0,'Transway1A',0,2000,0,'Transway1A',0,6000,0,'Transway1A',0,2000,0,'Transway1A',0,2000,0,'Transway1A',0,6000,0,'Transway1A',0,1500,0,'Transway1A',0,3000,0,'Transway1A',0,7000,0,'Transway1A',0,3000,0,'Transway1A',0,7000,0,'Transway1A',0,3000,0,'Transway1A',0,7000,0,'Transway1A',0,10000,0,'Transway1A',0,10000,0,'Transway1A',0
