400101,'1348',1011,,25662,3,0,11,0,35,,25661,3,0,11,0,75,,25660,3,0,11,0,35,,25659,3,0,11,0,75,,25658,3,0,11,0,75,,25657,3,0,11,0,35,,25656,3,0,11,0,75,,25655,3,0,11,0,35,,25654,3,0,11,0,75,,25653,3,0,11,0,75,,25652,3,0,11,0,35,,25651,3,0,11,0,75,,25650,3,0,11,0,35,,25649,3,0,11,0,75,,25648,3,0,11,0,35,,25647,3,0,11,0
400101,'1349',836,,25663,3,0,11,0,75,,25664,3,0,11,0,35,,25665,3,0,11,0,75,,25666,3,0,11,0,35,,25667,3,0,11,0,75,,25668,3,0,11,0,75,,25669,3,0,11,0,35,,25670,3,0,11,0,75,,25671,3,0,11,0,35,,25672,3,0,11,0,75,,25673,3,0,11,0,75,,25674,3,0,11,0,35,,25675,3,0,11,0,75,,25676,3,0,11,0,35,,25677,3,0,11,0,75,,25678,3,0,11,0,35,,25679,3,0,11,0,75,,25680,3,0,11,0,75,,25681,3,0,11,0,35,,25682,3,0,11,0
400101,'1350',736,,25683,3,0,11,0,75,,25684,3,0,11,0,35,,25685,3,0,11,0,75,,25686,3,0,11,0,35,,25687,3,0,11,0,75,,25688,3,0,11,0,75,,25689,3,0,11,0,35,,25690,3,0,11,0,75,,25691,3,0,11,0,35,,25692,3,0,11,0,75,,25693,3,0,11,0,75,,25694,3,0,11,0,35,,25695,3,0,11,0,75,,25696,3,0,11,0,35,,25697,3,0,11,0,75,,25698,3,0,11,0,35,,25699,3,0,11,0,75,,25700,3,0,11,0,75,,25701,3,0,11,0,35,,25702,3,0,11,0,75,,25703,3,0,11,0,35,,25704,3,0,11,0,75,,25705,3,0,11,0,75,,25706,3,0,11,0,35,,25707,3,0,11,0,75,,25708,3,0,11,0,35,,25709,3,0,11,0
400101,'1351',736,,25710,3,0,11,0,75,,25711,3,0,11,0,35,,25712,3,0,11,0,75,,25713,3,0,11,0,35,,25714,3,0,11,0,75,,25715,3,0,11,0,75,,25716,3,0,11,0,35,,25717,3,0,11,0,75,,25718,3,0,11,0,35,,25719,3,0,11,0,75,,25720,3,0,11,0,75,,25721,3,0,11,0,35,,25722,3,0,11,0,75,,25723,3,0,11,0,35,,25724,3,0,11,0,75,,25725,3,0,11,0,35,,25726,3,0,11,0,75,,25727,3,0,11,0,75,,25728,3,0,11,0,35,,25729,3,0,11,0,75,,25730,3,0,11,0,35,,25731,3,0,11,0,75,,25732,3,0,11,0,75,,25733,3,0,11,0,35,,25734,3,0,11,0,75,,25735,3,0,11,0,35,,25736,3,0,11,0
400101,'1352',736,,25737,3,0,11,0,75,,25738,3,0,11,0,35,,25739,3,0,11,0,75,,25740,3,0,11,0,35,,25741,3,0,11,0,75,,25742,3,0,11,0,75,,25743,3,0,11,0,35,,25744,3,0,11,0,75,,25745,3,0,11,0,35,,25746,3,0,11,0,75,,25747,3,0,11,0,75,,25748,3,0,11,0,35,,25749,3,0,11,0,75,,25750,3,0,11,0,35,,25751,3,0,11,0,75,,25752,3,0,11,0,35,,25753,3,0,11,0,75,,25754,3,0,11,0,75,,25755,3,0,11,0,35,,25756,3,0,11,0,75,,25757,3,0,11,0,35,,25758,3,0,11,0,75,,25759,3,0,11,0,75,,25760,3,0,11,0,35,,25761,3,0,11,0,75,,25762,3,0,11,0,35,,25763,3,0,11,0
400101,'1353',736,,25764,3,0,11,0,75,,25765,3,0,11,0,35,,25766,3,0,11,0,75,,25767,3,0,11,0,35,,25768,3,0,11,0,75,,25769,3,0,11,0,75,,25770,3,0,11,0,35,,25771,3,0,11,0,75,,25772,3,0,11,0,35,,25773,3,0,11,0,75,,25774,3,0,11,0,75,,25775,3,0,11,0,35,,25776,3,0,11,0,75,,25777,3,0,11,0,35,,25778,3,0,11,0,75,,25779,3,0,11,0,35,,25780,3,0,11,0,75,,25781,3,0,11,0,75,,25782,3,0,11,0,35,,25783,3,0,11,0,75,,25784,3,0,11,0,35,,25785,3,0,11,0,75,,25786,3,0,11,0,75,,25787,3,0,11,0,35,,25788,3,0,11,0,75,,25789,3,0,11,0,35,,25790,3,0,11,0
400101,'1354',736,,25791,3,0,11,0,75,,25792,3,0,11,0,35,,25793,3,0,11,0,75,,25794,3,0,11,0,35,,25795,3,0,11,0,75,,25796,3,0,11,0,75,,25797,3,0,11,0,35,,25798,3,0,11,0,75,,25799,3,0,11,0,35,,25800,3,0,11,0,75,,25801,3,0,11,0,75,,25802,3,0,11,0,35,,25803,3,0,11,0,75,,25804,3,0,11,0,35,,25805,3,0,11,0,75,,25806,3,0,11,0,35,,25807,3,0,11,0,75,,25808,3,0,11,0,75,,25809,3,0,11,0,35,,25810,3,0,11,0,75,,25811,3,0,11,0,35,,25812,3,0,11,0,75,,25813,3,0,11,0,75,,25814,3,0,11,0,35,,25815,3,0,11,0,75,,25816,3,0,11,0,35,,25817,3,0,11,0
721403,'1348',935,,28094,1,0,15,0,110,,28093,1,0,15,0,110,,28092,1,0,15,0,150,,28091,1,0,15,0,110,,28090,1,0,15,0,110,,28097,1,0,15,0,110,,28096,1,0,15,0,110,,28095,1,0,15,0
721403,'1349',835,,28098,1,0,15,0,110,,28099,1,0,15,0,110,,28100,1,0,15,0,150,,28101,1,0,15,0,110,,28102,1,0,15,0,115,,28103,1,0,15,0,85,,28104,1,0,15,0,85,,28105,1,0,15,0,45,,28106,1,0,15,0,85,,28107,1,0,15,0,85,,28108,1,0,15,0,85,,28109,1,0,15,0,45,,28110,1,0,15,0
721403,'1350',700,,28111,1,0,15,0,100,,28112,1,0,15,0,45,,28113,1,0,15,0,85,,28114,1,0,15,0,85,,28115,1,0,15,0,85,,28116,1,0,15,0,45,,28117,1,0,15,0,85,,28118,1,0,15,0,85,,28119,1,0,15,0,85,,28120,1,0,15,0,45,,28121,1,0,15,0,85,,28122,1,0,15,0,85,,28123,1,0,15,0,85,,28124,1,0,15,0,45,,28125,1,0,15,0,85,,28126,1,0,15,0,85,,28127,1,0,15,0,85,,28128,1,0,15,0,45,,28129,1,0,15,0,85,,28130,1,0,15,0
721403,'1351',700,,28131,1,0,15,0,100,,28132,1,0,15,0,45,,28133,1,0,15,0,85,,28134,1,0,15,0,85,,28135,1,0,15,0,85,,28136,1,0,15,0,45,,28137,1,0,15,0,85,,28138,1,0,15,0,85,,28139,1,0,15,0,85,,28140,1,0,15,0,45,,28141,1,0,15,0,85,,28142,1,0,15,0,85,,28143,1,0,15,0,85,,28144,1,0,15,0,45,,28145,1,0,15,0,85,,28146,1,0,15,0,85,,28147,1,0,15,0,85,,28148,1,0,15,0,45,,28149,1,0,15,0,85,,28150,1,0,15,0
721403,'1352',700,,28151,1,0,15,0,100,,28152,1,0,15,0,45,,28153,1,0,15,0,85,,28154,1,0,15,0,85,,28155,1,0,15,0,85,,28156,1,0,15,0,45,,28157,1,0,15,0,85,,28158,1,0,15,0,85,,28159,1,0,15,0,85,,28160,1,0,15,0,45,,28161,1,0,15,0,85,,28162,1,0,15,0,85,,28163,1,0,15,0,85,,28164,1,0,15,0,45,,28165,1,0,15,0,85,,28166,1,0,15,0,85,,28167,1,0,15,0,85,,28168,1,0,15,0,45,,28169,1,0,15,0,85,,28170,1,0,15,0
721403,'1353',700,,28171,1,0,15,0,100,,28172,1,0,15,0,45,,28173,1,0,15,0,85,,28174,1,0,15,0,85,,28175,1,0,15,0,85,,28176,1,0,15,0,45,,28177,1,0,15,0,85,,28178,1,0,15,0,85,,28179,1,0,15,0,85,,28180,1,0,15,0,45,,28181,1,0,15,0,85,,28182,1,0,15,0,85,,28183,1,0,15,0,85,,28184,1,0,15,0,45,,28185,1,0,15,0,85,,28186,1,0,15,0,85,,28187,1,0,15,0,85,,28188,1,0,15,0,45,,28189,1,0,15,0,85,,28190,1,0,15,0
721403,'1354',700,,28191,1,0,15,0,100,,28192,1,0,15,0,45,,28193,1,0,15,0,85,,28194,1,0,15,0,85,,28195,1,0,15,0,85,,28196,1,0,15,0,45,,28197,1,0,15,0,85,,28198,1,0,15,0,85,,28199,1,0,15,0,85,,28200,1,0,15,0,45,,28201,1,0,15,0,85,,28202,1,0,15,0,85,,28203,1,0,15,0,85,,28204,1,0,15,0,45,,28205,1,0,15,0,85,,28206,1,0,15,0,85,,28207,1,0,15,0,85,,28208,1,0,15,0,45,,28209,1,0,15,0,85,,28210,1,0,15,0
721404,'1348',935,,28217,49,4,,0,110,,28216,49,4,,0,110,,28215,49,4,,0,150,,28218,49,4,,0,110,,28214,49,4,,0,110,,28213,49,4,,0,110,,28212,49,4,,0,110,,28211,49,4,,0
721404,'1349',834,,28219,49,4,,0,110,,28220,49,4,,0,110,,28221,49,4,,0,150,,28222,49,4,,0,110,,28223,49,4,,0,113,,28224,49,4,,0,85,,28225,49,4,,0,45,,28226,49,4,,0,85,,28227,49,4,,0,85,,28228,49,4,,0,85,,28229,49,4,,0,46,,28230,49,4,,0,85,,28231,49,4,,0
721404,'1350',700,,28232,49,4,,0,57,,28233,49,4,,0,85,,28234,49,4,,0,85,,28235,49,4,,0,84,,28236,49,4,,0,45,,28237,49,4,,0,85,,28238,49,4,,0,85,,28239,49,4,,0,85,,28240,49,4,,0,45,,28241,49,4,,0,85,,28242,49,4,,0,85,,28243,49,4,,0,85,,28244,49,4,,0,45,,28245,49,4,,0,85,,28246,49,4,,0,85,,28247,49,4,,0,86,,28248,49,4,,0,45,,28249,49,4,,0,85,,28250,49,4,,0,85,,28251,49,4,,0
721404,'1351',700,,28252,49,4,,0,57,,28253,49,4,,0,85,,28254,49,4,,0,85,,28255,49,4,,0,84,,28256,49,4,,0,45,,28257,49,4,,0,85,,28258,49,4,,0,85,,28259,49,4,,0,85,,28260,49,4,,0,45,,28261,49,4,,0,85,,28262,49,4,,0,85,,28263,49,4,,0,85,,28264,49,4,,0,45,,28265,49,4,,0,85,,28266,49,4,,0,85,,28267,49,4,,0,86,,28268,49,4,,0,45,,28269,49,4,,0,85,,28270,49,4,,0,85,,28271,49,4,,0
721404,'1352',700,,28272,49,4,,0,57,,28273,49,4,,0,85,,28274,49,4,,0,85,,28275,49,4,,0,84,,28276,49,4,,0,45,,28277,49,4,,0,85,,28278,49,4,,0,85,,28279,49,4,,0,85,,28280,49,4,,0,45,,28281,49,4,,0,85,,28282,49,4,,0,85,,28283,49,4,,0,85,,28284,49,4,,0,45,,28285,49,4,,0,85,,28286,49,4,,0,85,,28287,49,4,,0,86,,28288,49,4,,0,45,,28289,49,4,,0,85,,28290,49,4,,0,85,,28291,49,4,,0
721404,'1353',700,,28292,49,4,,0,57,,28293,49,4,,0,85,,28294,49,4,,0,85,,28295,49,4,,0,84,,28296,49,4,,0,45,,28297,49,4,,0,85,,28298,49,4,,0,85,,28299,49,4,,0,85,,28300,49,4,,0,45,,28301,49,4,,0,85,,28302,49,4,,0,85,,28303,49,4,,0,85,,28304,49,4,,0,45,,28305,49,4,,0,85,,28306,49,4,,0,85,,28307,49,4,,0,86,,28308,49,4,,0,45,,28309,49,4,,0,85,,28310,49,4,,0,85,,28311,49,4,,0
721404,'1354',700,,28312,49,4,,0,57,,28313,49,4,,0,85,,28314,49,4,,0,85,,28315,49,4,,0,84,,28316,49,4,,0,45,,28317,49,4,,0,85,,28318,49,4,,0,85,,28319,49,4,,0,85,,28320,49,4,,0,45,,28321,49,4,,0,85,,28322,49,4,,0,85,,28323,49,4,,0,85,,28324,49,4,,0,45,,28325,49,4,,0,85,,28326,49,4,,0,85,,28327,49,4,,0,86,,28328,49,4,,0,45,,28329,49,4,,0,85,,28330,49,4,,0,85,,28331,49,4,,0
721501,'1348',947,,28342,41,0,17,0,100,,28341,41,0,17,0,100,,28333,41,0,17,0,100,,28332,41,0,17,0,100,,28338,41,0,17,0,100,,28337,41,0,17,0,100,,28336,41,0,17,0,100,,28335,41,0,17,0,100,,28334,41,0,17,0,100,,28340,41,0,17,0,100,,28339,41,0,17,0
721501,'1349',747,,28343,41,0,17,0,100,,28344,41,0,17,0,100,,28345,41,0,17,0,100,,28346,41,0,17,0,100,,28347,41,0,17,0,100,,28348,41,0,17,0,70,,28349,41,0,17,0,30,,28350,41,0,17,0,70,,28351,41,0,17,0,30,,28352,41,0,17,0,70,,28353,41,0,17,0,30,,28354,41,0,17,0,70,,28355,41,0,17,0,30,,28356,41,0,17,0,70,,28357,41,0,17,0,30,,28358,41,0,17,0,70,,28359,41,0,17,0,30,,28360,41,0,17,0,100,,28361,41,0,17,0
721501,'1350',747,,28362,41,0,17,0,70,,28363,41,0,17,0,30,,28364,41,0,17,0,70,,28365,41,0,17,0,30,,28366,41,0,17,0,70,,28367,41,0,17,0,30,,28368,41,0,17,0,70,,28369,41,0,17,0,30,,28370,41,0,17,0,70,,28371,41,0,17,0,30,,28372,41,0,17,0,70,,28373,41,0,17,0,30,,28374,41,0,17,0,70,,28375,41,0,17,0,30,,28376,41,0,17,0,70,,28377,41,0,17,0,30,,28378,41,0,17,0,70,,28379,41,0,17,0,30,,28380,41,0,17,0,70,,28381,41,0,17,0,30,,28382,41,0,17,0,70,,28383,41,0,17,0,30,,28384,41,0,17,0,70,,28385,41,0,17,0,30,,28386,41,0,17,0,100,,28387,41,0,17,0,100,,28388,41,0,17,0,100,,28389,41,0,17,0
721501,'1351',747,,28390,41,0,17,0,70,,28391,41,0,17,0,30,,28392,41,0,17,0,70,,28393,41,0,17,0,30,,28394,41,0,17,0,70,,28395,41,0,17,0,30,,28396,41,0,17,0,70,,28397,41,0,17,0,30,,28398,41,0,17,0,70,,28399,41,0,17,0,30,,28400,41,0,17,0,70,,28401,41,0,17,0,30,,28402,41,0,17,0,70,,28403,41,0,17,0,30,,28404,41,0,17,0,70,,28405,41,0,17,0,30,,28406,41,0,17,0,70,,28407,41,0,17,0,30,,28408,41,0,17,0,70,,28409,41,0,17,0,30,,28410,41,0,17,0,70,,28411,41,0,17,0,30,,28412,41,0,17,0,70,,28413,41,0,17,0,30,,28414,41,0,17,0,100,,28415,41,0,17,0,100,,28416,41,0,17,0,100,,28417,41,0,17,0
721501,'1352',747,,28418,41,0,17,0,70,,28419,41,0,17,0,30,,28420,41,0,17,0,70,,28421,41,0,17,0,30,,28422,41,0,17,0,70,,28423,41,0,17,0,30,,28424,41,0,17,0,70,,28425,41,0,17,0,30,,28426,41,0,17,0,70,,28427,41,0,17,0,30,,28428,41,0,17,0,70,,28429,41,0,17,0,30,,28430,41,0,17,0,70,,28431,41,0,17,0,30,,28432,41,0,17,0,70,,28433,41,0,17,0,30,,28434,41,0,17,0,70,,28435,41,0,17,0,30,,28436,41,0,17,0,70,,28437,41,0,17,0,30,,28438,41,0,17,0,70,,28439,41,0,17,0,30,,28440,41,0,17,0,70,,28441,41,0,17,0,30,,28442,41,0,17,0,100,,28443,41,0,17,0,100,,28444,41,0,17,0,100,,28445,41,0,17,0
721501,'1353',747,,28446,41,0,17,0,70,,28447,41,0,17,0,30,,28448,41,0,17,0,70,,28449,41,0,17,0,30,,28450,41,0,17,0,70,,28451,41,0,17,0,30,,28452,41,0,17,0,70,,28453,41,0,17,0,30,,28454,41,0,17,0,70,,28455,41,0,17,0,30,,28456,41,0,17,0,70,,28457,41,0,17,0,30,,28458,41,0,17,0,70,,28459,41,0,17,0,30,,28460,41,0,17,0,70,,28461,41,0,17,0,30,,28462,41,0,17,0,70,,28463,41,0,17,0,30,,28464,41,0,17,0,70,,28465,41,0,17,0,30,,28466,41,0,17,0,70,,28467,41,0,17,0,30,,28468,41,0,17,0,70,,28469,41,0,17,0,30,,28470,41,0,17,0,100,,28471,41,0,17,0,100,,28472,41,0,17,0,100,,28473,41,0,17,0
721501,'1354',747,,28474,41,0,17,0,70,,28475,41,0,17,0,30,,28476,41,0,17,0,70,,28477,41,0,17,0,30,,28478,41,0,17,0,70,,28479,41,0,17,0,30,,28480,41,0,17,0,70,,28481,41,0,17,0,30,,28482,41,0,17,0,70,,28483,41,0,17,0,30,,28484,41,0,17,0,70,,28485,41,0,17,0,30,,28486,41,0,17,0,70,,28487,41,0,17,0,30,,28488,41,0,17,0,70,,28489,41,0,17,0,30,,28490,41,0,17,0,70,,28491,41,0,17,0,30,,28492,41,0,17,0,70,,28493,41,0,17,0,30,,28494,41,0,17,0,70,,28495,41,0,17,0,30,,28496,41,0,17,0,70,,28497,41,0,17,0,30,,28498,41,0,17,0,100,,28499,41,0,17,0,100,,28500,41,0,17,0,100,,28501,41,0,17,0
722501,'1350',510,,28677,1,0,17,0,120,,28678,1,0,17,0,100,,28679,1,0,17,0,100,,28680,1,0,17,0,100,,28681,1,0,17,0,100,,28682,1,0,17,0,100,,28683,1,0,17,0,100,,28684,1,0,17,0,100,,28685,1,0,17,0,100,,28686,1,0,17,0,100,,28687,1,0,17,0,100,,28688,1,0,17,0,100,,28689,1,0,17,0,100,,28690,1,0,17,0,100,,28691,1,0,17,0,100,,28692,1,0,17,0,100,,28693,1,0,17,0,100,,28694,1,0,17,0
722501,'1351',510,,28695,1,0,17,0,120,,28696,1,0,17,0,100,,28697,1,0,17,0,100,,28698,1,0,17,0,100,,28699,1,0,17,0,100,,28700,1,0,17,0,100,,28701,1,0,17,0,100,,28702,1,0,17,0,100,,28703,1,0,17,0,100,,28704,1,0,17,0,100,,28705,1,0,17,0,100,,28706,1,0,17,0,100,,28707,1,0,17,0,100,,28708,1,0,17,0,100,,28709,1,0,17,0,100,,28710,1,0,17,0,100,,28711,1,0,17,0,100,,28712,1,0,17,0
722501,'1352',510,,28713,1,0,17,0,120,,28714,1,0,17,0,100,,28715,1,0,17,0,100,,28716,1,0,17,0,100,,28717,1,0,17,0,100,,28718,1,0,17,0,100,,28719,1,0,17,0,100,,28720,1,0,17,0,100,,28721,1,0,17,0,100,,28722,1,0,17,0,100,,28723,1,0,17,0,100,,28724,1,0,17,0,100,,28725,1,0,17,0,100,,28726,1,0,17,0,100,,28727,1,0,17,0,100,,28728,1,0,17,0,100,,28729,1,0,17,0,100,,28730,1,0,17,0
722501,'1353',510,,28731,1,0,17,0,120,,28732,1,0,17,0,100,,28733,1,0,17,0,100,,28734,1,0,17,0,100,,28735,1,0,17,0,100,,28736,1,0,17,0,100,,28737,1,0,17,0,100,,28738,1,0,17,0,100,,28739,1,0,17,0,100,,28740,1,0,17,0,100,,28741,1,0,17,0,100,,28742,1,0,17,0,100,,28743,1,0,17,0,100,,28744,1,0,17,0,100,,28745,1,0,17,0,100,,28746,1,0,17,0,100,,28747,1,0,17,0,100,,28748,1,0,17,0
722501,'1354',510,,28749,1,0,17,0,120,,28750,1,0,17,0,100,,28751,1,0,17,0,100,,28752,1,0,17,0,100,,28753,1,0,17,0,100,,28754,1,0,17,0,100,,28755,1,0,17,0,100,,28756,1,0,17,0,100,,28757,1,0,17,0,100,,28758,1,0,17,0,100,,28759,1,0,17,0,100,,28760,1,0,17,0,100,,28761,1,0,17,0,100,,28762,1,0,17,0,100,,28763,1,0,17,0,100,,28764,1,0,17,0,100,,28765,1,0,17,0,100,,28766,1,0,17,0
722502,'1350',628,,28767,60,4,,0,100,,28768,60,4,,0,100,,28769,60,4,,0,100,,28770,60,4,,0,100,,28771,60,4,,0,100,,28772,60,4,,0,100,,28773,60,4,,0,100,,28774,60,4,,0,100,,28775,60,4,,0,100,,28776,60,4,,0,100,,28777,60,4,,0,100,,28778,60,4,,0,100,,28779,60,4,,0,100,,28780,60,4,,0,100,,28781,60,4,,0,100,,28782,60,4,,0,100,,28783,60,4,,0,100,,28784,60,4,,0
722502,'1351',628,,28785,60,4,,0,100,,28786,60,4,,0,100,,28787,60,4,,0,100,,28788,60,4,,0,100,,28789,60,4,,0,100,,28790,60,4,,0,100,,28791,60,4,,0,100,,28792,60,4,,0,100,,28793,60,4,,0,100,,28794,60,4,,0,100,,28795,60,4,,0,100,,28796,60,4,,0,100,,28797,60,4,,0,100,,28798,60,4,,0,100,,28799,60,4,,0,100,,28800,60,4,,0,100,,28801,60,4,,0,100,,28802,60,4,,0
722502,'1352',628,,28803,60,4,,0,100,,28804,60,4,,0,100,,28805,60,4,,0,100,,28806,60,4,,0,100,,28807,60,4,,0,100,,28808,60,4,,0,100,,28809,60,4,,0,100,,28810,60,4,,0,100,,28811,60,4,,0,100,,28812,60,4,,0,100,,28813,60,4,,0,100,,28814,60,4,,0,100,,28815,60,4,,0,100,,28816,60,4,,0,100,,28817,60,4,,0,100,,28818,60,4,,0,100,,28819,60,4,,0,100,,28820,60,4,,0
722502,'1353',628,,28821,60,4,,0,100,,28822,60,4,,0,100,,28823,60,4,,0,100,,28824,60,4,,0,100,,28825,60,4,,0,100,,28826,60,4,,0,100,,28827,60,4,,0,100,,28828,60,4,,0,100,,28829,60,4,,0,100,,28830,60,4,,0,100,,28831,60,4,,0,100,,28832,60,4,,0,100,,28833,60,4,,0,100,,28834,60,4,,0,100,,28835,60,4,,0,100,,28836,60,4,,0,100,,28837,60,4,,0,100,,28838,60,4,,0
722502,'1354',628,,28839,60,4,,0,100,,28840,60,4,,0,100,,28841,60,4,,0,100,,28842,60,4,,0,100,,28843,60,4,,0,100,,28844,60,4,,0,100,,28845,60,4,,0,100,,28846,60,4,,0,100,,28847,60,4,,0,100,,28848,60,4,,0,100,,28849,60,4,,0,100,,28850,60,4,,0,100,,28851,60,4,,0,100,,28852,60,4,,0,100,,28853,60,4,,0,100,,28854,60,4,,0,100,,28855,60,4,,0,100,,28856,60,4,,0
