70101,'1356',745,,32522,61,4,,0,170,,32523,61,4,,0,130,,32524,61,4,,0,170,,32525,61,4,,0,130,,32526,61,4,,0,170,,32527,61,4,,0,130,,32528,61,4,,0,170,,32529,61,4,,0
70101,'1357',745,,32530,61,4,,0,85,,32531,61,4,,0,85,,32532,61,4,,0,85,,32533,61,4,,0,45,,32534,61,4,,0,170,,32535,61,4,,0,130,,32536,61,4,,0,85,,32537,61,4,,0,85,,32538,61,4,,0,85,,32539,61,4,,0,45,,32540,61,4,,0,85,,32541,61,4,,0,85,,32542,61,4,,0,85,,32543,61,4,,0
70101,'1358',745,,32544,61,4,,0,85,,32545,61,4,,0,85,,32546,61,4,,0,85,,32547,61,4,,0,45,,32548,61,4,,0,170,,32549,61,4,,0,130,,32550,61,4,,0,85,,32551,61,4,,0,85,,32552,61,4,,0,85,,32553,61,4,,0,45,,32554,61,4,,0,85,,32555,61,4,,0,85,,32556,61,4,,0,85,,32557,61,4,,0
70101,'1359',745,,32558,61,4,,0,85,,32559,61,4,,0,85,,32560,61,4,,0,85,,32561,61,4,,0,45,,32562,61,4,,0,170,,32563,61,4,,0,130,,32564,61,4,,0,85,,32565,61,4,,0,85,,32566,61,4,,0,85,,32567,61,4,,0,45,,32568,61,4,,0,85,,32569,61,4,,0,85,,32570,61,4,,0,85,,32571,61,4,,0
70101,'1360',745,,32572,61,4,,0,85,,32573,61,4,,0,85,,32574,61,4,,0,85,,32575,61,4,,0,45,,32576,61,4,,0,170,,32577,61,4,,0,130,,32578,61,4,,0,85,,32579,61,4,,0,85,,32580,61,4,,0,85,,32581,61,4,,0,45,,32582,61,4,,0,85,,32583,61,4,,0,85,,32584,61,4,,0,85,,32585,61,4,,0
70101,'1361',745,,32586,61,4,,0,85,,32587,61,4,,0,85,,32588,61,4,,0,85,,32589,61,4,,0,45,,32590,61,4,,0,170,,32591,61,4,,0,130,,32592,61,4,,0,85,,32593,61,4,,0,85,,32594,61,4,,0,85,,32595,61,4,,0,45,,32596,61,4,,0,85,,32597,61,4,,0,85,,32598,61,4,,0,85,,32599,61,4,,0
70102,'1356',750,,32600,1,0,16,0,170,,32601,1,0,16,0,130,,32602,1,0,16,0,170,,32603,1,0,16,0,130,,32604,1,0,16,0,170,,32605,1,0,16,0,130,,32606,1,0,16,0,170,,32607,1,0,16,0
70102,'1357',705,,32608,1,0,16,0,45,,32609,1,0,16,0,85,,32610,1,0,16,0,85,,32611,1,0,16,0,85,,32612,1,0,16,0,45,,32613,1,0,16,0,170,,32614,1,0,16,0,130,,32615,1,0,16,0,85,,32616,1,0,16,0,85,,32617,1,0,16,0,85,,32618,1,0,16,0,45,,32619,1,0,16,0,85,,32620,1,0,16,0,85,,32621,1,0,16,0
70102,'1358',705,,32622,1,0,16,0,45,,32623,1,0,16,0,85,,32624,1,0,16,0,85,,32625,1,0,16,0,85,,32626,1,0,16,0,45,,32627,1,0,16,0,170,,32628,1,0,16,0,130,,32629,1,0,16,0,85,,32630,1,0,16,0,85,,32631,1,0,16,0,85,,32632,1,0,16,0,45,,32633,1,0,16,0,85,,32634,1,0,16,0,85,,32635,1,0,16,0
70102,'1359',705,,32636,1,0,16,0,45,,32637,1,0,16,0,85,,32638,1,0,16,0,85,,32639,1,0,16,0,85,,32640,1,0,16,0,45,,32641,1,0,16,0,170,,32642,1,0,16,0,130,,32643,1,0,16,0,85,,32644,1,0,16,0,85,,32645,1,0,16,0,85,,32646,1,0,16,0,45,,32647,1,0,16,0,85,,32648,1,0,16,0,85,,32649,1,0,16,0
70102,'1360',705,,32650,1,0,16,0,45,,32651,1,0,16,0,85,,32652,1,0,16,0,85,,32653,1,0,16,0,85,,32654,1,0,16,0,45,,32655,1,0,16,0,170,,32656,1,0,16,0,130,,32657,1,0,16,0,85,,32658,1,0,16,0,85,,32659,1,0,16,0,85,,32660,1,0,16,0,45,,32661,1,0,16,0,85,,32662,1,0,16,0,85,,32663,1,0,16,0
70102,'1361',705,,32664,1,0,16,0,45,,32665,1,0,16,0,85,,32666,1,0,16,0,85,,32667,1,0,16,0,85,,32668,1,0,16,0,45,,32669,1,0,16,0,170,,32670,1,0,16,0,130,,32671,1,0,16,0,85,,32672,1,0,16,0,85,,32673,1,0,16,0,85,,32674,1,0,16,0,45,,32675,1,0,16,0,85,,32676,1,0,16,0,85,,32677,1,0,16,0
400100,'1355',951,,32693,4,4,,0,75,,32692,4,4,,0,75,,32691,4,4,,0,35,,32690,4,4,,0,75,,32689,4,4,,0,35,,32688,4,4,,0,75,,32687,4,4,,0,35,,32686,4,4,,0,75,,32685,4,4,,0,75,,32684,4,4,,0,35,,32683,4,4,,0,75,,32682,4,4,,0,35,,32681,4,4,,0,75,,32680,4,4,,0,75,,32679,4,4,,0,35,,32678,4,4,,0
400100,'1356',816,,32694,4,4,,0,35,,32695,4,4,,0,75,,32696,4,4,,0,75,,32697,4,4,,0,35,,32698,4,4,,0,75,,32699,4,4,,0,35,,32700,4,4,,0,75,,32701,4,4,,0,35,,32702,4,4,,0,75,,32703,4,4,,0,75,,32704,4,4,,0,35,,32705,4,4,,0,75,,32706,4,4,,0,35,,32707,4,4,,0,75,,32708,4,4,,0,75,,32709,4,4,,0,35,,32710,4,4,,0,75,,32711,4,4,,0,35,,32712,4,4,,0,75,,32713,4,4,,0
400100,'1357',716,,32714,4,4,,0,35,,32715,4,4,,0,75,,32716,4,4,,0,75,,32717,4,4,,0,35,,32718,4,4,,0,75,,32719,4,4,,0,35,,32720,4,4,,0,75,,32721,4,4,,0,35,,32722,4,4,,0,75,,32723,4,4,,0,75,,32724,4,4,,0,35,,32725,4,4,,0,75,,32726,4,4,,0,35,,32727,4,4,,0,75,,32728,4,4,,0,75,,32729,4,4,,0,35,,32730,4,4,,0,75,,32731,4,4,,0,35,,32732,4,4,,0,75,,32733,4,4,,0,35,,32734,4,4,,0,75,,32735,4,4,,0,75,,32736,4,4,,0,35,,32737,4,4,,0,75,,32738,4,4,,0,35,,32739,4,4,,0,75,,32740,4,4,,0
400100,'1358',716,,32741,4,4,,0,35,,32742,4,4,,0,75,,32743,4,4,,0,75,,32744,4,4,,0,35,,32745,4,4,,0,75,,32746,4,4,,0,35,,32747,4,4,,0,75,,32748,4,4,,0,35,,32749,4,4,,0,75,,32750,4,4,,0,75,,32751,4,4,,0,35,,32752,4,4,,0,75,,32753,4,4,,0,35,,32754,4,4,,0,75,,32755,4,4,,0,75,,32756,4,4,,0,35,,32757,4,4,,0,75,,32758,4,4,,0,35,,32759,4,4,,0,75,,32760,4,4,,0,35,,32761,4,4,,0,75,,32762,4,4,,0,75,,32763,4,4,,0,35,,32764,4,4,,0,75,,32765,4,4,,0,35,,32766,4,4,,0,75,,32767,4,4,,0
400100,'1359',716,,32768,4,4,,0,35,,32769,4,4,,0,75,,32770,4,4,,0,75,,32771,4,4,,0,35,,32772,4,4,,0,75,,32773,4,4,,0,35,,32774,4,4,,0,75,,32775,4,4,,0,35,,32776,4,4,,0,75,,32777,4,4,,0,75,,32778,4,4,,0,35,,32779,4,4,,0,75,,32780,4,4,,0,35,,32781,4,4,,0,75,,32782,4,4,,0,75,,32783,4,4,,0,35,,32784,4,4,,0,75,,32785,4,4,,0,35,,32786,4,4,,0,75,,32787,4,4,,0,35,,32788,4,4,,0,75,,32789,4,4,,0,75,,32790,4,4,,0,35,,32791,4,4,,0,75,,32792,4,4,,0,35,,32793,4,4,,0,75,,32794,4,4,,0
400100,'1360',716,,32795,4,4,,0,35,,32796,4,4,,0,75,,32797,4,4,,0,75,,32798,4,4,,0,35,,32799,4,4,,0,75,,32800,4,4,,0,35,,32801,4,4,,0,75,,32802,4,4,,0,35,,32803,4,4,,0,75,,32804,4,4,,0,75,,32805,4,4,,0,35,,32806,4,4,,0,75,,32807,4,4,,0,35,,32808,4,4,,0,75,,32809,4,4,,0,75,,32810,4,4,,0,35,,32811,4,4,,0,75,,32812,4,4,,0,35,,32813,4,4,,0,75,,32814,4,4,,0,35,,32815,4,4,,0,75,,32816,4,4,,0,75,,32817,4,4,,0,35,,32818,4,4,,0,75,,32819,4,4,,0,35,,32820,4,4,,0,75,,32821,4,4,,0
400100,'1361',716,,32822,4,4,,0,35,,32823,4,4,,0,75,,32824,4,4,,0,75,,32825,4,4,,0,35,,32826,4,4,,0,75,,32827,4,4,,0,35,,32828,4,4,,0,75,,32829,4,4,,0,35,,32830,4,4,,0,75,,32831,4,4,,0,75,,32832,4,4,,0,35,,32833,4,4,,0,75,,32834,4,4,,0,35,,32835,4,4,,0,75,,32836,4,4,,0,75,,32837,4,4,,0,35,,32838,4,4,,0,75,,32839,4,4,,0,35,,32840,4,4,,0,75,,32841,4,4,,0,35,,32842,4,4,,0,75,,32843,4,4,,0,75,,32844,4,4,,0,35,,32845,4,4,,0,75,,32846,4,4,,0,35,,32847,4,4,,0,75,,32848,4,4,,0
400101,'1355',955,,32864,1,0,11,0,75,,32863,1,0,11,0,75,,32862,1,0,11,0,35,,32861,1,0,11,0,75,,32860,1,0,11,0,35,,32859,1,0,11,0,75,,32858,1,0,11,0,75,,32857,1,0,11,0,35,,32856,1,0,11,0,75,,32855,1,0,11,0,35,,32854,1,0,11,0,75,,32853,1,0,11,0,35,,32852,1,0,11,0,75,,32851,1,0,11,0,75,,32850,1,0,11,0,35,,32849,1,0,11,0
400101,'1356',820,,32865,1,0,11,0,35,,32866,1,0,11,0,75,,32867,1,0,11,0,75,,32868,1,0,11,0,35,,32869,1,0,11,0,75,,32870,1,0,11,0,35,,32871,1,0,11,0,75,,32872,1,0,11,0,75,,32873,1,0,11,0,35,,32874,1,0,11,0,75,,32875,1,0,11,0,35,,32876,1,0,11,0,75,,32877,1,0,11,0,35,,32878,1,0,11,0,75,,32879,1,0,11,0,75,,32880,1,0,11,0,35,,32881,1,0,11,0,75,,32882,1,0,11,0,35,,32883,1,0,11,0,75,,32884,1,0,11,0
400101,'1357',720,,32885,1,0,11,0,35,,32886,1,0,11,0,75,,32887,1,0,11,0,75,,32888,1,0,11,0,35,,32889,1,0,11,0,75,,32890,1,0,11,0,35,,32891,1,0,11,0,75,,32892,1,0,11,0,75,,32893,1,0,11,0,35,,32894,1,0,11,0,75,,32895,1,0,11,0,35,,32896,1,0,11,0,75,,32897,1,0,11,0,35,,32898,1,0,11,0,75,,32899,1,0,11,0,75,,32900,1,0,11,0,35,,32901,1,0,11,0,75,,32902,1,0,11,0,35,,32903,1,0,11,0,75,,32904,1,0,11,0,75,,32905,1,0,11,0,35,,32906,1,0,11,0,75,,32907,1,0,11,0,35,,32908,1,0,11,0,75,,32909,1,0,11,0,35,,32910,1,0,11,0,75,,32911,1,0,11,0
400101,'1358',720,,32912,1,0,11,0,35,,32913,1,0,11,0,75,,32914,1,0,11,0,75,,32915,1,0,11,0,35,,32916,1,0,11,0,75,,32917,1,0,11,0,35,,32918,1,0,11,0,75,,32919,1,0,11,0,75,,32920,1,0,11,0,35,,32921,1,0,11,0,75,,32922,1,0,11,0,35,,32923,1,0,11,0,75,,32924,1,0,11,0,35,,32925,1,0,11,0,75,,32926,1,0,11,0,75,,32927,1,0,11,0,35,,32928,1,0,11,0,75,,32929,1,0,11,0,35,,32930,1,0,11,0,75,,32931,1,0,11,0,75,,32932,1,0,11,0,35,,32933,1,0,11,0,75,,32934,1,0,11,0,35,,32935,1,0,11,0,75,,32936,1,0,11,0,35,,32937,1,0,11,0,75,,32938,1,0,11,0
400101,'1359',720,,32939,1,0,11,0,35,,32940,1,0,11,0,75,,32941,1,0,11,0,75,,32942,1,0,11,0,35,,32943,1,0,11,0,75,,32944,1,0,11,0,35,,32945,1,0,11,0,75,,32946,1,0,11,0,75,,32947,1,0,11,0,35,,32948,1,0,11,0,75,,32949,1,0,11,0,35,,32950,1,0,11,0,75,,32951,1,0,11,0,35,,32952,1,0,11,0,75,,32953,1,0,11,0,75,,32954,1,0,11,0,35,,32955,1,0,11,0,75,,32956,1,0,11,0,35,,32957,1,0,11,0,75,,32958,1,0,11,0,75,,32959,1,0,11,0,35,,32960,1,0,11,0,75,,32961,1,0,11,0,35,,32962,1,0,11,0,75,,32963,1,0,11,0,35,,32964,1,0,11,0,75,,32965,1,0,11,0
400101,'1360',720,,32966,1,0,11,0,35,,32967,1,0,11,0,75,,32968,1,0,11,0,75,,32969,1,0,11,0,35,,32970,1,0,11,0,75,,32971,1,0,11,0,35,,32972,1,0,11,0,75,,32973,1,0,11,0,75,,32974,1,0,11,0,35,,32975,1,0,11,0,75,,32976,1,0,11,0,35,,32977,1,0,11,0,75,,32978,1,0,11,0,35,,32979,1,0,11,0,75,,32980,1,0,11,0,75,,32981,1,0,11,0,35,,32982,1,0,11,0,75,,32983,1,0,11,0,35,,32984,1,0,11,0,75,,32985,1,0,11,0,75,,32986,1,0,11,0,35,,32987,1,0,11,0,75,,32988,1,0,11,0,35,,32989,1,0,11,0,75,,32990,1,0,11,0,35,,32991,1,0,11,0,75,,32992,1,0,11,0
400101,'1361',720,,32993,1,0,11,0,35,,32994,1,0,11,0,75,,32995,1,0,11,0,75,,32996,1,0,11,0,35,,32997,1,0,11,0,75,,32998,1,0,11,0,35,,32999,1,0,11,0,75,,33000,1,0,11,0,75,,33001,1,0,11,0,35,,33002,1,0,11,0,75,,33003,1,0,11,0,35,,33004,1,0,11,0,75,,33005,1,0,11,0,35,,33006,1,0,11,0,75,,33007,1,0,11,0,75,,33008,1,0,11,0,35,,33009,1,0,11,0,75,,33010,1,0,11,0,35,,33011,1,0,11,0,75,,33012,1,0,11,0,75,,33013,1,0,11,0,35,,33014,1,0,11,0,75,,33015,1,0,11,0,35,,33016,1,0,11,0,75,,33017,1,0,11,0,35,,33018,1,0,11,0,75,,33019,1,0,11,0
643503,'1355',930,,33325,1,0,15,0,70,,33324,1,0,15,0,30,,33323,1,0,15,0,70,,33322,1,0,15,0,30,,33321,1,0,15,0,70,,33320,1,0,15,0,30,,33319,1,0,15,0,70,,33318,1,0,15,0,30,,33317,1,0,15,0,70,,33316,1,0,15,0,30,,33315,1,0,15,0,70,,33314,1,0,15,0,30,,33313,1,0,15,0,70,,33312,1,0,15,0,30,,33311,1,0,15,0,70,,33310,1,0,15,0,30,,33309,1,0,15,0,70,,33308,1,0,15,0,30,,33307,1,0,15,0,100,,33306,1,0,15,0
643503,'1356',730,,33326,1,0,15,0,100,,33327,1,0,15,0,70,,33328,1,0,15,0,30,,33329,1,0,15,0,70,,33330,1,0,15,0,30,,33331,1,0,15,0,70,,33332,1,0,15,0,30,,33333,1,0,15,0,70,,33334,1,0,15,0,30,,33335,1,0,15,0,70,,33336,1,0,15,0,30,,33337,1,0,15,0,70,,33338,1,0,15,0,30,,33339,1,0,15,0,70,,33340,1,0,15,0,30,,33341,1,0,15,0,70,,33342,1,0,15,0,30,,33343,1,0,15,0,70,,33344,1,0,15,0,30,,33345,1,0,15,0,70,,33346,1,0,15,0,30,,33347,1,0,15,0,70,,33348,1,0,15,0,30,,33349,1,0,15,0,100,,33350,1,0,15,0,100,,33351,1,0,15,0,100,,33352,1,0,15,0
643503,'1357',630,,33353,1,0,15,0,70,,33354,1,0,15,0,20,,33355,1,0,15,0,10,,33356,1,0,15,0,10,,33357,1,0,15,0,15,,33358,1,0,15,0,55,,33359,1,0,15,0,15,,33360,1,0,15,0,15,,33361,1,0,15,0,15,,33362,1,0,15,0,65,,33363,1,0,15,0,20,,33364,1,0,15,0,60,,33365,1,0,15,0,20,,33366,1,0,15,0,20,,33367,1,0,15,0,60,,33368,1,0,15,0,20,,33369,1,0,15,0,20,,33370,1,0,15,0,60,,33371,1,0,15,0,20,,33372,1,0,15,0,20,,33373,1,0,15,0,60,,33374,1,0,15,0,20,,33375,1,0,15,0,20,,33376,1,0,15,0,60,,33377,1,0,15,0,20,,33378,1,0,15,0,10,,33379,1,0,15,0,10,,33380,1,0,15,0,60,,33381,1,0,15,0,10,,33382,1,0,15,0,10,,33383,1,0,15,0,20,,33384,1,0,15,0,10,,33385,1,0,15,0,50,,33386,1,0,15,0,20,,33387,1,0,15,0,20,,33388,1,0,15,0,60,,33389,1,0,15,0,20,,33390,1,0,15,0,20,,33391,1,0,15,0,60,,33392,1,0,15,0,20,,33393,1,0,15,0,20,,33394,1,0,15,0,60,,33395,1,0,15,0,30,,33396,1,0,15,0,70,,33397,1,0,15,0,30,,33398,1,0,15,0,70,,33399,1,0,15,0,30,,33400,1,0,15,0,70,,33401,1,0,15,0,30,,33402,1,0,15,0,70,,33403,1,0,15,0,30,,33404,1,0,15,0
643503,'1358',630,,33405,1,0,15,0,70,,33406,1,0,15,0,20,,33407,1,0,15,0,10,,33408,1,0,15,0,10,,33409,1,0,15,0,15,,33410,1,0,15,0,55,,33411,1,0,15,0,15,,33412,1,0,15,0,15,,33413,1,0,15,0,15,,33414,1,0,15,0,65,,33415,1,0,15,0,20,,33416,1,0,15,0,60,,33417,1,0,15,0,20,,33418,1,0,15,0,20,,33419,1,0,15,0,60,,33420,1,0,15,0,20,,33421,1,0,15,0,20,,33422,1,0,15,0,60,,33423,1,0,15,0,20,,33424,1,0,15,0,20,,33425,1,0,15,0,60,,33426,1,0,15,0,20,,33427,1,0,15,0,20,,33428,1,0,15,0,60,,33429,1,0,15,0,20,,33430,1,0,15,0,10,,33431,1,0,15,0,10,,33432,1,0,15,0,60,,33433,1,0,15,0,10,,33434,1,0,15,0,10,,33435,1,0,15,0,20,,33436,1,0,15,0,10,,33437,1,0,15,0,50,,33438,1,0,15,0,20,,33439,1,0,15,0,20,,33440,1,0,15,0,60,,33441,1,0,15,0,20,,33442,1,0,15,0,20,,33443,1,0,15,0,60,,33444,1,0,15,0,20,,33445,1,0,15,0,20,,33446,1,0,15,0,60,,33447,1,0,15,0,30,,33448,1,0,15,0,70,,33449,1,0,15,0,30,,33450,1,0,15,0,70,,33451,1,0,15,0,30,,33452,1,0,15,0,70,,33453,1,0,15,0,30,,33454,1,0,15,0,70,,33455,1,0,15,0,30,,33456,1,0,15,0
643503,'1359',630,,33457,1,0,15,0,70,,33458,1,0,15,0,20,,33459,1,0,15,0,10,,33460,1,0,15,0,10,,33461,1,0,15,0,15,,33462,1,0,15,0,55,,33463,1,0,15,0,15,,33464,1,0,15,0,15,,33465,1,0,15,0,15,,33466,1,0,15,0,65,,33467,1,0,15,0,20,,33468,1,0,15,0,60,,33469,1,0,15,0,20,,33470,1,0,15,0,20,,33471,1,0,15,0,60,,33472,1,0,15,0,20,,33473,1,0,15,0,20,,33474,1,0,15,0,60,,33475,1,0,15,0,20,,33476,1,0,15,0,20,,33477,1,0,15,0,60,,33478,1,0,15,0,20,,33479,1,0,15,0,20,,33480,1,0,15,0,60,,33481,1,0,15,0,20,,33482,1,0,15,0,10,,33483,1,0,15,0,10,,33484,1,0,15,0,60,,33485,1,0,15,0,10,,33486,1,0,15,0,10,,33487,1,0,15,0,20,,33488,1,0,15,0,10,,33489,1,0,15,0,50,,33490,1,0,15,0,20,,33491,1,0,15,0,20,,33492,1,0,15,0,60,,33493,1,0,15,0,20,,33494,1,0,15,0,20,,33495,1,0,15,0,60,,33496,1,0,15,0,20,,33497,1,0,15,0,20,,33498,1,0,15,0,60,,33499,1,0,15,0,30,,33500,1,0,15,0,70,,33501,1,0,15,0,30,,33502,1,0,15,0,70,,33503,1,0,15,0,30,,33504,1,0,15,0,70,,33505,1,0,15,0,30,,33506,1,0,15,0,70,,33507,1,0,15,0,30,,33508,1,0,15,0
643503,'1360',630,,33509,1,0,15,0,70,,33510,1,0,15,0,20,,33511,1,0,15,0,10,,33512,1,0,15,0,10,,33513,1,0,15,0,15,,33514,1,0,15,0,55,,33515,1,0,15,0,15,,33516,1,0,15,0,15,,33517,1,0,15,0,15,,33518,1,0,15,0,65,,33519,1,0,15,0,20,,33520,1,0,15,0,60,,33521,1,0,15,0,20,,33522,1,0,15,0,20,,33523,1,0,15,0,60,,33524,1,0,15,0,20,,33525,1,0,15,0,20,,33526,1,0,15,0,60,,33527,1,0,15,0,20,,33528,1,0,15,0,20,,33529,1,0,15,0,60,,33530,1,0,15,0,20,,33531,1,0,15,0,20,,33532,1,0,15,0,60,,33533,1,0,15,0,20,,33534,1,0,15,0,10,,33535,1,0,15,0,10,,33536,1,0,15,0,60,,33537,1,0,15,0,10,,33538,1,0,15,0,10,,33539,1,0,15,0,20,,33540,1,0,15,0,10,,33541,1,0,15,0,50,,33542,1,0,15,0,20,,33543,1,0,15,0,20,,33544,1,0,15,0,60,,33545,1,0,15,0,20,,33546,1,0,15,0,20,,33547,1,0,15,0,60,,33548,1,0,15,0,20,,33549,1,0,15,0,20,,33550,1,0,15,0,60,,33551,1,0,15,0,30,,33552,1,0,15,0,70,,33553,1,0,15,0,30,,33554,1,0,15,0,70,,33555,1,0,15,0,30,,33556,1,0,15,0,70,,33557,1,0,15,0,30,,33558,1,0,15,0,70,,33559,1,0,15,0,30,,33560,1,0,15,0
643503,'1361',630,,33561,1,0,15,0,70,,33562,1,0,15,0,20,,33563,1,0,15,0,10,,33564,1,0,15,0,10,,33565,1,0,15,0,15,,33566,1,0,15,0,55,,33567,1,0,15,0,15,,33568,1,0,15,0,15,,33569,1,0,15,0,15,,33570,1,0,15,0,65,,33571,1,0,15,0,20,,33572,1,0,15,0,60,,33573,1,0,15,0,20,,33574,1,0,15,0,20,,33575,1,0,15,0,60,,33576,1,0,15,0,20,,33577,1,0,15,0,20,,33578,1,0,15,0,60,,33579,1,0,15,0,20,,33580,1,0,15,0,20,,33581,1,0,15,0,60,,33582,1,0,15,0,20,,33583,1,0,15,0,20,,33584,1,0,15,0,60,,33585,1,0,15,0,20,,33586,1,0,15,0,10,,33587,1,0,15,0,10,,33588,1,0,15,0,60,,33589,1,0,15,0,10,,33590,1,0,15,0,10,,33591,1,0,15,0,20,,33592,1,0,15,0,10,,33593,1,0,15,0,50,,33594,1,0,15,0,20,,33595,1,0,15,0,20,,33596,1,0,15,0,60,,33597,1,0,15,0,20,,33598,1,0,15,0,20,,33599,1,0,15,0,60,,33600,1,0,15,0,20,,33601,1,0,15,0,20,,33602,1,0,15,0,60,,33603,1,0,15,0,30,,33604,1,0,15,0,70,,33605,1,0,15,0,30,,33606,1,0,15,0,70,,33607,1,0,15,0,30,,33608,1,0,15,0,70,,33609,1,0,15,0,30,,33610,1,0,15,0,70,,33611,1,0,15,0,30,,33612,1,0,15,0
643504,'1355',929,,33632,39,4,,0,100,,33631,39,4,,0,30,,33630,39,4,,0,70,,33629,39,4,,0,30,,33628,39,4,,0,70,,33627,39,4,,0,30,,33626,39,4,,0,70,,33625,39,4,,0,30,,33624,39,4,,0,70,,33623,39,4,,0,30,,33622,39,4,,0,70,,33621,39,4,,0,30,,33620,39,4,,0,70,,33619,39,4,,0,30,,33618,39,4,,0,70,,33617,39,4,,0,30,,33616,39,4,,0,70,,33615,39,4,,0,30,,33614,39,4,,0,70,,33613,39,4,,0
643504,'1356',729,,33633,39,4,,0,100,,33634,39,4,,0,100,,33635,39,4,,0,30,,33636,39,4,,0,70,,33637,39,4,,0,30,,33638,39,4,,0,70,,33639,39,4,,0,30,,33640,39,4,,0,70,,33641,39,4,,0,30,,33642,39,4,,0,70,,33643,39,4,,0,30,,33644,39,4,,0,70,,33645,39,4,,0,30,,33646,39,4,,0,70,,33647,39,4,,0,30,,33648,39,4,,0,70,,33649,39,4,,0,30,,33650,39,4,,0,70,,33651,39,4,,0,30,,33652,39,4,,0,70,,33653,39,4,,0,30,,33654,39,4,,0,70,,33655,39,4,,0,30,,33656,39,4,,0,70,,33657,39,4,,0,100,,33658,39,4,,0,100,,33659,39,4,,0
643504,'1357',629,,33660,39,4,,0,30,,33661,39,4,,0,60,,33662,39,4,,0,17,,33663,39,4,,0,15,,33664,39,4,,0,55,,33665,39,4,,0,15,,33666,39,4,,0,15,,33667,39,4,,0,15,,33668,39,4,,0,55,,33669,39,4,,0,13,,33670,39,4,,0,17,,33671,39,4,,0,20,,33672,39,4,,0,60,,33673,39,4,,0,20,,33674,39,4,,0,20,,33675,39,4,,0,60,,33676,39,4,,0,20,,33677,39,4,,0,20,,33678,39,4,,0,60,,33679,39,4,,0,20,,33680,39,4,,0,20,,33681,39,4,,0,60,,33682,39,4,,0,20,,33683,39,4,,0,20,,33684,39,4,,0,60,,33685,39,4,,0,20,,33686,39,4,,0,20,,33687,39,4,,0,50,,33688,39,4,,0,10,,33689,39,4,,0,20,,33690,39,4,,0,10,,33691,39,4,,0,10,,33692,39,4,,0,60,,33693,39,4,,0,10,,33694,39,4,,0,10,,33695,39,4,,0,20,,33696,39,4,,0,60,,33697,39,4,,0,20,,33698,39,4,,0,20,,33699,39,4,,0,60,,33700,39,4,,0,20,,33701,39,4,,0,20,,33702,39,4,,0,60,,33703,39,4,,0,13,,33704,39,4,,0,30,,33705,39,4,,0,70,,33706,39,4,,0,30,,33707,39,4,,0,70,,33708,39,4,,0,30,,33709,39,4,,0,70,,33710,39,4,,0,30,,33711,39,4,,0,70,,33712,39,4,,0
643504,'1358',629,,33713,39,4,,0,30,,33714,39,4,,0,60,,33715,39,4,,0,17,,33716,39,4,,0,15,,33717,39,4,,0,55,,33718,39,4,,0,15,,33719,39,4,,0,15,,33720,39,4,,0,15,,33721,39,4,,0,55,,33722,39,4,,0,13,,33723,39,4,,0,17,,33724,39,4,,0,20,,33725,39,4,,0,60,,33726,39,4,,0,20,,33727,39,4,,0,20,,33728,39,4,,0,60,,33729,39,4,,0,20,,33730,39,4,,0,20,,33731,39,4,,0,60,,33732,39,4,,0,20,,33733,39,4,,0,20,,33734,39,4,,0,60,,33735,39,4,,0,20,,33736,39,4,,0,20,,33737,39,4,,0,60,,33738,39,4,,0,20,,33739,39,4,,0,20,,33740,39,4,,0,50,,33741,39,4,,0,10,,33742,39,4,,0,20,,33743,39,4,,0,10,,33744,39,4,,0,10,,33745,39,4,,0,60,,33746,39,4,,0,10,,33747,39,4,,0,10,,33748,39,4,,0,20,,33749,39,4,,0,60,,33750,39,4,,0,20,,33751,39,4,,0,20,,33752,39,4,,0,60,,33753,39,4,,0,20,,33754,39,4,,0,20,,33755,39,4,,0,60,,33756,39,4,,0,13,,33757,39,4,,0,30,,33758,39,4,,0,70,,33759,39,4,,0,30,,33760,39,4,,0,70,,33761,39,4,,0,30,,33762,39,4,,0,70,,33763,39,4,,0,30,,33764,39,4,,0,70,,33765,39,4,,0
643504,'1359',629,,33766,39,4,,0,30,,33767,39,4,,0,60,,33768,39,4,,0,17,,33769,39,4,,0,15,,33770,39,4,,0,55,,33771,39,4,,0,15,,33772,39,4,,0,15,,33773,39,4,,0,15,,33774,39,4,,0,55,,33775,39,4,,0,13,,33776,39,4,,0,17,,33777,39,4,,0,20,,33778,39,4,,0,60,,33779,39,4,,0,20,,33780,39,4,,0,20,,33781,39,4,,0,60,,33782,39,4,,0,20,,33783,39,4,,0,20,,33784,39,4,,0,60,,33785,39,4,,0,20,,33786,39,4,,0,20,,33787,39,4,,0,60,,33788,39,4,,0,20,,33789,39,4,,0,20,,33790,39,4,,0,60,,33791,39,4,,0,20,,33792,39,4,,0,20,,33793,39,4,,0,50,,33794,39,4,,0,10,,33795,39,4,,0,20,,33796,39,4,,0,10,,33797,39,4,,0,10,,33798,39,4,,0,60,,33799,39,4,,0,10,,33800,39,4,,0,10,,33801,39,4,,0,20,,33802,39,4,,0,60,,33803,39,4,,0,20,,33804,39,4,,0,20,,33805,39,4,,0,60,,33806,39,4,,0,20,,33807,39,4,,0,20,,33808,39,4,,0,60,,33809,39,4,,0,13,,33810,39,4,,0,30,,33811,39,4,,0,70,,33812,39,4,,0,30,,33813,39,4,,0,70,,33814,39,4,,0,30,,33815,39,4,,0,70,,33816,39,4,,0,30,,33817,39,4,,0,70,,33818,39,4,,0
643504,'1360',629,,33819,39,4,,0,30,,33820,39,4,,0,60,,33821,39,4,,0,17,,33822,39,4,,0,15,,33823,39,4,,0,55,,33824,39,4,,0,15,,33825,39,4,,0,15,,33826,39,4,,0,15,,33827,39,4,,0,55,,33828,39,4,,0,13,,33829,39,4,,0,17,,33830,39,4,,0,20,,33831,39,4,,0,60,,33832,39,4,,0,20,,33833,39,4,,0,20,,33834,39,4,,0,60,,33835,39,4,,0,20,,33836,39,4,,0,20,,33837,39,4,,0,60,,33838,39,4,,0,20,,33839,39,4,,0,20,,33840,39,4,,0,60,,33841,39,4,,0,20,,33842,39,4,,0,20,,33843,39,4,,0,60,,33844,39,4,,0,20,,33845,39,4,,0,20,,33846,39,4,,0,50,,33847,39,4,,0,10,,33848,39,4,,0,20,,33849,39,4,,0,10,,33850,39,4,,0,10,,33851,39,4,,0,60,,33852,39,4,,0,10,,33853,39,4,,0,10,,33854,39,4,,0,20,,33855,39,4,,0,60,,33856,39,4,,0,20,,33857,39,4,,0,20,,33858,39,4,,0,60,,33859,39,4,,0,20,,33860,39,4,,0,20,,33861,39,4,,0,60,,33862,39,4,,0,13,,33863,39,4,,0,30,,33864,39,4,,0,70,,33865,39,4,,0,30,,33866,39,4,,0,70,,33867,39,4,,0,30,,33868,39,4,,0,70,,33869,39,4,,0,30,,33870,39,4,,0,70,,33871,39,4,,0
643504,'1361',629,,33872,39,4,,0,30,,33873,39,4,,0,60,,33874,39,4,,0,17,,33875,39,4,,0,15,,33876,39,4,,0,55,,33877,39,4,,0,15,,33878,39,4,,0,15,,33879,39,4,,0,15,,33880,39,4,,0,55,,33881,39,4,,0,13,,33882,39,4,,0,17,,33883,39,4,,0,20,,33884,39,4,,0,60,,33885,39,4,,0,20,,33886,39,4,,0,20,,33887,39,4,,0,60,,33888,39,4,,0,20,,33889,39,4,,0,20,,33890,39,4,,0,60,,33891,39,4,,0,20,,33892,39,4,,0,20,,33893,39,4,,0,60,,33894,39,4,,0,20,,33895,39,4,,0,20,,33896,39,4,,0,60,,33897,39,4,,0,20,,33898,39,4,,0,20,,33899,39,4,,0,50,,33900,39,4,,0,10,,33901,39,4,,0,20,,33902,39,4,,0,10,,33903,39,4,,0,10,,33904,39,4,,0,60,,33905,39,4,,0,10,,33906,39,4,,0,10,,33907,39,4,,0,20,,33908,39,4,,0,60,,33909,39,4,,0,20,,33910,39,4,,0,20,,33911,39,4,,0,60,,33912,39,4,,0,20,,33913,39,4,,0,20,,33914,39,4,,0,60,,33915,39,4,,0,13,,33916,39,4,,0,30,,33917,39,4,,0,70,,33918,39,4,,0,30,,33919,39,4,,0,70,,33920,39,4,,0,30,,33921,39,4,,0,70,,33922,39,4,,0,30,,33923,39,4,,0,70,,33924,39,4,,0
647703,'1355',930,,33943,1,0,15,0,70,,33942,1,0,15,0,30,,33941,1,0,15,0,70,,33940,1,0,15,0,30,,33939,1,0,15,0,70,,33938,1,0,15,0,30,,33937,1,0,15,0,70,,33936,1,0,15,0,30,,33935,1,0,15,0,70,,33934,1,0,15,0,30,,33933,1,0,15,0,70,,33932,1,0,15,0,30,,33931,1,0,15,0,70,,33930,1,0,15,0,30,,33929,1,0,15,0,70,,33928,1,0,15,0,30,,33927,1,0,15,0,100,,33926,1,0,15,0,100,,33925,1,0,15,0
647703,'1356',830,,33944,1,0,15,0,70,,33945,1,0,15,0,30,,33946,1,0,15,0,70,,33947,1,0,15,0,30,,33948,1,0,15,0,70,,33949,1,0,15,0,30,,33950,1,0,15,0,70,,33951,1,0,15,0,30,,33952,1,0,15,0,70,,33953,1,0,15,0,30,,33954,1,0,15,0,70,,33955,1,0,15,0,30,,33956,1,0,15,0,70,,33957,1,0,15,0,30,,33958,1,0,15,0,70,,33959,1,0,15,0,30,,33960,1,0,15,0,70,,33961,1,0,15,0,30,,33962,1,0,15,0,70,,33963,1,0,15,0,30,,33964,1,0,15,0,70,,33965,1,0,15,0,30,,33966,1,0,15,0,100,,33967,1,0,15,0,100,,33968,1,0,15,0,100,,33969,1,0,15,0
647703,'1357',630,,33970,1,0,15,0,70,,33971,1,0,15,0,30,,33972,1,0,15,0,70,,33973,1,0,15,0,30,,33974,1,0,15,0,70,,33975,1,0,15,0,30,,33976,1,0,15,0,70,,33977,1,0,15,0,30,,33978,1,0,15,0,70,,33979,1,0,15,0,30,,33980,1,0,15,0,70,,33981,1,0,15,0,30,,33982,1,0,15,0,70,,33983,1,0,15,0,30,,33984,1,0,15,0,70,,33985,1,0,15,0,30,,33986,1,0,15,0,70,,33987,1,0,15,0,30,,33988,1,0,15,0,70,,33989,1,0,15,0,30,,33990,1,0,15,0,70,,33991,1,0,15,0,30,,33992,1,0,15,0,70,,33993,1,0,15,0,30,,33994,1,0,15,0,70,,33995,1,0,15,0,30,,33996,1,0,15,0,70,,33997,1,0,15,0,30,,33998,1,0,15,0,100,,33999,1,0,15,0,100,,34000,1,0,15,0,100,,34001,1,0,15,0
647703,'1358',630,,34002,1,0,15,0,70,,34003,1,0,15,0,30,,34004,1,0,15,0,70,,34005,1,0,15,0,30,,34006,1,0,15,0,70,,34007,1,0,15,0,30,,34008,1,0,15,0,70,,34009,1,0,15,0,30,,34010,1,0,15,0,70,,34011,1,0,15,0,30,,34012,1,0,15,0,70,,34013,1,0,15,0,30,,34014,1,0,15,0,70,,34015,1,0,15,0,30,,34016,1,0,15,0,70,,34017,1,0,15,0,30,,34018,1,0,15,0,70,,34019,1,0,15,0,30,,34020,1,0,15,0,70,,34021,1,0,15,0,30,,34022,1,0,15,0,70,,34023,1,0,15,0,30,,34024,1,0,15,0,70,,34025,1,0,15,0,30,,34026,1,0,15,0,70,,34027,1,0,15,0,30,,34028,1,0,15,0,70,,34029,1,0,15,0,30,,34030,1,0,15,0,100,,34031,1,0,15,0,100,,34032,1,0,15,0,100,,34033,1,0,15,0
647703,'1359',630,,34034,1,0,15,0,70,,34035,1,0,15,0,30,,34036,1,0,15,0,70,,34037,1,0,15,0,30,,34038,1,0,15,0,70,,34039,1,0,15,0,30,,34040,1,0,15,0,70,,34041,1,0,15,0,30,,34042,1,0,15,0,70,,34043,1,0,15,0,30,,34044,1,0,15,0,70,,34045,1,0,15,0,30,,34046,1,0,15,0,70,,34047,1,0,15,0,30,,34048,1,0,15,0,70,,34049,1,0,15,0,30,,34050,1,0,15,0,70,,34051,1,0,15,0,30,,34052,1,0,15,0,70,,34053,1,0,15,0,30,,34054,1,0,15,0,70,,34055,1,0,15,0,30,,34056,1,0,15,0,70,,34057,1,0,15,0,30,,34058,1,0,15,0,70,,34059,1,0,15,0,30,,34060,1,0,15,0,70,,34061,1,0,15,0,30,,34062,1,0,15,0,100,,34063,1,0,15,0,100,,34064,1,0,15,0,100,,34065,1,0,15,0
647703,'1360',630,,34066,1,0,15,0,70,,34067,1,0,15,0,30,,34068,1,0,15,0,70,,34069,1,0,15,0,30,,34070,1,0,15,0,70,,34071,1,0,15,0,30,,34072,1,0,15,0,70,,34073,1,0,15,0,30,,34074,1,0,15,0,70,,34075,1,0,15,0,30,,34076,1,0,15,0,70,,34077,1,0,15,0,30,,34078,1,0,15,0,70,,34079,1,0,15,0,30,,34080,1,0,15,0,70,,34081,1,0,15,0,30,,34082,1,0,15,0,70,,34083,1,0,15,0,30,,34084,1,0,15,0,70,,34085,1,0,15,0,30,,34086,1,0,15,0,70,,34087,1,0,15,0,30,,34088,1,0,15,0,70,,34089,1,0,15,0,30,,34090,1,0,15,0,70,,34091,1,0,15,0,30,,34092,1,0,15,0,70,,34093,1,0,15,0,30,,34094,1,0,15,0,100,,34095,1,0,15,0,100,,34096,1,0,15,0,100,,34097,1,0,15,0
647703,'1361',630,,34098,1,0,15,0,70,,34099,1,0,15,0,30,,34100,1,0,15,0,70,,34101,1,0,15,0,30,,34102,1,0,15,0,70,,34103,1,0,15,0,30,,34104,1,0,15,0,70,,34105,1,0,15,0,30,,34106,1,0,15,0,70,,34107,1,0,15,0,30,,34108,1,0,15,0,70,,34109,1,0,15,0,30,,34110,1,0,15,0,70,,34111,1,0,15,0,30,,34112,1,0,15,0,70,,34113,1,0,15,0,30,,34114,1,0,15,0,70,,34115,1,0,15,0,30,,34116,1,0,15,0,70,,34117,1,0,15,0,30,,34118,1,0,15,0,70,,34119,1,0,15,0,30,,34120,1,0,15,0,70,,34121,1,0,15,0,30,,34122,1,0,15,0,70,,34123,1,0,15,0,30,,34124,1,0,15,0,70,,34125,1,0,15,0,30,,34126,1,0,15,0,100,,34127,1,0,15,0,100,,34128,1,0,15,0,100,,34129,1,0,15,0
647704,'1355',928,,34148,36,4,,0,100,,34147,36,4,,0,30,,34146,36,4,,0,70,,34145,36,4,,0,30,,34144,36,4,,0,70,,34143,36,4,,0,30,,34142,36,4,,0,70,,34141,36,4,,0,30,,34140,36,4,,0,70,,34139,36,4,,0,30,,34138,36,4,,0,70,,34137,36,4,,0,30,,34136,36,4,,0,70,,34135,36,4,,0,30,,34134,36,4,,0,70,,34133,36,4,,0,30,,34132,36,4,,0,70,,34131,36,4,,0,100,,34130,36,4,,0
647704,'1356',828,,34149,36,4,,0,100,,34150,36,4,,0,30,,34151,36,4,,0,70,,34152,36,4,,0,30,,34153,36,4,,0,70,,34154,36,4,,0,30,,34155,36,4,,0,70,,34156,36,4,,0,30,,34157,36,4,,0,70,,34158,36,4,,0,30,,34159,36,4,,0,70,,34160,36,4,,0,30,,34161,36,4,,0,70,,34162,36,4,,0,30,,34163,36,4,,0,70,,34164,36,4,,0,30,,34165,36,4,,0,70,,34166,36,4,,0,30,,34167,36,4,,0,70,,34168,36,4,,0,30,,34169,36,4,,0,70,,34170,36,4,,0,30,,34171,36,4,,0,70,,34172,36,4,,0,100,,34173,36,4,,0,100,,34174,36,4,,0
647704,'1357',628,,34175,36,4,,0,100,,34176,36,4,,0,30,,34177,36,4,,0,70,,34178,36,4,,0,30,,34179,36,4,,0,70,,34180,36,4,,0,30,,34181,36,4,,0,70,,34182,36,4,,0,30,,34183,36,4,,0,70,,34184,36,4,,0,30,,34185,36,4,,0,70,,34186,36,4,,0,30,,34187,36,4,,0,70,,34188,36,4,,0,30,,34189,36,4,,0,70,,34190,36,4,,0,30,,34191,36,4,,0,70,,34192,36,4,,0,30,,34193,36,4,,0,70,,34194,36,4,,0,30,,34195,36,4,,0,70,,34196,36,4,,0,30,,34197,36,4,,0,70,,34198,36,4,,0,30,,34199,36,4,,0,70,,34200,36,4,,0,30,,34201,36,4,,0,70,,34202,36,4,,0,30,,34203,36,4,,0,70,,34204,36,4,,0,100,,34205,36,4,,0,100,,34206,36,4,,0
647704,'1358',628,,34207,36,4,,0,100,,34208,36,4,,0,30,,34209,36,4,,0,70,,34210,36,4,,0,30,,34211,36,4,,0,70,,34212,36,4,,0,30,,34213,36,4,,0,70,,34214,36,4,,0,30,,34215,36,4,,0,70,,34216,36,4,,0,30,,34217,36,4,,0,70,,34218,36,4,,0,30,,34219,36,4,,0,70,,34220,36,4,,0,30,,34221,36,4,,0,70,,34222,36,4,,0,30,,34223,36,4,,0,70,,34224,36,4,,0,30,,34225,36,4,,0,70,,34226,36,4,,0,30,,34227,36,4,,0,70,,34228,36,4,,0,30,,34229,36,4,,0,70,,34230,36,4,,0,30,,34231,36,4,,0,70,,34232,36,4,,0,30,,34233,36,4,,0,70,,34234,36,4,,0,30,,34235,36,4,,0,70,,34236,36,4,,0,100,,34237,36,4,,0,100,,34238,36,4,,0
647704,'1359',628,,34239,36,4,,0,100,,34240,36,4,,0,30,,34241,36,4,,0,70,,34242,36,4,,0,30,,34243,36,4,,0,70,,34244,36,4,,0,30,,34245,36,4,,0,70,,34246,36,4,,0,30,,34247,36,4,,0,70,,34248,36,4,,0,30,,34249,36,4,,0,70,,34250,36,4,,0,30,,34251,36,4,,0,70,,34252,36,4,,0,30,,34253,36,4,,0,70,,34254,36,4,,0,30,,34255,36,4,,0,70,,34256,36,4,,0,30,,34257,36,4,,0,70,,34258,36,4,,0,30,,34259,36,4,,0,70,,34260,36,4,,0,30,,34261,36,4,,0,70,,34262,36,4,,0,30,,34263,36,4,,0,70,,34264,36,4,,0,30,,34265,36,4,,0,70,,34266,36,4,,0,30,,34267,36,4,,0,70,,34268,36,4,,0,100,,34269,36,4,,0,100,,34270,36,4,,0
647704,'1360',628,,34271,36,4,,0,100,,34272,36,4,,0,30,,34273,36,4,,0,70,,34274,36,4,,0,30,,34275,36,4,,0,70,,34276,36,4,,0,30,,34277,36,4,,0,70,,34278,36,4,,0,30,,34279,36,4,,0,70,,34280,36,4,,0,30,,34281,36,4,,0,70,,34282,36,4,,0,30,,34283,36,4,,0,70,,34284,36,4,,0,30,,34285,36,4,,0,70,,34286,36,4,,0,30,,34287,36,4,,0,70,,34288,36,4,,0,30,,34289,36,4,,0,70,,34290,36,4,,0,30,,34291,36,4,,0,70,,34292,36,4,,0,30,,34293,36,4,,0,70,,34294,36,4,,0,30,,34295,36,4,,0,70,,34296,36,4,,0,30,,34297,36,4,,0,70,,34298,36,4,,0,30,,34299,36,4,,0,70,,34300,36,4,,0,100,,34301,36,4,,0,100,,34302,36,4,,0
647704,'1361',628,,34303,36,4,,0,100,,34304,36,4,,0,30,,34305,36,4,,0,70,,34306,36,4,,0,30,,34307,36,4,,0,70,,34308,36,4,,0,30,,34309,36,4,,0,70,,34310,36,4,,0,30,,34311,36,4,,0,70,,34312,36,4,,0,30,,34313,36,4,,0,70,,34314,36,4,,0,30,,34315,36,4,,0,70,,34316,36,4,,0,30,,34317,36,4,,0,70,,34318,36,4,,0,30,,34319,36,4,,0,70,,34320,36,4,,0,30,,34321,36,4,,0,70,,34322,36,4,,0,30,,34323,36,4,,0,70,,34324,36,4,,0,30,,34325,36,4,,0,70,,34326,36,4,,0,30,,34327,36,4,,0,70,,34328,36,4,,0,30,,34329,36,4,,0,70,,34330,36,4,,0,30,,34331,36,4,,0,70,,34332,36,4,,0,100,,34333,36,4,,0,100,,34334,36,4,,0
721203,'1355',944,,34348,1,0,15,0,85,,34347,1,0,15,0,85,,34346,1,0,15,0,45,,34345,1,0,15,0,85,,34344,1,0,15,0,85,,34343,1,0,15,0,85,,34342,1,0,15,0,45,,34341,1,0,15,0,85,,34340,1,0,15,0,85,,34339,1,0,15,0,85,,34338,1,0,15,0,45,,34337,1,0,15,0,85,,34336,1,0,15,0,85,,34335,1,0,15,0
721203,'1356',644,,34349,1,0,15,0,85,,34350,1,0,15,0,85,,34351,1,0,15,0,45,,34352,1,0,15,0,85,,34353,1,0,15,0,85,,34354,1,0,15,0,30,,34355,1,0,15,0,70,,34356,1,0,15,0,30,,34357,1,0,15,0,70,,34358,1,0,15,0,30,,34359,1,0,15,0,70,,34360,1,0,15,0,30,,34361,1,0,15,0,70,,34362,1,0,15,0,30,,34363,1,0,15,0,70,,34364,1,0,15,0,30,,34365,1,0,15,0,70,,34366,1,0,15,0,30,,34367,1,0,15,0,70,,34368,1,0,15,0,30,,34369,1,0,15,0,70,,34370,1,0,15,0,85,,34371,1,0,15,0,45,,34372,1,0,15,0,85,,34373,1,0,15,0,85,,34374,1,0,15,0,85,,34375,1,0,15,0,45,,34376,1,0,15,0
721203,'1357',614,,34377,1,0,15,0,30,,34378,1,0,15,0,70,,34379,1,0,15,0,30,,34380,1,0,15,0,15,,34381,1,0,15,0,55,,34382,1,0,15,0,15,,34383,1,0,15,0,15,,34384,1,0,15,0,70,,34385,1,0,15,0,30,,34386,1,0,15,0,70,,34387,1,0,15,0,30,,34388,1,0,15,0,70,,34389,1,0,15,0,30,,34390,1,0,15,0,70,,34391,1,0,15,0,30,,34392,1,0,15,0,70,,34393,1,0,15,0,30,,34394,1,0,15,0,70,,34395,1,0,15,0,30,,34396,1,0,15,0,15,,34397,1,0,15,0,55,,34398,1,0,15,0,15,,34399,1,0,15,0,15,,34400,1,0,15,0,70,,34401,1,0,15,0,30,,34402,1,0,15,0,70,,34403,1,0,15,0,30,,34404,1,0,15,0,70,,34405,1,0,15,0,30,,34406,1,0,15,0,85,,34407,1,0,15,0,85,,34408,1,0,15,0,45,,34409,1,0,15,0,85,,34410,1,0,15,0,85,,34411,1,0,15,0,85,,34412,1,0,15,0
721203,'1358',614,,34413,1,0,15,0,30,,34414,1,0,15,0,70,,34415,1,0,15,0,30,,34416,1,0,15,0,15,,34417,1,0,15,0,55,,34418,1,0,15,0,15,,34419,1,0,15,0,15,,34420,1,0,15,0,70,,34421,1,0,15,0,30,,34422,1,0,15,0,70,,34423,1,0,15,0,30,,34424,1,0,15,0,70,,34425,1,0,15,0,30,,34426,1,0,15,0,70,,34427,1,0,15,0,30,,34428,1,0,15,0,70,,34429,1,0,15,0,30,,34430,1,0,15,0,70,,34431,1,0,15,0,30,,34432,1,0,15,0,15,,34433,1,0,15,0,55,,34434,1,0,15,0,15,,34435,1,0,15,0,15,,34436,1,0,15,0,70,,34437,1,0,15,0,30,,34438,1,0,15,0,70,,34439,1,0,15,0,30,,34440,1,0,15,0,70,,34441,1,0,15,0,30,,34442,1,0,15,0,85,,34443,1,0,15,0,85,,34444,1,0,15,0,45,,34445,1,0,15,0,85,,34446,1,0,15,0,85,,34447,1,0,15,0,85,,34448,1,0,15,0
721203,'1359',614,,34449,1,0,15,0,30,,34450,1,0,15,0,70,,34451,1,0,15,0,30,,34452,1,0,15,0,15,,34453,1,0,15,0,55,,34454,1,0,15,0,15,,34455,1,0,15,0,15,,34456,1,0,15,0,70,,34457,1,0,15,0,30,,34458,1,0,15,0,70,,34459,1,0,15,0,30,,34460,1,0,15,0,70,,34461,1,0,15,0,30,,34462,1,0,15,0,70,,34463,1,0,15,0,30,,34464,1,0,15,0,70,,34465,1,0,15,0,30,,34466,1,0,15,0,70,,34467,1,0,15,0,30,,34468,1,0,15,0,15,,34469,1,0,15,0,55,,34470,1,0,15,0,15,,34471,1,0,15,0,15,,34472,1,0,15,0,70,,34473,1,0,15,0,30,,34474,1,0,15,0,70,,34475,1,0,15,0,30,,34476,1,0,15,0,70,,34477,1,0,15,0,30,,34478,1,0,15,0,85,,34479,1,0,15,0,85,,34480,1,0,15,0,45,,34481,1,0,15,0,85,,34482,1,0,15,0,85,,34483,1,0,15,0,85,,34484,1,0,15,0
721203,'1360',614,,34485,1,0,15,0,30,,34486,1,0,15,0,70,,34487,1,0,15,0,30,,34488,1,0,15,0,15,,34489,1,0,15,0,55,,34490,1,0,15,0,15,,34491,1,0,15,0,15,,34492,1,0,15,0,70,,34493,1,0,15,0,30,,34494,1,0,15,0,70,,34495,1,0,15,0,30,,34496,1,0,15,0,70,,34497,1,0,15,0,30,,34498,1,0,15,0,70,,34499,1,0,15,0,30,,34500,1,0,15,0,70,,34501,1,0,15,0,30,,34502,1,0,15,0,70,,34503,1,0,15,0,30,,34504,1,0,15,0,15,,34505,1,0,15,0,55,,34506,1,0,15,0,15,,34507,1,0,15,0,15,,34508,1,0,15,0,70,,34509,1,0,15,0,30,,34510,1,0,15,0,70,,34511,1,0,15,0,30,,34512,1,0,15,0,70,,34513,1,0,15,0,30,,34514,1,0,15,0,85,,34515,1,0,15,0,85,,34516,1,0,15,0,45,,34517,1,0,15,0,85,,34518,1,0,15,0,85,,34519,1,0,15,0,85,,34520,1,0,15,0
721203,'1361',614,,34521,1,0,15,0,30,,34522,1,0,15,0,70,,34523,1,0,15,0,30,,34524,1,0,15,0,15,,34525,1,0,15,0,55,,34526,1,0,15,0,15,,34527,1,0,15,0,15,,34528,1,0,15,0,70,,34529,1,0,15,0,30,,34530,1,0,15,0,70,,34531,1,0,15,0,30,,34532,1,0,15,0,70,,34533,1,0,15,0,30,,34534,1,0,15,0,70,,34535,1,0,15,0,30,,34536,1,0,15,0,70,,34537,1,0,15,0,30,,34538,1,0,15,0,70,,34539,1,0,15,0,30,,34540,1,0,15,0,15,,34541,1,0,15,0,55,,34542,1,0,15,0,15,,34543,1,0,15,0,15,,34544,1,0,15,0,70,,34545,1,0,15,0,30,,34546,1,0,15,0,70,,34547,1,0,15,0,30,,34548,1,0,15,0,70,,34549,1,0,15,0,30,,34550,1,0,15,0,85,,34551,1,0,15,0,85,,34552,1,0,15,0,45,,34553,1,0,15,0,85,,34554,1,0,15,0,85,,34555,1,0,15,0,85,,34556,1,0,15,0
721204,'1355',942,,34570,54,4,,0,85,,34569,54,4,,0,85,,34568,54,4,,0,45,,34567,54,4,,0,85,,34566,54,4,,0,85,,34565,54,4,,0,85,,34564,54,4,,0,45,,34563,54,4,,0,85,,34562,54,4,,0,85,,34561,54,4,,0,85,,34560,54,4,,0,45,,34559,54,4,,0,85,,34558,54,4,,0,85,,34557,54,4,,0
721204,'1356',642,,34571,54,4,,0,85,,34572,54,4,,0,85,,34573,54,4,,0,45,,34574,54,4,,0,85,,34575,54,4,,0,85,,34576,54,4,,0,30,,34577,54,4,,0,70,,34578,54,4,,0,30,,34579,54,4,,0,70,,34580,54,4,,0,30,,34581,54,4,,0,70,,34582,54,4,,0,30,,34583,54,4,,0,70,,34584,54,4,,0,30,,34585,54,4,,0,70,,34586,54,4,,0,30,,34587,54,4,,0,70,,34588,54,4,,0,30,,34589,54,4,,0,70,,34590,54,4,,0,30,,34591,54,4,,0,70,,34592,54,4,,0,85,,34593,54,4,,0,45,,34594,54,4,,0,85,,34595,54,4,,0,85,,34596,54,4,,0,85,,34597,54,4,,0,45,,34598,54,4,,0
721204,'1357',642,,34599,54,4,,0,70,,34600,54,4,,0,30,,34601,54,4,,0,15,,34602,54,4,,0,55,,34603,54,4,,0,15,,34604,54,4,,0,15,,34605,54,4,,0,70,,34606,54,4,,0,30,,34607,54,4,,0,70,,34608,54,4,,0,30,,34609,54,4,,0,70,,34610,54,4,,0,30,,34611,54,4,,0,70,,34612,54,4,,0,30,,34613,54,4,,0,70,,34614,54,4,,0,30,,34615,54,4,,0,70,,34616,54,4,,0,30,,34617,54,4,,0,15,,34618,54,4,,0,55,,34619,54,4,,0,15,,34620,54,4,,0,15,,34621,54,4,,0,70,,34622,54,4,,0,30,,34623,54,4,,0,70,,34624,54,4,,0,30,,34625,54,4,,0,70,,34626,54,4,,0,30,,34627,54,4,,0,85,,34628,54,4,,0,85,,34629,54,4,,0,45,,34630,54,4,,0,85,,34631,54,4,,0,85,,34632,54,4,,0,85,,34633,54,4,,0
721204,'1358',642,,34634,54,4,,0,70,,34635,54,4,,0,30,,34636,54,4,,0,15,,34637,54,4,,0,55,,34638,54,4,,0,15,,34639,54,4,,0,15,,34640,54,4,,0,70,,34641,54,4,,0,30,,34642,54,4,,0,70,,34643,54,4,,0,30,,34644,54,4,,0,70,,34645,54,4,,0,30,,34646,54,4,,0,70,,34647,54,4,,0,30,,34648,54,4,,0,70,,34649,54,4,,0,30,,34650,54,4,,0,70,,34651,54,4,,0,30,,34652,54,4,,0,15,,34653,54,4,,0,55,,34654,54,4,,0,15,,34655,54,4,,0,15,,34656,54,4,,0,70,,34657,54,4,,0,30,,34658,54,4,,0,70,,34659,54,4,,0,30,,34660,54,4,,0,70,,34661,54,4,,0,30,,34662,54,4,,0,85,,34663,54,4,,0,85,,34664,54,4,,0,45,,34665,54,4,,0,85,,34666,54,4,,0,85,,34667,54,4,,0,85,,34668,54,4,,0
721204,'1359',642,,34669,54,4,,0,70,,34670,54,4,,0,30,,34671,54,4,,0,15,,34672,54,4,,0,55,,34673,54,4,,0,15,,34674,54,4,,0,15,,34675,54,4,,0,70,,34676,54,4,,0,30,,34677,54,4,,0,70,,34678,54,4,,0,30,,34679,54,4,,0,70,,34680,54,4,,0,30,,34681,54,4,,0,70,,34682,54,4,,0,30,,34683,54,4,,0,70,,34684,54,4,,0,30,,34685,54,4,,0,70,,34686,54,4,,0,30,,34687,54,4,,0,15,,34688,54,4,,0,55,,34689,54,4,,0,15,,34690,54,4,,0,15,,34691,54,4,,0,70,,34692,54,4,,0,30,,34693,54,4,,0,70,,34694,54,4,,0,30,,34695,54,4,,0,70,,34696,54,4,,0,30,,34697,54,4,,0,85,,34698,54,4,,0,85,,34699,54,4,,0,45,,34700,54,4,,0,85,,34701,54,4,,0,85,,34702,54,4,,0,85,,34703,54,4,,0
721204,'1360',642,,34704,54,4,,0,70,,34705,54,4,,0,30,,34706,54,4,,0,15,,34707,54,4,,0,55,,34708,54,4,,0,15,,34709,54,4,,0,15,,34710,54,4,,0,70,,34711,54,4,,0,30,,34712,54,4,,0,70,,34713,54,4,,0,30,,34714,54,4,,0,70,,34715,54,4,,0,30,,34716,54,4,,0,70,,34717,54,4,,0,30,,34718,54,4,,0,70,,34719,54,4,,0,30,,34720,54,4,,0,70,,34721,54,4,,0,30,,34722,54,4,,0,15,,34723,54,4,,0,55,,34724,54,4,,0,15,,34725,54,4,,0,15,,34726,54,4,,0,70,,34727,54,4,,0,30,,34728,54,4,,0,70,,34729,54,4,,0,30,,34730,54,4,,0,70,,34731,54,4,,0,30,,34732,54,4,,0,85,,34733,54,4,,0,85,,34734,54,4,,0,45,,34735,54,4,,0,85,,34736,54,4,,0,85,,34737,54,4,,0,85,,34738,54,4,,0
721204,'1361',642,,34739,54,4,,0,70,,34740,54,4,,0,30,,34741,54,4,,0,15,,34742,54,4,,0,55,,34743,54,4,,0,15,,34744,54,4,,0,15,,34745,54,4,,0,70,,34746,54,4,,0,30,,34747,54,4,,0,70,,34748,54,4,,0,30,,34749,54,4,,0,70,,34750,54,4,,0,30,,34751,54,4,,0,70,,34752,54,4,,0,30,,34753,54,4,,0,70,,34754,54,4,,0,30,,34755,54,4,,0,70,,34756,54,4,,0,30,,34757,54,4,,0,15,,34758,54,4,,0,55,,34759,54,4,,0,15,,34760,54,4,,0,15,,34761,54,4,,0,70,,34762,54,4,,0,30,,34763,54,4,,0,70,,34764,54,4,,0,30,,34765,54,4,,0,70,,34766,54,4,,0,30,,34767,54,4,,0,85,,34768,54,4,,0,85,,34769,54,4,,0,45,,34770,54,4,,0,85,,34771,54,4,,0,85,,34772,54,4,,0,85,,34773,54,4,,0
721501,'1355',929,,35544,27,0,17,0,100,,35543,27,0,17,0,100,,35542,27,0,17,0,100,,35541,27,0,17,0,100,,35540,27,0,17,0,100,,35539,27,0,17,0,100,,35538,27,0,17,0,100,,35537,27,0,17,0,100,,35536,27,0,17,0,100,,35535,27,0,17,0,100,,35534,27,0,17,0
721501,'1356',729,,35545,27,0,17,0,100,,35546,27,0,17,0,100,,35547,27,0,17,0,100,,35548,27,0,17,0,100,,35549,27,0,17,0,100,,35550,27,0,17,0,30,,35551,27,0,17,0,70,,35552,27,0,17,0,30,,35553,27,0,17,0,70,,35554,27,0,17,0,30,,35555,27,0,17,0,70,,35556,27,0,17,0,30,,35557,27,0,17,0,70,,35558,27,0,17,0,30,,35559,27,0,17,0,70,,35560,27,0,17,0,30,,35561,27,0,17,0,70,,35562,27,0,17,0,100,,35563,27,0,17,0
721501,'1357',729,,35564,27,0,17,0,30,,35565,27,0,17,0,70,,35566,27,0,17,0,30,,35567,27,0,17,0,70,,35568,27,0,17,0,30,,35569,27,0,17,0,70,,35570,27,0,17,0,30,,35571,27,0,17,0,70,,35572,27,0,17,0,30,,35573,27,0,17,0,70,,35574,27,0,17,0,30,,35575,27,0,17,0,70,,35576,27,0,17,0,30,,35577,27,0,17,0,70,,35578,27,0,17,0,30,,35579,27,0,17,0,70,,35580,27,0,17,0,30,,35581,27,0,17,0,70,,35582,27,0,17,0,30,,35583,27,0,17,0,70,,35584,27,0,17,0,30,,35585,27,0,17,0,70,,35586,27,0,17,0,30,,35587,27,0,17,0,70,,35588,27,0,17,0,100,,35589,27,0,17,0,100,,35590,27,0,17,0,100,,35591,27,0,17,0
721501,'1358',729,,35592,27,0,17,0,30,,35593,27,0,17,0,70,,35594,27,0,17,0,30,,35595,27,0,17,0,70,,35596,27,0,17,0,30,,35597,27,0,17,0,70,,35598,27,0,17,0,30,,35599,27,0,17,0,70,,35600,27,0,17,0,30,,35601,27,0,17,0,70,,35602,27,0,17,0,30,,35603,27,0,17,0,70,,35604,27,0,17,0,30,,35605,27,0,17,0,70,,35606,27,0,17,0,30,,35607,27,0,17,0,70,,35608,27,0,17,0,30,,35609,27,0,17,0,70,,35610,27,0,17,0,30,,35611,27,0,17,0,70,,35612,27,0,17,0,30,,35613,27,0,17,0,70,,35614,27,0,17,0,30,,35615,27,0,17,0,70,,35616,27,0,17,0,100,,35617,27,0,17,0,100,,35618,27,0,17,0,100,,35619,27,0,17,0
721501,'1359',729,,35620,27,0,17,0,30,,35621,27,0,17,0,70,,35622,27,0,17,0,30,,35623,27,0,17,0,70,,35624,27,0,17,0,30,,35625,27,0,17,0,70,,35626,27,0,17,0,30,,35627,27,0,17,0,70,,35628,27,0,17,0,30,,35629,27,0,17,0,70,,35630,27,0,17,0,30,,35631,27,0,17,0,70,,35632,27,0,17,0,30,,35633,27,0,17,0,70,,35634,27,0,17,0,30,,35635,27,0,17,0,70,,35636,27,0,17,0,30,,35637,27,0,17,0,70,,35638,27,0,17,0,30,,35639,27,0,17,0,70,,35640,27,0,17,0,30,,35641,27,0,17,0,70,,35642,27,0,17,0,30,,35643,27,0,17,0,70,,35644,27,0,17,0,100,,35645,27,0,17,0,100,,35646,27,0,17,0,100,,35647,27,0,17,0
721501,'1360',729,,35648,27,0,17,0,30,,35649,27,0,17,0,70,,35650,27,0,17,0,30,,35651,27,0,17,0,70,,35652,27,0,17,0,30,,35653,27,0,17,0,70,,35654,27,0,17,0,30,,35655,27,0,17,0,70,,35656,27,0,17,0,30,,35657,27,0,17,0,70,,35658,27,0,17,0,30,,35659,27,0,17,0,70,,35660,27,0,17,0,30,,35661,27,0,17,0,70,,35662,27,0,17,0,30,,35663,27,0,17,0,70,,35664,27,0,17,0,30,,35665,27,0,17,0,70,,35666,27,0,17,0,30,,35667,27,0,17,0,70,,35668,27,0,17,0,30,,35669,27,0,17,0,70,,35670,27,0,17,0,30,,35671,27,0,17,0,70,,35672,27,0,17,0,100,,35673,27,0,17,0,100,,35674,27,0,17,0,100,,35675,27,0,17,0
721501,'1361',729,,35676,27,0,17,0,30,,35677,27,0,17,0,70,,35678,27,0,17,0,30,,35679,27,0,17,0,70,,35680,27,0,17,0,30,,35681,27,0,17,0,70,,35682,27,0,17,0,30,,35683,27,0,17,0,70,,35684,27,0,17,0,30,,35685,27,0,17,0,70,,35686,27,0,17,0,30,,35687,27,0,17,0,70,,35688,27,0,17,0,30,,35689,27,0,17,0,70,,35690,27,0,17,0,30,,35691,27,0,17,0,70,,35692,27,0,17,0,30,,35693,27,0,17,0,70,,35694,27,0,17,0,30,,35695,27,0,17,0,70,,35696,27,0,17,0,30,,35697,27,0,17,0,70,,35698,27,0,17,0,30,,35699,27,0,17,0,70,,35700,27,0,17,0,100,,35701,27,0,17,0,100,,35702,27,0,17,0,100,,35703,27,0,17,0
721502,'1355',924,,35714,27,0,16,0,100,,35713,27,0,16,0,100,,35712,27,0,16,0,100,,35711,27,0,16,0,100,,35710,27,0,16,0,100,,35709,27,0,16,0,100,,35708,27,0,16,0,100,,35707,27,0,16,0,100,,35706,27,0,16,0,100,,35705,27,0,16,0,100,,35704,27,0,16,0
721502,'1356',724,,35715,27,0,16,0,100,,35716,27,0,16,0,100,,35717,27,0,16,0,100,,35718,27,0,16,0,100,,35719,27,0,16,0,100,,35720,27,0,16,0,100,,35721,27,0,16,0,30,,35722,27,0,16,0,70,,35723,27,0,16,0,30,,35724,27,0,16,0,70,,35725,27,0,16,0,30,,35726,27,0,16,0,70,,35727,27,0,16,0,30,,35728,27,0,16,0,70,,35729,27,0,16,0,30,,35730,27,0,16,0,70,,35731,27,0,16,0,30,,35732,27,0,16,0,70,,35733,27,0,16,0
721502,'1357',724,,35735,27,0,16,0,30,,35736,27,0,16,0,70,,35737,27,0,16,0,30,,35738,27,0,16,0,70,,35739,27,0,16,0,30,,35740,27,0,16,0,70,,35741,27,0,16,0,30,,35742,27,0,16,0,70,,35743,27,0,16,0,30,,35744,27,0,16,0,70,,35745,27,0,16,0,30,,35746,27,0,16,0,70,,35747,27,0,16,0,30,,35748,27,0,16,0,70,,35749,27,0,16,0,30,,35750,27,0,16,0,70,,35751,27,0,16,0,30,,35752,27,0,16,0,70,,35753,27,0,16,0,30,,35754,27,0,16,0,70,,35755,27,0,16,0,30,,35756,27,0,16,0,70,,35757,27,0,16,0,30,,35758,27,0,16,0,70,,35759,27,0,16,0,100,,35760,27,0,16,0,100,,35761,27,0,16,0,100,,35762,27,0,16,0
721502,'1358',724,,35764,27,0,16,0,30,,35765,27,0,16,0,70,,35766,27,0,16,0,30,,35767,27,0,16,0,70,,35768,27,0,16,0,30,,35769,27,0,16,0,70,,35770,27,0,16,0,30,,35771,27,0,16,0,70,,35772,27,0,16,0,30,,35773,27,0,16,0,70,,35774,27,0,16,0,30,,35775,27,0,16,0,70,,35776,27,0,16,0,30,,35777,27,0,16,0,70,,35778,27,0,16,0,30,,35779,27,0,16,0,70,,35780,27,0,16,0,30,,35781,27,0,16,0,70,,35782,27,0,16,0,30,,35783,27,0,16,0,70,,35784,27,0,16,0,30,,35785,27,0,16,0,70,,35786,27,0,16,0,30,,35787,27,0,16,0,70,,35788,27,0,16,0,100,,35789,27,0,16,0,100,,35790,27,0,16,0,100,,35791,27,0,16,0
721502,'1359',724,,35793,27,0,16,0,30,,35794,27,0,16,0,70,,35795,27,0,16,0,30,,35796,27,0,16,0,70,,35797,27,0,16,0,30,,35798,27,0,16,0,70,,35799,27,0,16,0,30,,35800,27,0,16,0,70,,35801,27,0,16,0,30,,35802,27,0,16,0,70,,35803,27,0,16,0,30,,35804,27,0,16,0,70,,35805,27,0,16,0,30,,35806,27,0,16,0,70,,35807,27,0,16,0,30,,35808,27,0,16,0,70,,35809,27,0,16,0,30,,35810,27,0,16,0,70,,35811,27,0,16,0,30,,35812,27,0,16,0,70,,35813,27,0,16,0,30,,35814,27,0,16,0,70,,35815,27,0,16,0,30,,35816,27,0,16,0,70,,35817,27,0,16,0,100,,35818,27,0,16,0,100,,35819,27,0,16,0,100,,35820,27,0,16,0
721502,'1360',724,,35822,27,0,16,0,30,,35823,27,0,16,0,70,,35824,27,0,16,0,30,,35825,27,0,16,0,70,,35826,27,0,16,0,30,,35827,27,0,16,0,70,,35828,27,0,16,0,30,,35829,27,0,16,0,70,,35830,27,0,16,0,30,,35831,27,0,16,0,70,,35832,27,0,16,0,30,,35833,27,0,16,0,70,,35834,27,0,16,0,30,,35835,27,0,16,0,70,,35836,27,0,16,0,30,,35837,27,0,16,0,70,,35838,27,0,16,0,30,,35839,27,0,16,0,70,,35840,27,0,16,0,30,,35841,27,0,16,0,70,,35842,27,0,16,0,30,,35843,27,0,16,0,70,,35844,27,0,16,0,30,,35845,27,0,16,0,70,,35846,27,0,16,0,100,,35847,27,0,16,0,100,,35848,27,0,16,0,100,,35849,27,0,16,0
721502,'1361',724,,35851,27,0,16,0,30,,35852,27,0,16,0,70,,35853,27,0,16,0,30,,35854,27,0,16,0,70,,35855,27,0,16,0,30,,35856,27,0,16,0,70,,35857,27,0,16,0,30,,35858,27,0,16,0,70,,35859,27,0,16,0,30,,35860,27,0,16,0,70,,35861,27,0,16,0,30,,35862,27,0,16,0,70,,35863,27,0,16,0,30,,35864,27,0,16,0,70,,35865,27,0,16,0,30,,35866,27,0,16,0,70,,35867,27,0,16,0,30,,35868,27,0,16,0,70,,35869,27,0,16,0,30,,35870,27,0,16,0,70,,35871,27,0,16,0,30,,35872,27,0,16,0,70,,35873,27,0,16,0,30,,35874,27,0,16,0,70,,35875,27,0,16,0,100,,35876,27,0,16,0,100,,35877,27,0,16,0,100,,35878,27,0,16,0
