1900,'1355',858,,31299,1,,,0,100,,31298,1,,,0,100,,31297,1,,,0,100,,31296,1,,,0,100,,31295,1,,,0,100,,31294,1,,,0,100,,31293,1,,,0,100,,31292,1,,,0,100,,31291,1,,,0,100,,31290,1,,,0,100,,31289,1,,,0,100,,31288,1,,,0
1900,'1356',758,,31300,1,,,0,100,,31301,1,,,0,100,,31302,1,,,0,70,,31303,1,,,0,30,,31304,1,,,0,70,,31305,1,,,0,30,,31306,1,,,0,70,,31307,1,,,0,30,,31308,1,,,0,70,,31309,1,,,0,30,,31310,1,,,0,70,,31311,1,,,0,30,,31312,1,,,0,70,,31313,1,,,0,30,,31314,1,,,0,70,,31315,1,,,0,30,,31316,1,,,0,70,,31317,1,,,0,30,,31318,1,,,0,70,,31319,1,,,0,30,,31320,1,,,0,70,,31321,1,,,0,30,,31322,1,,,0,100,,31323,1,,,0,100,,31324,1,,,0,100,,31325,1,,,0
1900,'1357',558,,31326,1,,,0,70,,31327,1,,,0,30,,31328,1,,,0,70,,31329,1,,,0,30,,31330,1,,,0,70,,31331,1,,,0,30,,31332,1,,,0,70,,31333,1,,,0,30,,31334,1,,,0,70,,31335,1,,,0,30,,31336,1,,,0,70,,31337,1,,,0,30,,31338,1,,,0,70,,31339,1,,,0,30,,31340,1,,,0,70,,31341,1,,,0,30,,31342,1,,,0,70,,31343,1,,,0,30,,31344,1,,,0,70,,31345,1,,,0,30,,31346,1,,,0,70,,31347,1,,,0,30,,31348,1,,,0,70,,31349,1,,,0,30,,31350,1,,,0,70,,31351,1,,,0,30,,31352,1,,,0,70,,31353,1,,,0,30,,31354,1,,,0,70,,31355,1,,,0,30,,31356,1,,,0,70,,31357,1,,,0,100,,31358,1,,,0,100,,31359,1,,,0
1900,'1358',558,,31360,1,,,0,70,,31361,1,,,0,30,,31362,1,,,0,70,,31363,1,,,0,30,,31364,1,,,0,70,,31365,1,,,0,30,,31366,1,,,0,70,,31367,1,,,0,30,,31368,1,,,0,70,,31369,1,,,0,30,,31370,1,,,0,70,,31371,1,,,0,30,,31372,1,,,0,70,,31373,1,,,0,30,,31374,1,,,0,70,,31375,1,,,0,30,,31376,1,,,0,70,,31377,1,,,0,30,,31378,1,,,0,70,,31379,1,,,0,30,,31380,1,,,0,70,,31381,1,,,0,30,,31382,1,,,0,70,,31383,1,,,0,30,,31384,1,,,0,70,,31385,1,,,0,30,,31386,1,,,0,70,,31387,1,,,0,30,,31388,1,,,0,70,,31389,1,,,0,30,,31390,1,,,0,70,,31391,1,,,0,100,,31392,1,,,0,100,,31393,1,,,0
1900,'1359',558,,31394,1,,,0,70,,31395,1,,,0,30,,31396,1,,,0,70,,31397,1,,,0,30,,31398,1,,,0,70,,31399,1,,,0,30,,31400,1,,,0,70,,31401,1,,,0,30,,31402,1,,,0,70,,31403,1,,,0,30,,31404,1,,,0,70,,31405,1,,,0,30,,31406,1,,,0,70,,31407,1,,,0,30,,31408,1,,,0,70,,31409,1,,,0,30,,31410,1,,,0,70,,31411,1,,,0,30,,31412,1,,,0,70,,31413,1,,,0,30,,31414,1,,,0,70,,31415,1,,,0,30,,31416,1,,,0,70,,31417,1,,,0,30,,31418,1,,,0,70,,31419,1,,,0,30,,31420,1,,,0,70,,31421,1,,,0,30,,31422,1,,,0,70,,31423,1,,,0,30,,31424,1,,,0,70,,31425,1,,,0,100,,31426,1,,,0,100,,31427,1,,,0
1900,'1360',558,,31428,1,,,0,70,,31429,1,,,0,30,,31430,1,,,0,70,,31431,1,,,0,30,,31432,1,,,0,70,,31433,1,,,0,30,,31434,1,,,0,70,,31435,1,,,0,30,,31436,1,,,0,70,,31437,1,,,0,30,,31438,1,,,0,70,,31439,1,,,0,30,,31440,1,,,0,70,,31441,1,,,0,30,,31442,1,,,0,70,,31443,1,,,0,30,,31444,1,,,0,70,,31445,1,,,0,30,,31446,1,,,0,70,,31447,1,,,0,30,,31448,1,,,0,70,,31449,1,,,0,30,,31450,1,,,0,70,,31451,1,,,0,30,,31452,1,,,0,70,,31453,1,,,0,30,,31454,1,,,0,70,,31455,1,,,0,30,,31456,1,,,0,70,,31457,1,,,0,30,,31458,1,,,0,70,,31459,1,,,0,100,,31460,1,,,0,100,,31461,1,,,0
1900,'1361',558,,31462,1,,,0,70,,31463,1,,,0,30,,31464,1,,,0,70,,31465,1,,,0,30,,31466,1,,,0,70,,31467,1,,,0,30,,31468,1,,,0,70,,31469,1,,,0,30,,31470,1,,,0,70,,31471,1,,,0,30,,31472,1,,,0,70,,31473,1,,,0,30,,31474,1,,,0,70,,31475,1,,,0,30,,31476,1,,,0,70,,31477,1,,,0,30,,31478,1,,,0,70,,31479,1,,,0,30,,31480,1,,,0,70,,31481,1,,,0,30,,31482,1,,,0,70,,31483,1,,,0,30,,31484,1,,,0,70,,31485,1,,,0,30,,31486,1,,,0,70,,31487,1,,,0,30,,31488,1,,,0,70,,31489,1,,,0,30,,31490,1,,,0,70,,31491,1,,,0,30,,31492,1,,,0,70,,31493,1,,,0,100,,31494,1,,,0,100,,31495,1,,,0
1901,'1355',955,,31507,77,4,,0,100,,31506,77,4,,0,100,,31505,77,4,,0,100,,31504,77,4,,0,100,,31503,77,4,,0,100,,31502,77,4,,0,100,,31501,77,4,,0,100,,31500,77,4,,0,100,,31499,77,4,,0,100,,31498,77,4,,0,100,,31497,77,4,,0,100,,31496,77,4,,0
1901,'1356',855,,31508,77,4,,0,100,,31509,77,4,,0,100,,31510,77,4,,0,70,,31511,77,4,,0,30,,31512,77,4,,0,70,,31513,77,4,,0,30,,31514,77,4,,0,70,,31515,77,4,,0,30,,31516,77,4,,0,70,,31517,77,4,,0,30,,31518,77,4,,0,70,,31519,77,4,,0,30,,31520,77,4,,0,70,,31521,77,4,,0,30,,31522,77,4,,0,70,,31523,77,4,,0,30,,31524,77,4,,0,70,,31525,77,4,,0,30,,31526,77,4,,0,70,,31527,77,4,,0,30,,31528,77,4,,0,70,,31529,77,4,,0,30,,31530,77,4,,0,100,,31531,77,4,,0,100,,31532,77,4,,0,100,,31533,77,4,,0
1901,'1357',655,,31534,77,4,,0,70,,31535,77,4,,0,30,,31536,77,4,,0,70,,31537,77,4,,0,30,,31538,77,4,,0,70,,31539,77,4,,0,30,,31540,77,4,,0,70,,31541,77,4,,0,30,,31542,77,4,,0,70,,31543,77,4,,0,30,,31544,77,4,,0,70,,31545,77,4,,0,30,,31546,77,4,,0,70,,31547,77,4,,0,30,,31548,77,4,,0,70,,31549,77,4,,0,30,,31550,77,4,,0,70,,31551,77,4,,0,30,,31552,77,4,,0,70,,31553,77,4,,0,30,,31554,77,4,,0,70,,31555,77,4,,0,30,,31556,77,4,,0,70,,31557,77,4,,0,30,,31558,77,4,,0,70,,31559,77,4,,0,30,,31560,77,4,,0,70,,31561,77,4,,0,30,,31562,77,4,,0,70,,31563,77,4,,0,30,,31564,77,4,,0,70,,31565,77,4,,0,100,,31566,77,4,,0,100,,31567,77,4,,0
1901,'1358',655,,31568,77,4,,0,70,,31569,77,4,,0,30,,31570,77,4,,0,70,,31571,77,4,,0,30,,31572,77,4,,0,70,,31573,77,4,,0,30,,31574,77,4,,0,70,,31575,77,4,,0,30,,31576,77,4,,0,70,,31577,77,4,,0,30,,31578,77,4,,0,70,,31579,77,4,,0,30,,31580,77,4,,0,70,,31581,77,4,,0,30,,31582,77,4,,0,70,,31583,77,4,,0,30,,31584,77,4,,0,70,,31585,77,4,,0,30,,31586,77,4,,0,70,,31587,77,4,,0,30,,31588,77,4,,0,70,,31589,77,4,,0,30,,31590,77,4,,0,70,,31591,77,4,,0,30,,31592,77,4,,0,70,,31593,77,4,,0,30,,31594,77,4,,0,70,,31595,77,4,,0,30,,31596,77,4,,0,70,,31597,77,4,,0,30,,31598,77,4,,0,70,,31599,77,4,,0,100,,31600,77,4,,0,100,,31601,77,4,,0
1901,'1359',655,,31602,77,4,,0,70,,31603,77,4,,0,30,,31604,77,4,,0,70,,31605,77,4,,0,30,,31606,77,4,,0,70,,31607,77,4,,0,30,,31608,77,4,,0,70,,31609,77,4,,0,30,,31610,77,4,,0,70,,31611,77,4,,0,30,,31612,77,4,,0,70,,31613,77,4,,0,30,,31614,77,4,,0,70,,31615,77,4,,0,30,,31616,77,4,,0,70,,31617,77,4,,0,30,,31618,77,4,,0,70,,31619,77,4,,0,30,,31620,77,4,,0,70,,31621,77,4,,0,30,,31622,77,4,,0,70,,31623,77,4,,0,30,,31624,77,4,,0,70,,31625,77,4,,0,30,,31626,77,4,,0,70,,31627,77,4,,0,30,,31628,77,4,,0,70,,31629,77,4,,0,30,,31630,77,4,,0,70,,31631,77,4,,0,30,,31632,77,4,,0,70,,31633,77,4,,0,100,,31634,77,4,,0,100,,31635,77,4,,0
1901,'1360',655,,31636,77,4,,0,70,,31637,77,4,,0,30,,31638,77,4,,0,70,,31639,77,4,,0,30,,31640,77,4,,0,70,,31641,77,4,,0,30,,31642,77,4,,0,70,,31643,77,4,,0,30,,31644,77,4,,0,70,,31645,77,4,,0,30,,31646,77,4,,0,70,,31647,77,4,,0,30,,31648,77,4,,0,70,,31649,77,4,,0,30,,31650,77,4,,0,70,,31651,77,4,,0,30,,31652,77,4,,0,70,,31653,77,4,,0,30,,31654,77,4,,0,70,,31655,77,4,,0,30,,31656,77,4,,0,70,,31657,77,4,,0,30,,31658,77,4,,0,70,,31659,77,4,,0,30,,31660,77,4,,0,70,,31661,77,4,,0,30,,31662,77,4,,0,70,,31663,77,4,,0,30,,31664,77,4,,0,70,,31665,77,4,,0,30,,31666,77,4,,0,70,,31667,77,4,,0,100,,31668,77,4,,0,100,,31669,77,4,,0
1901,'1361',655,,31670,77,4,,0,70,,31671,77,4,,0,30,,31672,77,4,,0,70,,31673,77,4,,0,30,,31674,77,4,,0,70,,31675,77,4,,0,30,,31676,77,4,,0,70,,31677,77,4,,0,30,,31678,77,4,,0,70,,31679,77,4,,0,30,,31680,77,4,,0,70,,31681,77,4,,0,30,,31682,77,4,,0,70,,31683,77,4,,0,30,,31684,77,4,,0,70,,31685,77,4,,0,30,,31686,77,4,,0,70,,31687,77,4,,0,30,,31688,77,4,,0,70,,31689,77,4,,0,30,,31690,77,4,,0,70,,31691,77,4,,0,30,,31692,77,4,,0,70,,31693,77,4,,0,30,,31694,77,4,,0,70,,31695,77,4,,0,30,,31696,77,4,,0,70,,31697,77,4,,0,30,,31698,77,4,,0,70,,31699,77,4,,0,30,,31700,77,4,,0,70,,31701,77,4,,0,100,,31702,77,4,,0,100,,31703,77,4,,0
722502,'1357',612,,35969,41,0,16,0,100,,35970,41,0,16,0,100,,35971,41,0,16,0,100,,35972,41,0,16,0,100,,35973,41,0,16,0,100,,35974,41,0,16,0,100,,35975,41,0,16,0,100,,35976,41,0,16,0,100,,35977,41,0,16,0,100,,35978,41,0,16,0,100,,35979,41,0,16,0,100,,35980,41,0,16,0,100,,35981,41,0,16,0,100,,35982,41,0,16,0,100,,35983,41,0,16,0,100,,35984,41,0,16,0,100,,35985,41,0,16,0,100,,35986,41,0,16,0
722502,'1358',612,,35987,41,0,16,0,100,,35988,41,0,16,0,100,,35989,41,0,16,0,100,,35990,41,0,16,0,100,,35991,41,0,16,0,100,,35992,41,0,16,0,100,,35993,41,0,16,0,100,,35994,41,0,16,0,100,,35995,41,0,16,0,100,,35996,41,0,16,0,100,,35997,41,0,16,0,100,,35998,41,0,16,0,100,,35999,41,0,16,0,100,,36000,41,0,16,0,100,,36001,41,0,16,0,100,,36002,41,0,16,0,100,,36003,41,0,16,0,100,,36004,41,0,16,0
722502,'1359',612,,36005,41,0,16,0,100,,36006,41,0,16,0,100,,36007,41,0,16,0,100,,36008,41,0,16,0,100,,36009,41,0,16,0,100,,36010,41,0,16,0,100,,36011,41,0,16,0,100,,36012,41,0,16,0,100,,36013,41,0,16,0,100,,36014,41,0,16,0,100,,36015,41,0,16,0,100,,36016,41,0,16,0,100,,36017,41,0,16,0,100,,36018,41,0,16,0,100,,36019,41,0,16,0,100,,36020,41,0,16,0,100,,36021,41,0,16,0,100,,36022,41,0,16,0
722502,'1360',612,,36023,41,0,16,0,100,,36024,41,0,16,0,100,,36025,41,0,16,0,100,,36026,41,0,16,0,100,,36027,41,0,16,0,100,,36028,41,0,16,0,100,,36029,41,0,16,0,100,,36030,41,0,16,0,100,,36031,41,0,16,0,100,,36032,41,0,16,0,100,,36033,41,0,16,0,100,,36034,41,0,16,0,100,,36035,41,0,16,0,100,,36036,41,0,16,0,100,,36037,41,0,16,0,100,,36038,41,0,16,0,100,,36039,41,0,16,0,100,,36040,41,0,16,0
722502,'1361',612,,36041,41,0,16,0,100,,36042,41,0,16,0,100,,36043,41,0,16,0,100,,36044,41,0,16,0,100,,36045,41,0,16,0,100,,36046,41,0,16,0,100,,36047,41,0,16,0,100,,36048,41,0,16,0,100,,36049,41,0,16,0,100,,36050,41,0,16,0,100,,36051,41,0,16,0,100,,36052,41,0,16,0,100,,36053,41,0,16,0,100,,36054,41,0,16,0,100,,36055,41,0,16,0,100,,36056,41,0,16,0,100,,36057,41,0,16,0,100,,36058,41,0,16,0
