2000,'1348',918,,24502,4,,,0
2000,'1349',618,,24518,4,,,0
2000,'1350',543,,24558,4,,,0
2000,'1351',543,,24606,4,,,0
2000,'1352',543,,24654,4,,,0
2000,'1353',543,,24702,4,,,0
2000,'1354',543,,24750,4,,,0
2001,'1348',1003,,24801,72,,,0,45,,24800,72,,,0,85,,24799,72,,,0,85,,24798,72,,,0,85,,24797,72,,,0,45,,24796,72,,,0,85,,24792,72,,,0,85,,24803,72,,,0,85,,24802,72,,,0,45,,24795,72,,,0,86,,24794,72,,,0,84,,24793,72,,,0,85,,24791,72,,,0,45,,24790,72,,,0,85,,24789,72,,,0
2001,'1349',703,,24821,72,,,0,45,,24822,72,,,0,85,,24823,72,,,0,85,,24824,72,,,0,38,,24804,72,,,0,70,,24805,72,,,0,30,,24806,72,,,0,70,,24807,72,,,0,80,,24808,72,,,0,30,,24809,72,,,0,70,,24810,72,,,0,30,,24811,72,,,0,80,,24812,72,,,0,30,,24813,72,,,0,70,,24814,72,,,0,30,,24815,72,,,0,80,,24816,72,,,0,30,,24817,72,,,0,70,,24818,72,,,0,30,,24819,72,,,0,80,,24820,72,,,0,77,,24825,72,,,0,45,,24826,72,,,0,85,,24827,72,,,0,85,,24828,72,,,0,85,,24829,72,,,0,45,,24830,72,,,0,85,,24831,72,,,0,85,,24832,72,,,0,85,,24833,72,,,0
2001,'1350',643,,24834,72,,,0,60,,24835,72,,,0,20,,24836,72,,,0,20,,24837,72,,,0,60,,24838,72,,,0,20,,24839,72,,,0,20,,24840,72,,,0,60,,24841,72,,,0,20,,24842,72,,,0,20,,24843,72,,,0,60,,24844,72,,,0,20,,24845,72,,,0,20,,24846,72,,,0,60,,24847,72,,,0,20,,24848,72,,,0,20,,24849,72,,,0,60,,24850,72,,,0,20,,24851,72,,,0,20,,24852,72,,,0,60,,24853,72,,,0,20,,24854,72,,,0,20,,24855,72,,,0,60,,24856,72,,,0,20,,24857,72,,,0,20,,24858,72,,,0,60,,24859,72,,,0,20,,24860,72,,,0,20,,24861,72,,,0,60,,24862,72,,,0,20,,24863,72,,,0,20,,24864,72,,,0,60,,24865,72,,,0,20,,24866,72,,,0,20,,24867,72,,,0,60,,24868,72,,,0,20,,24869,72,,,0,20,,24870,72,,,0,60,,24871,72,,,0,45,,24872,72,,,0,85,,24873,72,,,0,85,,24874,72,,,0,85,,24875,72,,,0,45,,24876,72,,,0,85,,24877,72,,,0,85,,24878,72,,,0,85,,24879,72,,,0,45,,24880,72,,,0
2001,'1351',643,,24881,72,,,0,60,,24882,72,,,0,20,,24883,72,,,0,20,,24884,72,,,0,60,,24885,72,,,0,20,,24886,72,,,0,20,,24887,72,,,0,60,,24888,72,,,0,20,,24889,72,,,0,20,,24890,72,,,0,60,,24891,72,,,0,20,,24892,72,,,0,20,,24893,72,,,0,60,,24894,72,,,0,20,,24895,72,,,0,20,,24896,72,,,0,60,,24897,72,,,0,20,,24898,72,,,0,20,,24899,72,,,0,60,,24900,72,,,0,20,,24901,72,,,0,20,,24902,72,,,0,60,,24903,72,,,0,20,,24904,72,,,0,20,,24905,72,,,0,60,,24906,72,,,0,20,,24907,72,,,0,20,,24908,72,,,0,60,,24909,72,,,0,20,,24910,72,,,0,20,,24911,72,,,0,60,,24912,72,,,0,20,,24913,72,,,0,20,,24914,72,,,0,60,,24915,72,,,0,20,,24916,72,,,0,20,,24917,72,,,0,60,,24918,72,,,0,45,,24919,72,,,0,85,,24920,72,,,0,85,,24921,72,,,0,85,,24922,72,,,0,45,,24923,72,,,0,85,,24924,72,,,0,85,,24925,72,,,0,85,,24926,72,,,0,45,,24927,72,,,0
2001,'1352',643,,24928,72,,,0,60,,24929,72,,,0,20,,24930,72,,,0,20,,24931,72,,,0,60,,24932,72,,,0,20,,24933,72,,,0,20,,24934,72,,,0,60,,24935,72,,,0,20,,24936,72,,,0,20,,24937,72,,,0,60,,24938,72,,,0,20,,24939,72,,,0,20,,24940,72,,,0,60,,24941,72,,,0,20,,24942,72,,,0,20,,24943,72,,,0,60,,24944,72,,,0,20,,24945,72,,,0,20,,24946,72,,,0,60,,24947,72,,,0,20,,24948,72,,,0,20,,24949,72,,,0,60,,24950,72,,,0,20,,24951,72,,,0,20,,24952,72,,,0,60,,24953,72,,,0,20,,24954,72,,,0,20,,24955,72,,,0,60,,24956,72,,,0,20,,24957,72,,,0,20,,24958,72,,,0,60,,24959,72,,,0,20,,24960,72,,,0,20,,24961,72,,,0,60,,24962,72,,,0,20,,24963,72,,,0,20,,24964,72,,,0,60,,24965,72,,,0,45,,24966,72,,,0,85,,24967,72,,,0,85,,24968,72,,,0,85,,24969,72,,,0,45,,24970,72,,,0,85,,24971,72,,,0,85,,24972,72,,,0,85,,24973,72,,,0,45,,24974,72,,,0
2001,'1353',643,,24975,72,,,0,60,,24976,72,,,0,20,,24977,72,,,0,20,,24978,72,,,0,60,,24979,72,,,0,20,,24980,72,,,0,20,,24981,72,,,0,60,,24982,72,,,0,20,,24983,72,,,0,20,,24984,72,,,0,60,,24985,72,,,0,20,,24986,72,,,0,20,,24987,72,,,0,60,,24988,72,,,0,20,,24989,72,,,0,20,,24990,72,,,0,60,,24991,72,,,0,20,,24992,72,,,0,20,,24993,72,,,0,60,,24994,72,,,0,20,,24995,72,,,0,20,,24996,72,,,0,60,,24997,72,,,0,20,,24998,72,,,0,20,,24999,72,,,0,60,,25000,72,,,0,20,,25001,72,,,0,20,,25002,72,,,0,60,,25003,72,,,0,20,,25004,72,,,0,20,,25005,72,,,0,60,,25006,72,,,0,20,,25007,72,,,0,20,,25008,72,,,0,60,,25009,72,,,0,20,,25010,72,,,0,20,,25011,72,,,0,60,,25012,72,,,0,45,,25013,72,,,0,85,,25014,72,,,0,85,,25015,72,,,0,85,,25016,72,,,0,45,,25017,72,,,0,85,,25018,72,,,0,85,,25019,72,,,0,85,,25020,72,,,0,45,,25021,72,,,0
2001,'1354',643,,25022,72,,,0,60,,25023,72,,,0,20,,25024,72,,,0,20,,25025,72,,,0,60,,25026,72,,,0,20,,25027,72,,,0,20,,25028,72,,,0,60,,25029,72,,,0,20,,25030,72,,,0,20,,25031,72,,,0,60,,25032,72,,,0,20,,25033,72,,,0,20,,25034,72,,,0,60,,25035,72,,,0,20,,25036,72,,,0,20,,25037,72,,,0,60,,25038,72,,,0,20,,25039,72,,,0,20,,25040,72,,,0,60,,25041,72,,,0,20,,25042,72,,,0,20,,25043,72,,,0,60,,25044,72,,,0,20,,25045,72,,,0,20,,25046,72,,,0,60,,25047,72,,,0,20,,25048,72,,,0,20,,25049,72,,,0,60,,25050,72,,,0,20,,25051,72,,,0,20,,25052,72,,,0,60,,25053,72,,,0,20,,25054,72,,,0,20,,25055,72,,,0,60,,25056,72,,,0,20,,25057,72,,,0,20,,25058,72,,,0,60,,25059,72,,,0,45,,25060,72,,,0,85,,25061,72,,,0,85,,25062,72,,,0,85,,25063,72,,,0,45,,25064,72,,,0,85,,25065,72,,,0,85,,25066,72,,,0,85,,25067,72,,,0,45,,25068,72,,,0
