400101,'1355',1004,,32864,2,0,11,0,35,,32863,2,0,11,0,75,,32862,2,0,11,0,35,,32861,2,0,11,0,75,,32860,2,0,11,0,35,,32859,2,0,11,0,75,,32858,2,0,11,0,75,,32857,2,0,11,0,35,,32856,2,0,11,0,75,,32855,2,0,11,0,35,,32854,2,0,11,0,75,,32853,2,0,11,0,75,,32852,2,0,11,0,35,,32851,2,0,11,0,75,,32850,2,0,11,0,35,,32849,2,0,11,0
400101,'1356',829,,32865,2,0,11,0,75,,32866,2,0,11,0,35,,32867,2,0,11,0,75,,32868,2,0,11,0,35,,32869,2,0,11,0,75,,32870,2,0,11,0,35,,32871,2,0,11,0,75,,32872,2,0,11,0,75,,32873,2,0,11,0,35,,32874,2,0,11,0,75,,32875,2,0,11,0,35,,32876,2,0,11,0,75,,32877,2,0,11,0,75,,32878,2,0,11,0,35,,32879,2,0,11,0,75,,32880,2,0,11,0,35,,32881,2,0,11,0,75,,32882,2,0,11,0,35,,32883,2,0,11,0,75,,32884,2,0,11,0
400101,'1357',729,,32885,2,0,11,0,75,,32886,2,0,11,0,35,,32887,2,0,11,0,75,,32888,2,0,11,0,35,,32889,2,0,11,0,75,,32890,2,0,11,0,35,,32891,2,0,11,0,75,,32892,2,0,11,0,75,,32893,2,0,11,0,35,,32894,2,0,11,0,75,,32895,2,0,11,0,35,,32896,2,0,11,0,75,,32897,2,0,11,0,75,,32898,2,0,11,0,35,,32899,2,0,11,0,75,,32900,2,0,11,0,35,,32901,2,0,11,0,75,,32902,2,0,11,0,35,,32903,2,0,11,0,75,,32904,2,0,11,0,75,,32905,2,0,11,0,35,,32906,2,0,11,0,75,,32907,2,0,11,0,35,,32908,2,0,11,0,75,,32909,2,0,11,0,75,,32910,2,0,11,0,35,,32911,2,0,11,0
400101,'1358',729,,32912,2,0,11,0,75,,32913,2,0,11,0,35,,32914,2,0,11,0,75,,32915,2,0,11,0,35,,32916,2,0,11,0,75,,32917,2,0,11,0,35,,32918,2,0,11,0,75,,32919,2,0,11,0,75,,32920,2,0,11,0,35,,32921,2,0,11,0,75,,32922,2,0,11,0,35,,32923,2,0,11,0,75,,32924,2,0,11,0,75,,32925,2,0,11,0,35,,32926,2,0,11,0,75,,32927,2,0,11,0,35,,32928,2,0,11,0,75,,32929,2,0,11,0,35,,32930,2,0,11,0,75,,32931,2,0,11,0,75,,32932,2,0,11,0,35,,32933,2,0,11,0,75,,32934,2,0,11,0,35,,32935,2,0,11,0,75,,32936,2,0,11,0,75,,32937,2,0,11,0,35,,32938,2,0,11,0
400101,'1359',729,,32939,2,0,11,0,75,,32940,2,0,11,0,35,,32941,2,0,11,0,75,,32942,2,0,11,0,35,,32943,2,0,11,0,75,,32944,2,0,11,0,35,,32945,2,0,11,0,75,,32946,2,0,11,0,75,,32947,2,0,11,0,35,,32948,2,0,11,0,75,,32949,2,0,11,0,35,,32950,2,0,11,0,75,,32951,2,0,11,0,75,,32952,2,0,11,0,35,,32953,2,0,11,0,75,,32954,2,0,11,0,35,,32955,2,0,11,0,75,,32956,2,0,11,0,35,,32957,2,0,11,0,75,,32958,2,0,11,0,75,,32959,2,0,11,0,35,,32960,2,0,11,0,75,,32961,2,0,11,0,35,,32962,2,0,11,0,75,,32963,2,0,11,0,75,,32964,2,0,11,0,35,,32965,2,0,11,0
400101,'1360',729,,32966,2,0,11,0,75,,32967,2,0,11,0,35,,32968,2,0,11,0,75,,32969,2,0,11,0,35,,32970,2,0,11,0,75,,32971,2,0,11,0,35,,32972,2,0,11,0,75,,32973,2,0,11,0,75,,32974,2,0,11,0,35,,32975,2,0,11,0,75,,32976,2,0,11,0,35,,32977,2,0,11,0,75,,32978,2,0,11,0,75,,32979,2,0,11,0,35,,32980,2,0,11,0,75,,32981,2,0,11,0,35,,32982,2,0,11,0,75,,32983,2,0,11,0,35,,32984,2,0,11,0,75,,32985,2,0,11,0,75,,32986,2,0,11,0,35,,32987,2,0,11,0,75,,32988,2,0,11,0,35,,32989,2,0,11,0,75,,32990,2,0,11,0,75,,32991,2,0,11,0,35,,32992,2,0,11,0
400101,'1361',729,,32993,2,0,11,0,75,,32994,2,0,11,0,35,,32995,2,0,11,0,75,,32996,2,0,11,0,35,,32997,2,0,11,0,75,,32998,2,0,11,0,35,,32999,2,0,11,0,75,,33000,2,0,11,0,75,,33001,2,0,11,0,35,,33002,2,0,11,0,75,,33003,2,0,11,0,35,,33004,2,0,11,0,75,,33005,2,0,11,0,75,,33006,2,0,11,0,35,,33007,2,0,11,0,75,,33008,2,0,11,0,35,,33009,2,0,11,0,75,,33010,2,0,11,0,35,,33011,2,0,11,0,75,,33012,2,0,11,0,75,,33013,2,0,11,0,35,,33014,2,0,11,0,75,,33015,2,0,11,0,35,,33016,2,0,11,0,75,,33017,2,0,11,0,75,,33018,2,0,11,0,35,,33019,2,0,11,0
721203,'1355',1010,,34348,37,0,15,0,45,,34347,37,0,15,0,85,,34346,37,0,15,0,85,,34345,37,0,15,0,85,,34344,37,0,15,0,45,,34343,37,0,15,0,85,,34342,37,0,15,0,85,,34341,37,0,15,0,85,,34340,37,0,15,0,45,,34339,37,0,15,0,85,,34338,37,0,15,0,85,,34337,37,0,15,0,85,,34336,37,0,15,0,45,,34335,37,0,15,0
721203,'1356',710,,34349,37,0,15,0,45,,34350,37,0,15,0,85,,34351,37,0,15,0,85,,34352,37,0,15,0,85,,34353,37,0,15,0,45,,34354,37,0,15,0,70,,34355,37,0,15,0,30,,34356,37,0,15,0,70,,34357,37,0,15,0,30,,34358,37,0,15,0,70,,34359,37,0,15,0,30,,34360,37,0,15,0,70,,34361,37,0,15,0,30,,34362,37,0,15,0,70,,34363,37,0,15,0,30,,34364,37,0,15,0,70,,34365,37,0,15,0,30,,34366,37,0,15,0,70,,34367,37,0,15,0,30,,34368,37,0,15,0,70,,34369,37,0,15,0,30,,34370,37,0,15,0,85,,34371,37,0,15,0,85,,34372,37,0,15,0,85,,34373,37,0,15,0,45,,34374,37,0,15,0,85,,34375,37,0,15,0,85,,34376,37,0,15,0
721203,'1357',640,,34377,37,0,15,0,70,,34378,37,0,15,0,30,,34379,37,0,15,0,70,,34380,37,0,15,0,15,,34381,37,0,15,0,15,,34382,37,0,15,0,15,,34383,37,0,15,0,55,,34384,37,0,15,0,30,,34385,37,0,15,0,70,,34386,37,0,15,0,30,,34387,37,0,15,0,70,,34388,37,0,15,0,30,,34389,37,0,15,0,70,,34390,37,0,15,0,30,,34391,37,0,15,0,70,,34392,37,0,15,0,30,,34393,37,0,15,0,70,,34394,37,0,15,0,30,,34395,37,0,15,0,70,,34396,37,0,15,0,15,,34397,37,0,15,0,15,,34398,37,0,15,0,15,,34399,37,0,15,0,55,,34400,37,0,15,0,30,,34401,37,0,15,0,70,,34402,37,0,15,0,30,,34403,37,0,15,0,70,,34404,37,0,15,0,30,,34405,37,0,15,0,70,,34406,37,0,15,0,45,,34407,37,0,15,0,85,,34408,37,0,15,0,85,,34409,37,0,15,0,85,,34410,37,0,15,0,45,,34411,37,0,15,0,85,,34412,37,0,15,0
721203,'1358',640,,34413,37,0,15,0,70,,34414,37,0,15,0,30,,34415,37,0,15,0,70,,34416,37,0,15,0,15,,34417,37,0,15,0,15,,34418,37,0,15,0,15,,34419,37,0,15,0,55,,34420,37,0,15,0,30,,34421,37,0,15,0,70,,34422,37,0,15,0,30,,34423,37,0,15,0,70,,34424,37,0,15,0,30,,34425,37,0,15,0,70,,34426,37,0,15,0,30,,34427,37,0,15,0,70,,34428,37,0,15,0,30,,34429,37,0,15,0,70,,34430,37,0,15,0,30,,34431,37,0,15,0,70,,34432,37,0,15,0,15,,34433,37,0,15,0,15,,34434,37,0,15,0,15,,34435,37,0,15,0,55,,34436,37,0,15,0,30,,34437,37,0,15,0,70,,34438,37,0,15,0,30,,34439,37,0,15,0,70,,34440,37,0,15,0,30,,34441,37,0,15,0,70,,34442,37,0,15,0,45,,34443,37,0,15,0,85,,34444,37,0,15,0,85,,34445,37,0,15,0,85,,34446,37,0,15,0,45,,34447,37,0,15,0,85,,34448,37,0,15,0
721203,'1359',640,,34449,37,0,15,0,70,,34450,37,0,15,0,30,,34451,37,0,15,0,70,,34452,37,0,15,0,15,,34453,37,0,15,0,15,,34454,37,0,15,0,15,,34455,37,0,15,0,55,,34456,37,0,15,0,30,,34457,37,0,15,0,70,,34458,37,0,15,0,30,,34459,37,0,15,0,70,,34460,37,0,15,0,30,,34461,37,0,15,0,70,,34462,37,0,15,0,30,,34463,37,0,15,0,70,,34464,37,0,15,0,30,,34465,37,0,15,0,70,,34466,37,0,15,0,30,,34467,37,0,15,0,70,,34468,37,0,15,0,15,,34469,37,0,15,0,15,,34470,37,0,15,0,15,,34471,37,0,15,0,55,,34472,37,0,15,0,30,,34473,37,0,15,0,70,,34474,37,0,15,0,30,,34475,37,0,15,0,70,,34476,37,0,15,0,30,,34477,37,0,15,0,70,,34478,37,0,15,0,45,,34479,37,0,15,0,85,,34480,37,0,15,0,85,,34481,37,0,15,0,85,,34482,37,0,15,0,45,,34483,37,0,15,0,85,,34484,37,0,15,0
721203,'1360',640,,34485,37,0,15,0,70,,34486,37,0,15,0,30,,34487,37,0,15,0,70,,34488,37,0,15,0,15,,34489,37,0,15,0,15,,34490,37,0,15,0,15,,34491,37,0,15,0,55,,34492,37,0,15,0,30,,34493,37,0,15,0,70,,34494,37,0,15,0,30,,34495,37,0,15,0,70,,34496,37,0,15,0,30,,34497,37,0,15,0,70,,34498,37,0,15,0,30,,34499,37,0,15,0,70,,34500,37,0,15,0,30,,34501,37,0,15,0,70,,34502,37,0,15,0,30,,34503,37,0,15,0,70,,34504,37,0,15,0,15,,34505,37,0,15,0,15,,34506,37,0,15,0,15,,34507,37,0,15,0,55,,34508,37,0,15,0,30,,34509,37,0,15,0,70,,34510,37,0,15,0,30,,34511,37,0,15,0,70,,34512,37,0,15,0,30,,34513,37,0,15,0,70,,34514,37,0,15,0,45,,34515,37,0,15,0,85,,34516,37,0,15,0,85,,34517,37,0,15,0,85,,34518,37,0,15,0,45,,34519,37,0,15,0,85,,34520,37,0,15,0
721203,'1361',640,,34521,37,0,15,0,70,,34522,37,0,15,0,30,,34523,37,0,15,0,70,,34524,37,0,15,0,15,,34525,37,0,15,0,15,,34526,37,0,15,0,15,,34527,37,0,15,0,55,,34528,37,0,15,0,30,,34529,37,0,15,0,70,,34530,37,0,15,0,30,,34531,37,0,15,0,70,,34532,37,0,15,0,30,,34533,37,0,15,0,70,,34534,37,0,15,0,30,,34535,37,0,15,0,70,,34536,37,0,15,0,30,,34537,37,0,15,0,70,,34538,37,0,15,0,30,,34539,37,0,15,0,70,,34540,37,0,15,0,15,,34541,37,0,15,0,15,,34542,37,0,15,0,15,,34543,37,0,15,0,55,,34544,37,0,15,0,30,,34545,37,0,15,0,70,,34546,37,0,15,0,30,,34547,37,0,15,0,70,,34548,37,0,15,0,30,,34549,37,0,15,0,70,,34550,37,0,15,0,45,,34551,37,0,15,0,85,,34552,37,0,15,0,85,,34553,37,0,15,0,85,,34554,37,0,15,0,45,,34555,37,0,15,0,85,,34556,37,0,15,0
