70101,'1356',720,,32522,32,0,17,0,130,,32523,32,0,17,0,170,,32524,32,0,17,0,130,,32525,32,0,17,0,170,,32526,32,0,17,0,130,,32527,32,0,17,0,170,,32528,32,0,17,0,130,,32529,32,0,17,0
70101,'1357',720,,32530,32,0,17,0,85,,32531,32,0,17,0,45,,32532,32,0,17,0,85,,32533,32,0,17,0,85,,32534,32,0,17,0,130,,32535,32,0,17,0,170,,32536,32,0,17,0,85,,32537,32,0,17,0,45,,32538,32,0,17,0,85,,32539,32,0,17,0,85,,32540,32,0,17,0,85,,32541,32,0,17,0,45,,32542,32,0,17,0,85,,32543,32,0,17,0
70101,'1358',720,,32544,32,0,17,0,85,,32545,32,0,17,0,45,,32546,32,0,17,0,85,,32547,32,0,17,0,85,,32548,32,0,17,0,130,,32549,32,0,17,0,170,,32550,32,0,17,0,85,,32551,32,0,17,0,45,,32552,32,0,17,0,85,,32553,32,0,17,0,85,,32554,32,0,17,0,85,,32555,32,0,17,0,45,,32556,32,0,17,0,85,,32557,32,0,17,0
70101,'1359',720,,32558,32,0,17,0,85,,32559,32,0,17,0,45,,32560,32,0,17,0,85,,32561,32,0,17,0,85,,32562,32,0,17,0,130,,32563,32,0,17,0,170,,32564,32,0,17,0,85,,32565,32,0,17,0,45,,32566,32,0,17,0,85,,32567,32,0,17,0,85,,32568,32,0,17,0,85,,32569,32,0,17,0,45,,32570,32,0,17,0,85,,32571,32,0,17,0
70101,'1360',720,,32572,32,0,17,0,85,,32573,32,0,17,0,45,,32574,32,0,17,0,85,,32575,32,0,17,0,85,,32576,32,0,17,0,130,,32577,32,0,17,0,170,,32578,32,0,17,0,85,,32579,32,0,17,0,45,,32580,32,0,17,0,85,,32581,32,0,17,0,85,,32582,32,0,17,0,85,,32583,32,0,17,0,45,,32584,32,0,17,0,85,,32585,32,0,17,0
70101,'1361',720,,32586,32,0,17,0,85,,32587,32,0,17,0,45,,32588,32,0,17,0,85,,32589,32,0,17,0,85,,32590,32,0,17,0,130,,32591,32,0,17,0,170,,32592,32,0,17,0,85,,32593,32,0,17,0,45,,32594,32,0,17,0,85,,32595,32,0,17,0,85,,32596,32,0,17,0,85,,32597,32,0,17,0,45,,32598,32,0,17,0,85,,32599,32,0,17,0
70102,'1356',821,,32600,33,0,16,0,130,,32601,33,0,16,0,170,,32602,33,0,16,0,130,,32603,33,0,16,0,170,,32604,33,0,16,0,130,,32605,33,0,16,0,170,,32606,33,0,16,0,130,,32607,33,0,16,0
70102,'1357',736,,32608,33,0,16,0,85,,32609,33,0,16,0,85,,32610,33,0,16,0,45,,32611,33,0,16,0,85,,32612,33,0,16,0,85,,32613,33,0,16,0,130,,32614,33,0,16,0,170,,32615,33,0,16,0,85,,32616,33,0,16,0,45,,32617,33,0,16,0,85,,32618,33,0,16,0,85,,32619,33,0,16,0,85,,32620,33,0,16,0,45,,32621,33,0,16,0
70102,'1358',736,,32622,33,0,16,0,85,,32623,33,0,16,0,85,,32624,33,0,16,0,45,,32625,33,0,16,0,85,,32626,33,0,16,0,85,,32627,33,0,16,0,130,,32628,33,0,16,0,170,,32629,33,0,16,0,85,,32630,33,0,16,0,45,,32631,33,0,16,0,85,,32632,33,0,16,0,85,,32633,33,0,16,0,85,,32634,33,0,16,0,45,,32635,33,0,16,0
70102,'1359',736,,32636,33,0,16,0,85,,32637,33,0,16,0,85,,32638,33,0,16,0,45,,32639,33,0,16,0,85,,32640,33,0,16,0,85,,32641,33,0,16,0,130,,32642,33,0,16,0,170,,32643,33,0,16,0,85,,32644,33,0,16,0,45,,32645,33,0,16,0,85,,32646,33,0,16,0,85,,32647,33,0,16,0,85,,32648,33,0,16,0,45,,32649,33,0,16,0
70102,'1360',736,,32650,33,0,16,0,85,,32651,33,0,16,0,85,,32652,33,0,16,0,45,,32653,33,0,16,0,85,,32654,33,0,16,0,85,,32655,33,0,16,0,130,,32656,33,0,16,0,170,,32657,33,0,16,0,85,,32658,33,0,16,0,45,,32659,33,0,16,0,85,,32660,33,0,16,0,85,,32661,33,0,16,0,85,,32662,33,0,16,0,45,,32663,33,0,16,0
70102,'1361',736,,32664,33,0,16,0,85,,32665,33,0,16,0,85,,32666,33,0,16,0,45,,32667,33,0,16,0,85,,32668,33,0,16,0,85,,32669,33,0,16,0,130,,32670,33,0,16,0,170,,32671,33,0,16,0,85,,32672,33,0,16,0,45,,32673,33,0,16,0,85,,32674,33,0,16,0,85,,32675,33,0,16,0,85,,32676,33,0,16,0,45,,32677,33,0,16,0
