1600,'1355',1039,,28897,8,,,0,70,,28896,8,,,0,45,,28895,8,,,0,70,,28894,8,,,0,30,,28893,8,,,0,70,,28892,8,,,0,30,,28891,8,,,0,70,,28890,8,,,0,30,,28889,8,,,0,70,,28888,8,,,0,30,,28887,8,,,0,70,,28886,8,,,0,30,,28885,8,,,0,60,,28884,8,,,0,10,,28883,8,,,0,30,,28882,8,,,0,60,,28881,8,,,0,10,,28880,8,,,0,30,,28879,8,,,0,70,,28878,8,,,0,30,,28877,8,,,0
1600,'1356',725,,28898,8,,,0,30,,28899,8,,,0,70,,28900,8,,,0,30,,28901,8,,,0,70,,28902,8,,,0,30,,28903,8,,,0,70,,28904,8,,,0,30,,28905,8,,,0,60,,28906,8,,,0,20,,28907,8,,,0,20,,28908,8,,,0,60,,28909,8,,,0,20,,28910,8,,,0,20,,28911,8,,,0,60,,28912,8,,,0,20,,28913,8,,,0,20,,28914,8,,,0,60,,28915,8,,,0,20,,28916,8,,,0,20,,28917,8,,,0,60,,28918,8,,,0,20,,28919,8,,,0,20,,28920,8,,,0,60,,28921,8,,,0,20,,28922,8,,,0,20,,28923,8,,,0,60,,28924,8,,,0,20,,28925,8,,,0,20,,28926,8,,,0,60,,28927,8,,,0,5,,28928,8,,,0,15,,28929,8,,,0,20,,28930,8,,,0,70,,28931,8,,,0,30,,28932,8,,,0,70,,28933,8,,,0,30,,28934,8,,,0,70,,28935,8,,,0,30,,28936,8,,,0,100,,28937,8,,,0
1600,'1357',634,,28938,8,,,0,75,,28981,8,,,0,30,,28939,8,,,0,20,,28940,8,,,0,60,,28941,8,,,0,20,,28942,8,,,0,20,,28943,8,,,0,60,,28944,8,,,0,20,,28945,8,,,0,20,,28946,8,,,0,60,,28947,8,,,0,20,,28948,8,,,0,20,,28949,8,,,0,60,,28950,8,,,0,20,,28951,8,,,0,20,,28952,8,,,0,60,,28953,8,,,0,20,,28954,8,,,0,20,,28955,8,,,0,60,,28956,8,,,0,20,,28957,8,,,0,20,,28958,8,,,0,60,,28959,8,,,0,20,,28960,8,,,0,20,,28961,8,,,0,60,,28962,8,,,0,20,,28963,8,,,0,20,,28964,8,,,0,60,,28965,8,,,0,20,,28966,8,,,0,20,,28967,8,,,0,60,,28968,8,,,0,20,,28969,8,,,0,20,,28970,8,,,0,60,,28971,8,,,0,20,,28972,8,,,0,15,,28973,8,,,0,70,,28974,8,,,0,30,,28975,8,,,0,70,,28976,8,,,0,30,,28977,8,,,0,70,,28978,8,,,0,30,,28979,8,,,0,100,,28980,8,,,0
1600,'1358',634,,28982,8,,,0,75,,29025,8,,,0,30,,28983,8,,,0,20,,28984,8,,,0,60,,28985,8,,,0,20,,28986,8,,,0,20,,28987,8,,,0,60,,28988,8,,,0,20,,28989,8,,,0,20,,28990,8,,,0,60,,28991,8,,,0,20,,28992,8,,,0,20,,28993,8,,,0,60,,28994,8,,,0,20,,28995,8,,,0,20,,28996,8,,,0,60,,28997,8,,,0,20,,28998,8,,,0,20,,28999,8,,,0,60,,29000,8,,,0,20,,29001,8,,,0,20,,29002,8,,,0,60,,29003,8,,,0,20,,29004,8,,,0,20,,29005,8,,,0,60,,29006,8,,,0,20,,29007,8,,,0,20,,29008,8,,,0,60,,29009,8,,,0,20,,29010,8,,,0,20,,29011,8,,,0,60,,29012,8,,,0,20,,29013,8,,,0,20,,29014,8,,,0,60,,29015,8,,,0,20,,29016,8,,,0,15,,29017,8,,,0,70,,29018,8,,,0,30,,29019,8,,,0,70,,29020,8,,,0,30,,29021,8,,,0,70,,29022,8,,,0,30,,29023,8,,,0,100,,29024,8,,,0
1600,'1359',634,,29026,8,,,0,75,,29069,8,,,0,30,,29027,8,,,0,20,,29028,8,,,0,60,,29029,8,,,0,20,,29030,8,,,0,20,,29031,8,,,0,60,,29032,8,,,0,20,,29033,8,,,0,20,,29034,8,,,0,60,,29035,8,,,0,20,,29036,8,,,0,20,,29037,8,,,0,60,,29038,8,,,0,20,,29039,8,,,0,20,,29040,8,,,0,60,,29041,8,,,0,20,,29042,8,,,0,20,,29043,8,,,0,60,,29044,8,,,0,20,,29045,8,,,0,20,,29046,8,,,0,60,,29047,8,,,0,20,,29048,8,,,0,20,,29049,8,,,0,60,,29050,8,,,0,20,,29051,8,,,0,20,,29052,8,,,0,60,,29053,8,,,0,20,,29054,8,,,0,20,,29055,8,,,0,60,,29056,8,,,0,20,,29057,8,,,0,20,,29058,8,,,0,60,,29059,8,,,0,20,,29060,8,,,0,15,,29061,8,,,0,70,,29062,8,,,0,30,,29063,8,,,0,70,,29064,8,,,0,30,,29065,8,,,0,70,,29066,8,,,0,30,,29067,8,,,0,100,,29068,8,,,0
1600,'1360',634,,29070,8,,,0,75,,29113,8,,,0,30,,29071,8,,,0,20,,29072,8,,,0,60,,29073,8,,,0,20,,29074,8,,,0,20,,29075,8,,,0,60,,29076,8,,,0,20,,29077,8,,,0,20,,29078,8,,,0,60,,29079,8,,,0,20,,29080,8,,,0,20,,29081,8,,,0,60,,29082,8,,,0,20,,29083,8,,,0,20,,29084,8,,,0,60,,29085,8,,,0,20,,29086,8,,,0,20,,29087,8,,,0,60,,29088,8,,,0,20,,29089,8,,,0,20,,29090,8,,,0,60,,29091,8,,,0,20,,29092,8,,,0,20,,29093,8,,,0,60,,29094,8,,,0,20,,29095,8,,,0,20,,29096,8,,,0,60,,29097,8,,,0,20,,29098,8,,,0,20,,29099,8,,,0,60,,29100,8,,,0,20,,29101,8,,,0,20,,29102,8,,,0,60,,29103,8,,,0,20,,29104,8,,,0,15,,29105,8,,,0,70,,29106,8,,,0,30,,29107,8,,,0,70,,29108,8,,,0,30,,29109,8,,,0,70,,29110,8,,,0,30,,29111,8,,,0,100,,29112,8,,,0
1600,'1361',634,,29114,8,,,0,75,,29157,8,,,0,30,,29115,8,,,0,20,,29116,8,,,0,60,,29117,8,,,0,20,,29118,8,,,0,20,,29119,8,,,0,60,,29120,8,,,0,20,,29121,8,,,0,20,,29122,8,,,0,60,,29123,8,,,0,20,,29124,8,,,0,20,,29125,8,,,0,60,,29126,8,,,0,20,,29127,8,,,0,20,,29128,8,,,0,60,,29129,8,,,0,20,,29130,8,,,0,20,,29131,8,,,0,60,,29132,8,,,0,20,,29133,8,,,0,20,,29134,8,,,0,60,,29135,8,,,0,20,,29136,8,,,0,20,,29137,8,,,0,60,,29138,8,,,0,20,,29139,8,,,0,20,,29140,8,,,0,60,,29141,8,,,0,20,,29142,8,,,0,20,,29143,8,,,0,60,,29144,8,,,0,20,,29145,8,,,0,20,,29146,8,,,0,60,,29147,8,,,0,20,,29148,8,,,0,15,,29149,8,,,0,70,,29150,8,,,0,30,,29151,8,,,0,70,,29152,8,,,0,30,,29153,8,,,0,70,,29154,8,,,0,30,,29155,8,,,0,100,,29156,8,,,0
721403,'1355',950,,35299,24,0,15,0,150,,35298,24,0,15,0,110,,35297,24,0,15,0,110,,35296,24,0,15,0,110,,35295,24,0,15,0,110,,35294,24,0,15,0,110,,35293,24,0,15,0,150,,35292,24,0,15,0
721403,'1356',850,,35300,24,0,15,0,150,,35301,24,0,15,0,110,,35302,24,0,15,0,110,,35303,24,0,15,0,113,,35304,24,0,15,0,115,,35305,24,0,15,0,85,,35306,24,0,15,0,85,,35307,24,0,15,0,85,,35308,24,0,15,0,45,,35309,24,0,15,0,85,,35310,24,0,15,0,85,,35311,24,0,15,0,85,,35312,24,0,15,0
721403,'1357',718,,35313,24,0,15,0,100,,35314,24,0,15,0,85,,35315,24,0,15,0,45,,35316,24,0,15,0,85,,35317,24,0,15,0,85,,35318,24,0,15,0,85,,35319,24,0,15,0,45,,35320,24,0,15,0,85,,35321,24,0,15,0,85,,35322,24,0,15,0,85,,35323,24,0,15,0,45,,35324,24,0,15,0,85,,35325,24,0,15,0,85,,35326,24,0,15,0,85,,35327,24,0,15,0,45,,35328,24,0,15,0,85,,35329,24,0,15,0,85,,35330,24,0,15,0,85,,35331,24,0,15,0,45,,35332,24,0,15,0
721403,'1358',718,,35333,24,0,15,0,100,,35334,24,0,15,0,85,,35335,24,0,15,0,45,,35336,24,0,15,0,85,,35337,24,0,15,0,85,,35338,24,0,15,0,85,,35339,24,0,15,0,45,,35340,24,0,15,0,85,,35341,24,0,15,0,85,,35342,24,0,15,0,85,,35343,24,0,15,0,45,,35344,24,0,15,0,85,,35345,24,0,15,0,85,,35346,24,0,15,0,85,,35347,24,0,15,0,45,,35348,24,0,15,0,85,,35349,24,0,15,0,85,,35350,24,0,15,0,85,,35351,24,0,15,0,45,,35352,24,0,15,0
721403,'1359',718,,35353,24,0,15,0,100,,35354,24,0,15,0,85,,35355,24,0,15,0,45,,35356,24,0,15,0,85,,35357,24,0,15,0,85,,35358,24,0,15,0,85,,35359,24,0,15,0,45,,35360,24,0,15,0,85,,35361,24,0,15,0,85,,35362,24,0,15,0,85,,35363,24,0,15,0,45,,35364,24,0,15,0,85,,35365,24,0,15,0,85,,35366,24,0,15,0,85,,35367,24,0,15,0,45,,35368,24,0,15,0,85,,35369,24,0,15,0,85,,35370,24,0,15,0,85,,35371,24,0,15,0,45,,35372,24,0,15,0
721403,'1360',718,,35373,24,0,15,0,100,,35374,24,0,15,0,85,,35375,24,0,15,0,45,,35376,24,0,15,0,85,,35377,24,0,15,0,85,,35378,24,0,15,0,85,,35379,24,0,15,0,45,,35380,24,0,15,0,85,,35381,24,0,15,0,85,,35382,24,0,15,0,85,,35383,24,0,15,0,45,,35384,24,0,15,0,85,,35385,24,0,15,0,85,,35386,24,0,15,0,85,,35387,24,0,15,0,45,,35388,24,0,15,0,85,,35389,24,0,15,0,85,,35390,24,0,15,0,85,,35391,24,0,15,0,45,,35392,24,0,15,0
721403,'1361',718,,35393,24,0,15,0,100,,35394,24,0,15,0,85,,35395,24,0,15,0,45,,35396,24,0,15,0,85,,35397,24,0,15,0,85,,35398,24,0,15,0,85,,35399,24,0,15,0,45,,35400,24,0,15,0,85,,35401,24,0,15,0,85,,35402,24,0,15,0,85,,35403,24,0,15,0,45,,35404,24,0,15,0,85,,35405,24,0,15,0,85,,35406,24,0,15,0,85,,35407,24,0,15,0,45,,35408,24,0,15,0,85,,35409,24,0,15,0,85,,35410,24,0,15,0,85,,35411,24,0,15,0,45,,35412,24,0,15,0
