1901,'1355',916,,31507,19,,,0,100,,31506,19,,,0,100,,31505,19,,,0,100,,31504,19,,,0,100,,31503,19,,,0,100,,31502,19,,,0,100,,31501,19,,,0,100,,31500,19,,,0,100,,31499,19,,,0,100,,31498,19,,,0,100,,31497,19,,,0,100,,31496,19,,,0
1901,'1356',816,,31508,19,,,0,100,,31509,19,,,0,100,,31510,19,,,0,30,,31511,19,,,0,70,,31512,19,,,0,30,,31513,19,,,0,70,,31514,19,,,0,30,,31515,19,,,0,70,,31516,19,,,0,30,,31517,19,,,0,70,,31518,19,,,0,30,,31519,19,,,0,70,,31520,19,,,0,30,,31521,19,,,0,70,,31522,19,,,0,30,,31523,19,,,0,70,,31524,19,,,0,30,,31525,19,,,0,70,,31526,19,,,0,30,,31527,19,,,0,70,,31528,19,,,0,30,,31529,19,,,0,70,,31530,19,,,0,100,,31531,19,,,0,100,,31532,19,,,0,100,,31533,19,,,0
1901,'1357',616,,31534,19,,,0,30,,31535,19,,,0,70,,31536,19,,,0,30,,31537,19,,,0,70,,31538,19,,,0,30,,31539,19,,,0,70,,31540,19,,,0,30,,31541,19,,,0,70,,31542,19,,,0,30,,31543,19,,,0,70,,31544,19,,,0,30,,31545,19,,,0,70,,31546,19,,,0,30,,31547,19,,,0,70,,31548,19,,,0,30,,31549,19,,,0,70,,31550,19,,,0,30,,31551,19,,,0,70,,31552,19,,,0,30,,31553,19,,,0,70,,31554,19,,,0,30,,31555,19,,,0,70,,31556,19,,,0,30,,31557,19,,,0,70,,31558,19,,,0,30,,31559,19,,,0,70,,31560,19,,,0,30,,31561,19,,,0,70,,31562,19,,,0,30,,31563,19,,,0,70,,31564,19,,,0,30,,31565,19,,,0,100,,31566,19,,,0,100,,31567,19,,,0
1901,'1358',616,,31568,19,,,0,30,,31569,19,,,0,70,,31570,19,,,0,30,,31571,19,,,0,70,,31572,19,,,0,30,,31573,19,,,0,70,,31574,19,,,0,30,,31575,19,,,0,70,,31576,19,,,0,30,,31577,19,,,0,70,,31578,19,,,0,30,,31579,19,,,0,70,,31580,19,,,0,30,,31581,19,,,0,70,,31582,19,,,0,30,,31583,19,,,0,70,,31584,19,,,0,30,,31585,19,,,0,70,,31586,19,,,0,30,,31587,19,,,0,70,,31588,19,,,0,30,,31589,19,,,0,70,,31590,19,,,0,30,,31591,19,,,0,70,,31592,19,,,0,30,,31593,19,,,0,70,,31594,19,,,0,30,,31595,19,,,0,70,,31596,19,,,0,30,,31597,19,,,0,70,,31598,19,,,0,30,,31599,19,,,0,100,,31600,19,,,0,100,,31601,19,,,0
1901,'1359',616,,31602,19,,,0,30,,31603,19,,,0,70,,31604,19,,,0,30,,31605,19,,,0,70,,31606,19,,,0,30,,31607,19,,,0,70,,31608,19,,,0,30,,31609,19,,,0,70,,31610,19,,,0,30,,31611,19,,,0,70,,31612,19,,,0,30,,31613,19,,,0,70,,31614,19,,,0,30,,31615,19,,,0,70,,31616,19,,,0,30,,31617,19,,,0,70,,31618,19,,,0,30,,31619,19,,,0,70,,31620,19,,,0,30,,31621,19,,,0,70,,31622,19,,,0,30,,31623,19,,,0,70,,31624,19,,,0,30,,31625,19,,,0,70,,31626,19,,,0,30,,31627,19,,,0,70,,31628,19,,,0,30,,31629,19,,,0,70,,31630,19,,,0,30,,31631,19,,,0,70,,31632,19,,,0,30,,31633,19,,,0,100,,31634,19,,,0,100,,31635,19,,,0
1901,'1360',616,,31636,19,,,0,30,,31637,19,,,0,70,,31638,19,,,0,30,,31639,19,,,0,70,,31640,19,,,0,30,,31641,19,,,0,70,,31642,19,,,0,30,,31643,19,,,0,70,,31644,19,,,0,30,,31645,19,,,0,70,,31646,19,,,0,30,,31647,19,,,0,70,,31648,19,,,0,30,,31649,19,,,0,70,,31650,19,,,0,30,,31651,19,,,0,70,,31652,19,,,0,30,,31653,19,,,0,70,,31654,19,,,0,30,,31655,19,,,0,70,,31656,19,,,0,30,,31657,19,,,0,70,,31658,19,,,0,30,,31659,19,,,0,70,,31660,19,,,0,30,,31661,19,,,0,70,,31662,19,,,0,30,,31663,19,,,0,70,,31664,19,,,0,30,,31665,19,,,0,70,,31666,19,,,0,30,,31667,19,,,0,100,,31668,19,,,0,100,,31669,19,,,0
1901,'1361',616,,31670,19,,,0,30,,31671,19,,,0,70,,31672,19,,,0,30,,31673,19,,,0,70,,31674,19,,,0,30,,31675,19,,,0,70,,31676,19,,,0,30,,31677,19,,,0,70,,31678,19,,,0,30,,31679,19,,,0,70,,31680,19,,,0,30,,31681,19,,,0,70,,31682,19,,,0,30,,31683,19,,,0,70,,31684,19,,,0,30,,31685,19,,,0,70,,31686,19,,,0,30,,31687,19,,,0,70,,31688,19,,,0,30,,31689,19,,,0,70,,31690,19,,,0,30,,31691,19,,,0,70,,31692,19,,,0,30,,31693,19,,,0,70,,31694,19,,,0,30,,31695,19,,,0,70,,31696,19,,,0,30,,31697,19,,,0,70,,31698,19,,,0,30,,31699,19,,,0,70,,31700,19,,,0,30,,31701,19,,,0,100,,31702,19,,,0,100,,31703,19,,,0
552200,'1357',656,,33076,14,0,9,0,70,,33077,14,0,9,0,30,,33078,14,0,9,0,70,,33079,14,0,9,0,30,,33080,14,0,9,0,70,,33081,14,0,9,0,30,,33082,14,0,9,0,70,,33083,14,0,9,0,30,,33084,14,0,9,0,70,,33085,14,0,9,0,30,,33086,14,0,9,0,70,,33087,14,0,9,0,30,,33088,14,0,9,0,70,,33089,14,0,9,0,30,,33090,14,0,9,0,70,,33091,14,0,9,0,30,,33092,14,0,9,0,70,,33093,14,0,9,0,30,,33094,14,0,9,0,70,,33095,14,0,9,0,30,,33096,14,0,9,0,70,,33097,14,0,9,0,30,,33098,14,0,9,0
552200,'1358',656,,33099,14,0,9,0,70,,33100,14,0,9,0,30,,33101,14,0,9,0,70,,33102,14,0,9,0,30,,33103,14,0,9,0,70,,33104,14,0,9,0,30,,33105,14,0,9,0,70,,33106,14,0,9,0,30,,33107,14,0,9,0,70,,33108,14,0,9,0,30,,33109,14,0,9,0,70,,33110,14,0,9,0,30,,33111,14,0,9,0,70,,33112,14,0,9,0,30,,33113,14,0,9,0,70,,33114,14,0,9,0,30,,33115,14,0,9,0,70,,33116,14,0,9,0,30,,33117,14,0,9,0,70,,33118,14,0,9,0,30,,33119,14,0,9,0,70,,33120,14,0,9,0,30,,33121,14,0,9,0
552200,'1359',656,,33122,14,0,9,0,70,,33123,14,0,9,0,30,,33124,14,0,9,0,70,,33125,14,0,9,0,30,,33126,14,0,9,0,70,,33127,14,0,9,0,30,,33128,14,0,9,0,70,,33129,14,0,9,0,30,,33130,14,0,9,0,70,,33131,14,0,9,0,30,,33132,14,0,9,0,70,,33133,14,0,9,0,30,,33134,14,0,9,0,70,,33135,14,0,9,0,30,,33136,14,0,9,0,70,,33137,14,0,9,0,30,,33138,14,0,9,0,70,,33139,14,0,9,0,30,,33140,14,0,9,0,70,,33141,14,0,9,0,30,,33142,14,0,9,0,70,,33143,14,0,9,0,30,,33144,14,0,9,0
552200,'1360',656,,33145,14,0,9,0,70,,33146,14,0,9,0,30,,33147,14,0,9,0,70,,33148,14,0,9,0,30,,33149,14,0,9,0,70,,33150,14,0,9,0,30,,33151,14,0,9,0,70,,33152,14,0,9,0,30,,33153,14,0,9,0,70,,33154,14,0,9,0,30,,33155,14,0,9,0,70,,33156,14,0,9,0,30,,33157,14,0,9,0,70,,33158,14,0,9,0,30,,33159,14,0,9,0,70,,33160,14,0,9,0,30,,33161,14,0,9,0,70,,33162,14,0,9,0,30,,33163,14,0,9,0,70,,33164,14,0,9,0,30,,33165,14,0,9,0,70,,33166,14,0,9,0,30,,33167,14,0,9,0
552200,'1361',656,,33168,14,0,9,0,70,,33169,14,0,9,0,30,,33170,14,0,9,0,70,,33171,14,0,9,0,30,,33172,14,0,9,0,70,,33173,14,0,9,0,30,,33174,14,0,9,0,70,,33175,14,0,9,0,30,,33176,14,0,9,0,70,,33177,14,0,9,0,30,,33178,14,0,9,0,70,,33179,14,0,9,0,30,,33180,14,0,9,0,70,,33181,14,0,9,0,30,,33182,14,0,9,0,70,,33183,14,0,9,0,30,,33184,14,0,9,0,70,,33185,14,0,9,0,30,,33186,14,0,9,0,70,,33187,14,0,9,0,30,,33188,14,0,9,0,70,,33189,14,0,9,0,30,,33190,14,0,9,0
