1901,'1341',908,,17103,10,,,0,100,,17102,10,,,0,100,,17101,10,,,0,100,,17097,10,,,0,100,,17096,10,,,0,100,,17100,10,,,0,100,,17099,10,,,0,100,,17098,10,,,0,100,,17094,10,,,0,100,,17093,10,,,0,100,,17092,10,,,0,100,,17095,10,,,0
1901,'1342',808,,17104,10,,,0,100,,17105,10,,,0,100,,17106,10,,,0,30,,17107,10,,,0,70,,17108,10,,,0,30,,17109,10,,,0,70,,17110,10,,,0,30,,17111,10,,,0,70,,17112,10,,,0,30,,17113,10,,,0,70,,17114,10,,,0,30,,17115,10,,,0,70,,17116,10,,,0,30,,17117,10,,,0,70,,17118,10,,,0,30,,17119,10,,,0,70,,17120,10,,,0,30,,17121,10,,,0,70,,17122,10,,,0,30,,17123,10,,,0,70,,17124,10,,,0,30,,17125,10,,,0,70,,17126,10,,,0,100,,17127,10,,,0,100,,17128,10,,,0,100,,17129,10,,,0
1901,'1343',608,,17130,10,,,0,30,,17131,10,,,0,70,,17132,10,,,0,30,,17133,10,,,0,70,,17134,10,,,0,30,,17135,10,,,0,70,,17136,10,,,0,30,,17137,10,,,0,70,,17138,10,,,0,30,,17139,10,,,0,70,,17140,10,,,0,30,,17141,10,,,0,70,,17142,10,,,0,30,,17143,10,,,0,70,,17144,10,,,0,30,,17145,10,,,0,70,,17146,10,,,0,30,,17147,10,,,0,70,,17148,10,,,0,30,,17149,10,,,0,70,,17150,10,,,0,30,,17151,10,,,0,70,,17152,10,,,0,30,,17153,10,,,0,70,,17154,10,,,0,30,,17155,10,,,0,70,,17156,10,,,0,30,,17157,10,,,0,70,,17158,10,,,0,30,,17159,10,,,0,70,,17160,10,,,0,30,,17161,10,,,0,100,,17162,10,,,0,100,,17163,10,,,0
1901,'1344',608,,17164,10,,,0,30,,17165,10,,,0,70,,17166,10,,,0,30,,17167,10,,,0,70,,17168,10,,,0,30,,17169,10,,,0,70,,17170,10,,,0,30,,17171,10,,,0,70,,17172,10,,,0,30,,17173,10,,,0,70,,17174,10,,,0,30,,17175,10,,,0,70,,17176,10,,,0,30,,17177,10,,,0,70,,17178,10,,,0,30,,17179,10,,,0,70,,17180,10,,,0,30,,17181,10,,,0,70,,17182,10,,,0,30,,17183,10,,,0,70,,17184,10,,,0,30,,17185,10,,,0,70,,17186,10,,,0,30,,17187,10,,,0,70,,17188,10,,,0,30,,17189,10,,,0,70,,17190,10,,,0,30,,17191,10,,,0,70,,17192,10,,,0,30,,17193,10,,,0,70,,17194,10,,,0,30,,17195,10,,,0,100,,17196,10,,,0,100,,17197,10,,,0
1901,'1345',608,,17198,10,,,0,30,,17199,10,,,0,70,,17200,10,,,0,30,,17201,10,,,0,70,,17202,10,,,0,30,,17203,10,,,0,70,,17204,10,,,0,30,,17205,10,,,0,70,,17206,10,,,0,30,,17207,10,,,0,70,,17208,10,,,0,30,,17209,10,,,0,70,,17210,10,,,0,30,,17211,10,,,0,70,,17212,10,,,0,30,,17213,10,,,0,70,,17214,10,,,0,30,,17215,10,,,0,70,,17216,10,,,0,30,,17217,10,,,0,70,,17218,10,,,0,30,,17219,10,,,0,70,,17220,10,,,0,30,,17221,10,,,0,70,,17222,10,,,0,30,,17223,10,,,0,70,,17224,10,,,0,30,,17225,10,,,0,70,,17226,10,,,0,30,,17227,10,,,0,70,,17228,10,,,0,30,,17229,10,,,0,100,,17230,10,,,0,100,,17231,10,,,0
1901,'1346',608,,17232,10,,,0,30,,17233,10,,,0,70,,17234,10,,,0,30,,17235,10,,,0,70,,17236,10,,,0,30,,17237,10,,,0,70,,17238,10,,,0,30,,17239,10,,,0,70,,17240,10,,,0,30,,17241,10,,,0,70,,17242,10,,,0,30,,17243,10,,,0,70,,17244,10,,,0,30,,17245,10,,,0,70,,17246,10,,,0,30,,17247,10,,,0,70,,17248,10,,,0,30,,17249,10,,,0,70,,17250,10,,,0,30,,17251,10,,,0,70,,17252,10,,,0,30,,17253,10,,,0,70,,17254,10,,,0,30,,17255,10,,,0,70,,17256,10,,,0,30,,17257,10,,,0,70,,17258,10,,,0,30,,17259,10,,,0,70,,17260,10,,,0,30,,17261,10,,,0,70,,17262,10,,,0,30,,17263,10,,,0,100,,17264,10,,,0,100,,17265,10,,,0
1901,'1347',608,,17266,10,,,0,30,,17267,10,,,0,70,,17268,10,,,0,30,,17269,10,,,0,70,,17270,10,,,0,30,,17271,10,,,0,70,,17272,10,,,0,30,,17273,10,,,0,70,,17274,10,,,0,30,,17275,10,,,0,70,,17276,10,,,0,30,,17277,10,,,0,70,,17278,10,,,0,30,,17279,10,,,0,70,,17280,10,,,0,30,,17281,10,,,0,70,,17282,10,,,0,30,,17283,10,,,0,70,,17284,10,,,0,30,,17285,10,,,0,70,,17286,10,,,0,30,,17287,10,,,0,70,,17288,10,,,0,30,,17289,10,,,0,70,,17290,10,,,0,30,,17291,10,,,0,70,,17292,10,,,0,30,,17293,10,,,0,70,,17294,10,,,0,30,,17295,10,,,0,70,,17296,10,,,0,30,,17297,10,,,0,100,,17298,10,,,0,100,,17299,10,,,0
647703,'1341',953,,19539,32,0,15,0,70,,19538,32,0,15,0,30,,19537,32,0,15,0,70,,19536,32,0,15,0,30,,19535,32,0,15,0,70,,19534,32,0,15,0,30,,19533,32,0,15,0,70,,19532,32,0,15,0,30,,19531,32,0,15,0,70,,19530,32,0,15,0,30,,19529,32,0,15,0,70,,19528,32,0,15,0,30,,19527,32,0,15,0,70,,19526,32,0,15,0,30,,19525,32,0,15,0,70,,19524,32,0,15,0,30,,19523,32,0,15,0,100,,19522,32,0,15,0,100,,19521,32,0,15,0
647703,'1342',853,,19540,32,0,15,0,70,,19541,32,0,15,0,30,,19542,32,0,15,0,70,,19543,32,0,15,0,30,,19544,32,0,15,0,70,,19545,32,0,15,0,30,,19546,32,0,15,0,70,,19547,32,0,15,0,30,,19548,32,0,15,0,70,,19549,32,0,15,0,30,,19550,32,0,15,0,70,,19551,32,0,15,0,30,,19552,32,0,15,0,70,,19553,32,0,15,0,30,,19554,32,0,15,0,70,,19555,32,0,15,0,30,,19556,32,0,15,0,70,,19557,32,0,15,0,30,,19558,32,0,15,0,70,,19559,32,0,15,0,30,,19560,32,0,15,0,70,,19561,32,0,15,0,30,,19562,32,0,15,0,100,,19563,32,0,15,0,100,,19564,32,0,15,0,100,,19565,32,0,15,0
647703,'1343',653,,19566,32,0,15,0,70,,19567,32,0,15,0,30,,19568,32,0,15,0,70,,19569,32,0,15,0,30,,19570,32,0,15,0,70,,19571,32,0,15,0,30,,19572,32,0,15,0,70,,19573,32,0,15,0,30,,19574,32,0,15,0,70,,19575,32,0,15,0,30,,19576,32,0,15,0,70,,19577,32,0,15,0,30,,19578,32,0,15,0,70,,19579,32,0,15,0,30,,19580,32,0,15,0,70,,19581,32,0,15,0,30,,19582,32,0,15,0,70,,19583,32,0,15,0,30,,19584,32,0,15,0,70,,19585,32,0,15,0,30,,19586,32,0,15,0,70,,19587,32,0,15,0,30,,19588,32,0,15,0,70,,19589,32,0,15,0,30,,19590,32,0,15,0,70,,19591,32,0,15,0,30,,19592,32,0,15,0,70,,19593,32,0,15,0,30,,19594,32,0,15,0,100,,19595,32,0,15,0,100,,19596,32,0,15,0,100,,19597,32,0,15,0
647703,'1344',653,,19598,32,0,15,0,70,,19599,32,0,15,0,30,,19600,32,0,15,0,70,,19601,32,0,15,0,30,,19602,32,0,15,0,70,,19603,32,0,15,0,30,,19604,32,0,15,0,70,,19605,32,0,15,0,30,,19606,32,0,15,0,70,,19607,32,0,15,0,30,,19608,32,0,15,0,70,,19609,32,0,15,0,30,,19610,32,0,15,0,70,,19611,32,0,15,0,30,,19612,32,0,15,0,70,,19613,32,0,15,0,30,,19614,32,0,15,0,70,,19615,32,0,15,0,30,,19616,32,0,15,0,70,,19617,32,0,15,0,30,,19618,32,0,15,0,70,,19619,32,0,15,0,30,,19620,32,0,15,0,70,,19621,32,0,15,0,30,,19622,32,0,15,0,70,,19623,32,0,15,0,30,,19624,32,0,15,0,70,,19625,32,0,15,0,30,,19626,32,0,15,0,100,,19627,32,0,15,0,100,,19628,32,0,15,0,100,,19629,32,0,15,0
647703,'1345',653,,19630,32,0,15,0,70,,19631,32,0,15,0,30,,19632,32,0,15,0,70,,19633,32,0,15,0,30,,19634,32,0,15,0,70,,19635,32,0,15,0,30,,19636,32,0,15,0,70,,19637,32,0,15,0,30,,19638,32,0,15,0,70,,19639,32,0,15,0,30,,19640,32,0,15,0,70,,19641,32,0,15,0,30,,19642,32,0,15,0,70,,19643,32,0,15,0,30,,19644,32,0,15,0,70,,19645,32,0,15,0,30,,19646,32,0,15,0,70,,19647,32,0,15,0,30,,19648,32,0,15,0,70,,19649,32,0,15,0,30,,19650,32,0,15,0,70,,19651,32,0,15,0,30,,19652,32,0,15,0,70,,19653,32,0,15,0,30,,19654,32,0,15,0,70,,19655,32,0,15,0,30,,19656,32,0,15,0,70,,19657,32,0,15,0,30,,19658,32,0,15,0,100,,19659,32,0,15,0,100,,19660,32,0,15,0,100,,19661,32,0,15,0
647703,'1346',653,,19662,32,0,15,0,70,,19663,32,0,15,0,30,,19664,32,0,15,0,70,,19665,32,0,15,0,30,,19666,32,0,15,0,70,,19667,32,0,15,0,30,,19668,32,0,15,0,70,,19669,32,0,15,0,30,,19670,32,0,15,0,70,,19671,32,0,15,0,30,,19672,32,0,15,0,70,,19673,32,0,15,0,30,,19674,32,0,15,0,70,,19675,32,0,15,0,30,,19676,32,0,15,0,70,,19677,32,0,15,0,30,,19678,32,0,15,0,70,,19679,32,0,15,0,30,,19680,32,0,15,0,70,,19681,32,0,15,0,30,,19682,32,0,15,0,70,,19683,32,0,15,0,30,,19684,32,0,15,0,70,,19685,32,0,15,0,30,,19686,32,0,15,0,70,,19687,32,0,15,0,30,,19688,32,0,15,0,70,,19689,32,0,15,0,30,,19690,32,0,15,0,100,,19691,32,0,15,0,100,,19692,32,0,15,0,100,,19693,32,0,15,0
647703,'1347',653,,19694,32,0,15,0,70,,19695,32,0,15,0,30,,19696,32,0,15,0,70,,19697,32,0,15,0,30,,19698,32,0,15,0,70,,19699,32,0,15,0,30,,19700,32,0,15,0,70,,19701,32,0,15,0,30,,19702,32,0,15,0,70,,19703,32,0,15,0,30,,19704,32,0,15,0,70,,19705,32,0,15,0,30,,19706,32,0,15,0,70,,19707,32,0,15,0,30,,19708,32,0,15,0,70,,19709,32,0,15,0,30,,19710,32,0,15,0,70,,19711,32,0,15,0,30,,19712,32,0,15,0,70,,19713,32,0,15,0,30,,19714,32,0,15,0,70,,19715,32,0,15,0,30,,19716,32,0,15,0,70,,19717,32,0,15,0,30,,19718,32,0,15,0,70,,19719,32,0,15,0,30,,19720,32,0,15,0,70,,19721,32,0,15,0,30,,19722,32,0,15,0,100,,19723,32,0,15,0,100,,19724,32,0,15,0,100,,19725,32,0,15,0
