721404,'1348',929,,28217,41,0,14,0,110,,28216,41,0,14,0,110,,28215,41,0,14,0,110,,28218,41,0,14,0,150,,28214,41,0,14,0,110,,28213,41,0,14,0,110,,28212,41,0,14,0,110,,28211,41,0,14,0
721404,'1349',828,,28219,41,0,14,0,110,,28220,41,0,14,0,110,,28221,41,0,14,0,110,,28222,41,0,14,0,150,,28223,41,0,14,0,113,,28224,41,0,14,0,85,,28225,41,0,14,0,45,,28226,41,0,14,0,85,,28227,41,0,14,0,85,,28228,41,0,14,0,85,,28229,41,0,14,0,45,,28230,41,0,14,0,85,,28231,41,0,14,0
721404,'1350',653,,28232,41,0,14,0,97,,28233,41,0,14,0,85,,28234,41,0,14,0,85,,28235,41,0,14,0,85,,28236,41,0,14,0,45,,28237,41,0,14,0,85,,28238,41,0,14,0,85,,28239,41,0,14,0,85,,28240,41,0,14,0,45,,28241,41,0,14,0,85,,28242,41,0,14,0,85,,28243,41,0,14,0,85,,28244,41,0,14,0,45,,28245,41,0,14,0,85,,28246,41,0,14,0,85,,28247,41,0,14,0,85,,28248,41,0,14,0,45,,28249,41,0,14,0,85,,28250,41,0,14,0,85,,28251,41,0,14,0
721404,'1351',653,,28252,41,0,14,0,97,,28253,41,0,14,0,85,,28254,41,0,14,0,85,,28255,41,0,14,0,85,,28256,41,0,14,0,45,,28257,41,0,14,0,85,,28258,41,0,14,0,85,,28259,41,0,14,0,85,,28260,41,0,14,0,45,,28261,41,0,14,0,85,,28262,41,0,14,0,85,,28263,41,0,14,0,85,,28264,41,0,14,0,45,,28265,41,0,14,0,85,,28266,41,0,14,0,85,,28267,41,0,14,0,85,,28268,41,0,14,0,45,,28269,41,0,14,0,85,,28270,41,0,14,0,85,,28271,41,0,14,0
721404,'1352',653,,28272,41,0,14,0,97,,28273,41,0,14,0,85,,28274,41,0,14,0,85,,28275,41,0,14,0,85,,28276,41,0,14,0,45,,28277,41,0,14,0,85,,28278,41,0,14,0,85,,28279,41,0,14,0,85,,28280,41,0,14,0,45,,28281,41,0,14,0,85,,28282,41,0,14,0,85,,28283,41,0,14,0,85,,28284,41,0,14,0,45,,28285,41,0,14,0,85,,28286,41,0,14,0,85,,28287,41,0,14,0,85,,28288,41,0,14,0,45,,28289,41,0,14,0,85,,28290,41,0,14,0,85,,28291,41,0,14,0
721404,'1353',653,,28292,41,0,14,0,97,,28293,41,0,14,0,85,,28294,41,0,14,0,85,,28295,41,0,14,0,85,,28296,41,0,14,0,45,,28297,41,0,14,0,85,,28298,41,0,14,0,85,,28299,41,0,14,0,85,,28300,41,0,14,0,45,,28301,41,0,14,0,85,,28302,41,0,14,0,85,,28303,41,0,14,0,85,,28304,41,0,14,0,45,,28305,41,0,14,0,85,,28306,41,0,14,0,85,,28307,41,0,14,0,85,,28308,41,0,14,0,45,,28309,41,0,14,0,85,,28310,41,0,14,0,85,,28311,41,0,14,0
721404,'1354',653,,28312,41,0,14,0,97,,28313,41,0,14,0,85,,28314,41,0,14,0,85,,28315,41,0,14,0,85,,28316,41,0,14,0,45,,28317,41,0,14,0,85,,28318,41,0,14,0,85,,28319,41,0,14,0,85,,28320,41,0,14,0,45,,28321,41,0,14,0,85,,28322,41,0,14,0,85,,28323,41,0,14,0,85,,28324,41,0,14,0,45,,28325,41,0,14,0,85,,28326,41,0,14,0,85,,28327,41,0,14,0,85,,28328,41,0,14,0,45,,28329,41,0,14,0,85,,28330,41,0,14,0,85,,28331,41,0,14,0
722600,'1350',720,,28857,5,,,0,84,,28858,5,,,0,649,,28859,6,,,0,84,,28860,6,,,0
722600,'1351',720,,28861,5,,,0,84,,28862,5,,,0,649,,28863,6,,,0,84,,28864,6,,,0
722600,'1352',720,,28865,5,,,0,84,,28866,5,,,0,649,,28867,6,,,0,84,,28868,6,,,0
722600,'1353',720,,28869,5,,,0,84,,28870,5,,,0,649,,28871,6,,,0,84,,28872,6,,,0
722600,'1354',720,,28873,5,,,0,84,,28874,5,,,0,649,,28875,6,,,0,84,,28876,6,,,0
