722501,'1357',542,,35879,37,0,17,0,160,,35880,37,0,17,0,100,,35881,37,0,17,0,100,,35882,37,0,17,0,100,,35883,37,0,17,0,100,,35884,37,0,17,0,100,,35885,37,0,17,0,100,,35886,37,0,17,0,100,,35887,37,0,17,0,100,,35888,37,0,17,0,100,,35889,37,0,17,0,100,,35890,37,0,17,0,100,,35891,37,0,17,0,100,,35892,37,0,17,0,100,,35893,37,0,17,0,100,,35894,37,0,17,0,100,,35895,37,0,17,0,100,,35896,37,0,17,0
722501,'1358',542,,35897,37,0,17,0,160,,35898,37,0,17,0,100,,35899,37,0,17,0,100,,35900,37,0,17,0,100,,35901,37,0,17,0,100,,35902,37,0,17,0,100,,35903,37,0,17,0,100,,35904,37,0,17,0,100,,35905,37,0,17,0,100,,35906,37,0,17,0,100,,35907,37,0,17,0,100,,35908,37,0,17,0,100,,35909,37,0,17,0,100,,35910,37,0,17,0,100,,35911,37,0,17,0,100,,35912,37,0,17,0,100,,35913,37,0,17,0,100,,35914,37,0,17,0
722501,'1359',542,,35915,37,0,17,0,160,,35916,37,0,17,0,100,,35917,37,0,17,0,100,,35918,37,0,17,0,100,,35919,37,0,17,0,100,,35920,37,0,17,0,100,,35921,37,0,17,0,100,,35922,37,0,17,0,100,,35923,37,0,17,0,100,,35924,37,0,17,0,100,,35925,37,0,17,0,100,,35926,37,0,17,0,100,,35927,37,0,17,0,100,,35928,37,0,17,0,100,,35929,37,0,17,0,100,,35930,37,0,17,0,100,,35931,37,0,17,0,100,,35932,37,0,17,0
722501,'1360',542,,35933,37,0,17,0,160,,35934,37,0,17,0,100,,35935,37,0,17,0,100,,35936,37,0,17,0,100,,35937,37,0,17,0,100,,35938,37,0,17,0,100,,35939,37,0,17,0,100,,35940,37,0,17,0,100,,35941,37,0,17,0,100,,35942,37,0,17,0,100,,35943,37,0,17,0,100,,35944,37,0,17,0,100,,35945,37,0,17,0,100,,35946,37,0,17,0,100,,35947,37,0,17,0,100,,35948,37,0,17,0,100,,35949,37,0,17,0,100,,35950,37,0,17,0
722501,'1361',542,,35951,37,0,17,0,160,,35952,37,0,17,0,100,,35953,37,0,17,0,100,,35954,37,0,17,0,100,,35955,37,0,17,0,100,,35956,37,0,17,0,100,,35957,37,0,17,0,100,,35958,37,0,17,0,100,,35959,37,0,17,0,100,,35960,37,0,17,0,100,,35961,37,0,17,0,100,,35962,37,0,17,0,100,,35963,37,0,17,0,100,,35964,37,0,17,0,100,,35965,37,0,17,0,100,,35966,37,0,17,0,100,,35967,37,0,17,0,100,,35968,37,0,17,0
722502,'1357',553,,35969,20,0,16,0,100,,35970,20,0,16,0,100,,35971,20,0,16,0,100,,35972,20,0,16,0,100,,35973,20,0,16,0,100,,35974,20,0,16,0,100,,35975,20,0,16,0,100,,35976,20,0,16,0,100,,35977,20,0,16,0,100,,35978,20,0,16,0,100,,35979,20,0,16,0,100,,35980,20,0,16,0,100,,35981,20,0,16,0,100,,35982,20,0,16,0,100,,35983,20,0,16,0,100,,35984,20,0,16,0,100,,35985,20,0,16,0,100,,35986,20,0,16,0
722502,'1358',553,,35987,20,0,16,0,100,,35988,20,0,16,0,100,,35989,20,0,16,0,100,,35990,20,0,16,0,100,,35991,20,0,16,0,100,,35992,20,0,16,0,100,,35993,20,0,16,0,100,,35994,20,0,16,0,100,,35995,20,0,16,0,100,,35996,20,0,16,0,100,,35997,20,0,16,0,100,,35998,20,0,16,0,100,,35999,20,0,16,0,100,,36000,20,0,16,0,100,,36001,20,0,16,0,100,,36002,20,0,16,0,100,,36003,20,0,16,0,100,,36004,20,0,16,0
722502,'1359',553,,36005,20,0,16,0,100,,36006,20,0,16,0,100,,36007,20,0,16,0,100,,36008,20,0,16,0,100,,36009,20,0,16,0,100,,36010,20,0,16,0,100,,36011,20,0,16,0,100,,36012,20,0,16,0,100,,36013,20,0,16,0,100,,36014,20,0,16,0,100,,36015,20,0,16,0,100,,36016,20,0,16,0,100,,36017,20,0,16,0,100,,36018,20,0,16,0,100,,36019,20,0,16,0,100,,36020,20,0,16,0,100,,36021,20,0,16,0,100,,36022,20,0,16,0
722502,'1360',553,,36023,20,0,16,0,100,,36024,20,0,16,0,100,,36025,20,0,16,0,100,,36026,20,0,16,0,100,,36027,20,0,16,0,100,,36028,20,0,16,0,100,,36029,20,0,16,0,100,,36030,20,0,16,0,100,,36031,20,0,16,0,100,,36032,20,0,16,0,100,,36033,20,0,16,0,100,,36034,20,0,16,0,100,,36035,20,0,16,0,100,,36036,20,0,16,0,100,,36037,20,0,16,0,100,,36038,20,0,16,0,100,,36039,20,0,16,0,100,,36040,20,0,16,0
722502,'1361',553,,36041,20,0,16,0,100,,36042,20,0,16,0,100,,36043,20,0,16,0,100,,36044,20,0,16,0,100,,36045,20,0,16,0,100,,36046,20,0,16,0,100,,36047,20,0,16,0,100,,36048,20,0,16,0,100,,36049,20,0,16,0,100,,36050,20,0,16,0,100,,36051,20,0,16,0,100,,36052,20,0,16,0,100,,36053,20,0,16,0,100,,36054,20,0,16,0,100,,36055,20,0,16,0,100,,36056,20,0,16,0,100,,36057,20,0,16,0,100,,36058,20,0,16,0
