1900,'1348',937,,24095,58,,,0,100,,24094,58,,,0,100,,24093,58,,,0,100,,24092,58,,,0,100,,24091,58,,,0,100,,24090,58,,,0,100,,24089,58,,,0,100,,24088,58,,,0,100,,24097,58,,,0,100,,24096,58,,,0,100,,24086,58,,,0,100,,24087,58,,,0
1900,'1349',837,,24098,58,,,0,100,,24099,58,,,0,100,,24100,58,,,0,70,,24101,58,,,0,30,,24102,58,,,0,70,,24103,58,,,0,30,,24104,58,,,0,70,,24105,58,,,0,30,,24106,58,,,0,70,,24107,58,,,0,30,,24108,58,,,0,70,,24109,58,,,0,30,,24110,58,,,0,70,,24111,58,,,0,30,,24112,58,,,0,70,,24113,58,,,0,30,,24114,58,,,0,70,,24115,58,,,0,30,,24116,58,,,0,70,,24117,58,,,0,30,,24118,58,,,0,70,,24119,58,,,0,30,,24120,58,,,0,100,,24121,58,,,0,100,,24122,58,,,0,100,,24123,58,,,0
1900,'1350',637,,24124,58,,,0,70,,24125,58,,,0,30,,24126,58,,,0,70,,24127,58,,,0,30,,24128,58,,,0,70,,24129,58,,,0,30,,24130,58,,,0,70,,24131,58,,,0,30,,24132,58,,,0,70,,24133,58,,,0,30,,24134,58,,,0,70,,24135,58,,,0,30,,24136,58,,,0,70,,24137,58,,,0,30,,24138,58,,,0,70,,24139,58,,,0,30,,24140,58,,,0,70,,24141,58,,,0,30,,24142,58,,,0,70,,24143,58,,,0,30,,24144,58,,,0,70,,24145,58,,,0,30,,24146,58,,,0,70,,24147,58,,,0,30,,24148,58,,,0,70,,24149,58,,,0,30,,24150,58,,,0,70,,24151,58,,,0,30,,24152,58,,,0,70,,24153,58,,,0,30,,24154,58,,,0,70,,24155,58,,,0,100,,24156,58,,,0,100,,24157,58,,,0
1900,'1351',637,,24158,58,,,0,70,,24159,58,,,0,30,,24160,58,,,0,70,,24161,58,,,0,30,,24162,58,,,0,70,,24163,58,,,0,30,,24164,58,,,0,70,,24165,58,,,0,30,,24166,58,,,0,70,,24167,58,,,0,30,,24168,58,,,0,70,,24169,58,,,0,30,,24170,58,,,0,70,,24171,58,,,0,30,,24172,58,,,0,70,,24173,58,,,0,30,,24174,58,,,0,70,,24175,58,,,0,30,,24176,58,,,0,70,,24177,58,,,0,30,,24178,58,,,0,70,,24179,58,,,0,30,,24180,58,,,0,70,,24181,58,,,0,30,,24182,58,,,0,70,,24183,58,,,0,30,,24184,58,,,0,70,,24185,58,,,0,30,,24186,58,,,0,70,,24187,58,,,0,30,,24188,58,,,0,70,,24189,58,,,0,100,,24190,58,,,0,100,,24191,58,,,0
1900,'1352',637,,24192,58,,,0,70,,24193,58,,,0,30,,24194,58,,,0,70,,24195,58,,,0,30,,24196,58,,,0,70,,24197,58,,,0,30,,24198,58,,,0,70,,24199,58,,,0,30,,24200,58,,,0,70,,24201,58,,,0,30,,24202,58,,,0,70,,24203,58,,,0,30,,24204,58,,,0,70,,24205,58,,,0,30,,24206,58,,,0,70,,24207,58,,,0,30,,24208,58,,,0,70,,24209,58,,,0,30,,24210,58,,,0,70,,24211,58,,,0,30,,24212,58,,,0,70,,24213,58,,,0,30,,24214,58,,,0,70,,24215,58,,,0,30,,24216,58,,,0,70,,24217,58,,,0,30,,24218,58,,,0,70,,24219,58,,,0,30,,24220,58,,,0,70,,24221,58,,,0,30,,24222,58,,,0,70,,24223,58,,,0,100,,24224,58,,,0,100,,24225,58,,,0
1900,'1353',637,,24226,58,,,0,70,,24227,58,,,0,30,,24228,58,,,0,70,,24229,58,,,0,30,,24230,58,,,0,70,,24231,58,,,0,30,,24232,58,,,0,70,,24233,58,,,0,30,,24234,58,,,0,70,,24235,58,,,0,30,,24236,58,,,0,70,,24237,58,,,0,30,,24238,58,,,0,70,,24239,58,,,0,30,,24240,58,,,0,70,,24241,58,,,0,30,,24242,58,,,0,70,,24243,58,,,0,30,,24244,58,,,0,70,,24245,58,,,0,30,,24246,58,,,0,70,,24247,58,,,0,30,,24248,58,,,0,70,,24249,58,,,0,30,,24250,58,,,0,70,,24251,58,,,0,30,,24252,58,,,0,70,,24253,58,,,0,30,,24254,58,,,0,70,,24255,58,,,0,30,,24256,58,,,0,70,,24257,58,,,0,100,,24258,58,,,0,100,,24259,58,,,0
1900,'1354',637,,24260,58,,,0,70,,24261,58,,,0,30,,24262,58,,,0,70,,24263,58,,,0,30,,24264,58,,,0,70,,24265,58,,,0,30,,24266,58,,,0,70,,24267,58,,,0,30,,24268,58,,,0,70,,24269,58,,,0,30,,24270,58,,,0,70,,24271,58,,,0,30,,24272,58,,,0,70,,24273,58,,,0,30,,24274,58,,,0,70,,24275,58,,,0,30,,24276,58,,,0,70,,24277,58,,,0,30,,24278,58,,,0,70,,24279,58,,,0,30,,24280,58,,,0,70,,24281,58,,,0,30,,24282,58,,,0,70,,24283,58,,,0,30,,24284,58,,,0,70,,24285,58,,,0,30,,24286,58,,,0,70,,24287,58,,,0,30,,24288,58,,,0,70,,24289,58,,,0,30,,24290,58,,,0,70,,24291,58,,,0,100,,24292,58,,,0,100,,24293,58,,,0
552201,'1350',659,,25989,9,0,9,0,70,,25990,9,0,9,0,30,,25991,9,0,9,0,70,,25992,9,0,9,0,30,,25993,9,0,9,0,70,,25994,9,0,9,0,30,,25995,9,0,9,0,70,,25996,9,0,9,0,30,,25997,9,0,9,0,70,,25998,9,0,9,0,30,,25999,9,0,9,0,70,,26000,9,0,9,0,30,,26001,9,0,9,0,70,,26002,9,0,9,0,30,,26003,9,0,9,0,70,,26004,9,0,9,0,30,,26005,9,0,9,0,70,,26006,9,0,9,0,30,,26007,9,0,9,0,70,,26008,9,0,9,0,30,,26009,9,0,9,0,70,,26010,9,0,9,0,30,,26011,9,0,9,0
552201,'1351',659,,26012,9,0,9,0,70,,26013,9,0,9,0,30,,26014,9,0,9,0,70,,26015,9,0,9,0,30,,26016,9,0,9,0,70,,26017,9,0,9,0,30,,26018,9,0,9,0,70,,26019,9,0,9,0,30,,26020,9,0,9,0,70,,26021,9,0,9,0,30,,26022,9,0,9,0,70,,26023,9,0,9,0,30,,26024,9,0,9,0,70,,26025,9,0,9,0,30,,26026,9,0,9,0,70,,26027,9,0,9,0,30,,26028,9,0,9,0,70,,26029,9,0,9,0,30,,26030,9,0,9,0,70,,26031,9,0,9,0,30,,26032,9,0,9,0,70,,26033,9,0,9,0,30,,26034,9,0,9,0
552201,'1352',659,,26035,9,0,9,0,70,,26036,9,0,9,0,30,,26037,9,0,9,0,70,,26038,9,0,9,0,30,,26039,9,0,9,0,70,,26040,9,0,9,0,30,,26041,9,0,9,0,70,,26042,9,0,9,0,30,,26043,9,0,9,0,70,,26044,9,0,9,0,30,,26045,9,0,9,0,70,,26046,9,0,9,0,30,,26047,9,0,9,0,70,,26048,9,0,9,0,30,,26049,9,0,9,0,70,,26050,9,0,9,0,30,,26051,9,0,9,0,70,,26052,9,0,9,0,30,,26053,9,0,9,0,70,,26054,9,0,9,0,30,,26055,9,0,9,0,70,,26056,9,0,9,0,30,,26057,9,0,9,0
552201,'1353',659,,26058,9,0,9,0,70,,26059,9,0,9,0,30,,26060,9,0,9,0,70,,26061,9,0,9,0,30,,26062,9,0,9,0,70,,26063,9,0,9,0,30,,26064,9,0,9,0,70,,26065,9,0,9,0,30,,26066,9,0,9,0,70,,26067,9,0,9,0,30,,26068,9,0,9,0,70,,26069,9,0,9,0,30,,26070,9,0,9,0,70,,26071,9,0,9,0,30,,26072,9,0,9,0,70,,26073,9,0,9,0,30,,26074,9,0,9,0,70,,26075,9,0,9,0,30,,26076,9,0,9,0,70,,26077,9,0,9,0,30,,26078,9,0,9,0,70,,26079,9,0,9,0,30,,26080,9,0,9,0
552201,'1354',659,,26081,9,0,9,0,70,,26082,9,0,9,0,30,,26083,9,0,9,0,70,,26084,9,0,9,0,30,,26085,9,0,9,0,70,,26086,9,0,9,0,30,,26087,9,0,9,0,70,,26088,9,0,9,0,30,,26089,9,0,9,0,70,,26090,9,0,9,0,30,,26091,9,0,9,0,70,,26092,9,0,9,0,30,,26093,9,0,9,0,70,,26094,9,0,9,0,30,,26095,9,0,9,0,70,,26096,9,0,9,0,30,,26097,9,0,9,0,70,,26098,9,0,9,0,30,,26099,9,0,9,0,70,,26100,9,0,9,0,30,,26101,9,0,9,0,70,,26102,9,0,9,0,30,,26103,9,0,9,0
