721303,'1355',841,,34791,7,0,15,0,80,,34790,7,0,15,0,80,,34789,7,0,15,0,40,,34788,7,0,15,0,80,,34787,7,0,15,0,80,,34786,7,0,15,0,40,,34785,7,0,15,0,80,,34784,7,0,15,0,80,,34783,7,0,15,0,40,,34782,7,0,15,0,80,,34781,7,0,15,0,80,,34780,7,0,15,0,40,,34779,7,0,15,0,80,,34778,7,0,15,0,80,,34777,7,0,15,0,40,,34776,7,0,15,0,80,,34775,7,0,15,0,80,,34774,7,0,15,0
721303,'1356',641,,34792,7,0,15,0,80,,34793,7,0,15,0,80,,34794,7,0,15,0,40,,34795,7,0,15,0,80,,34796,7,0,15,0,80,,34797,7,0,15,0,40,,34798,7,0,15,0,80,,34799,7,0,15,0,80,,34800,7,0,15,0,20,,34801,7,0,15,0,20,,34802,7,0,15,0,60,,34803,7,0,15,0,20,,34804,7,0,15,0,20,,34805,7,0,15,0,60,,34806,7,0,15,0,20,,34807,7,0,15,0,20,,34808,7,0,15,0,60,,34809,7,0,15,0,20,,34810,7,0,15,0,20,,34811,7,0,15,0,60,,34812,7,0,15,0,20,,34813,7,0,15,0,20,,34814,7,0,15,0,60,,34815,7,0,15,0,20,,34816,7,0,15,0,20,,34817,7,0,15,0,60,,34818,7,0,15,0,20,,34819,7,0,15,0,20,,34820,7,0,15,0,80,,34821,7,0,15,0,80,,34822,7,0,15,0,40,,34823,7,0,15,0,80,,34824,7,0,15,0,80,,34825,7,0,15,0,40,,34826,7,0,15,0,80,,34827,7,0,15,0
721303,'1357',616,,34835,7,0,15,0,85,,34836,7,0,15,0,20,,34837,7,0,15,0,25,,34838,7,0,15,0,60,,34839,7,0,15,0,25,,34840,7,0,15,0,20,,34841,7,0,15,0,65,,34842,7,0,15,0,20,,34843,7,0,15,0,65,,34844,7,0,15,0,20,,34845,7,0,15,0,25,,34846,7,0,15,0,60,,34847,7,0,15,0,25,,34848,7,0,15,0,20,,34849,7,0,15,0,65,,34850,7,0,15,0,20,,34851,7,0,15,0,65,,34852,7,0,15,0,20,,34853,7,0,15,0,25,,34854,7,0,15,0,60,,34855,7,0,15,0,25,,34856,7,0,15,0,20,,34857,7,0,15,0,65,,34858,7,0,15,0,20,,34859,7,0,15,0,65,,34860,7,0,15,0,20,,34861,7,0,15,0,25,,34862,7,0,15,0,60,,34863,7,0,15,0,25,,34864,7,0,15,0,20,,34865,7,0,15,0,65,,34866,7,0,15,0,20,,34867,7,0,15,0,69,,34868,7,0,15,0,36,,34828,7,0,15,0,80,,34829,7,0,15,0,80,,34830,7,0,15,0,40,,34831,7,0,15,0,80,,34832,7,0,15,0,80,,34833,7,0,15,0,40,,34834,7,0,15,0
721303,'1358',616,,34876,7,0,15,0,85,,34877,7,0,15,0,20,,34878,7,0,15,0,25,,34879,7,0,15,0,60,,34880,7,0,15,0,25,,34881,7,0,15,0,20,,34882,7,0,15,0,65,,34883,7,0,15,0,20,,34884,7,0,15,0,65,,34885,7,0,15,0,20,,34886,7,0,15,0,25,,34887,7,0,15,0,60,,34888,7,0,15,0,25,,34889,7,0,15,0,20,,34890,7,0,15,0,65,,34891,7,0,15,0,20,,34892,7,0,15,0,65,,34893,7,0,15,0,20,,34894,7,0,15,0,25,,34895,7,0,15,0,60,,34896,7,0,15,0,25,,34897,7,0,15,0,20,,34898,7,0,15,0,65,,34899,7,0,15,0,20,,34900,7,0,15,0,65,,34901,7,0,15,0,20,,34902,7,0,15,0,25,,34903,7,0,15,0,60,,34904,7,0,15,0,25,,34905,7,0,15,0,20,,34906,7,0,15,0,65,,34907,7,0,15,0,20,,34908,7,0,15,0,69,,34909,7,0,15,0,36,,34869,7,0,15,0,80,,34870,7,0,15,0,80,,34871,7,0,15,0,40,,34872,7,0,15,0,80,,34873,7,0,15,0,80,,34874,7,0,15,0,40,,34875,7,0,15,0
721303,'1359',616,,34917,7,0,15,0,85,,34918,7,0,15,0,20,,34919,7,0,15,0,25,,34920,7,0,15,0,60,,34921,7,0,15,0,25,,34922,7,0,15,0,20,,34923,7,0,15,0,65,,34924,7,0,15,0,20,,34925,7,0,15,0,65,,34926,7,0,15,0,20,,34927,7,0,15,0,25,,34928,7,0,15,0,60,,34929,7,0,15,0,25,,34930,7,0,15,0,20,,34931,7,0,15,0,65,,34932,7,0,15,0,20,,34933,7,0,15,0,65,,34934,7,0,15,0,20,,34935,7,0,15,0,25,,34936,7,0,15,0,60,,34937,7,0,15,0,25,,34938,7,0,15,0,20,,34939,7,0,15,0,65,,34940,7,0,15,0,20,,34941,7,0,15,0,65,,34942,7,0,15,0,20,,34943,7,0,15,0,25,,34944,7,0,15,0,60,,34945,7,0,15,0,25,,34946,7,0,15,0,20,,34947,7,0,15,0,65,,34948,7,0,15,0,20,,34949,7,0,15,0,69,,34950,7,0,15,0,36,,34910,7,0,15,0,80,,34911,7,0,15,0,80,,34912,7,0,15,0,40,,34913,7,0,15,0,80,,34914,7,0,15,0,80,,34915,7,0,15,0,40,,34916,7,0,15,0
721303,'1360',616,,34958,7,0,15,0,85,,34959,7,0,15,0,20,,34960,7,0,15,0,25,,34961,7,0,15,0,60,,34962,7,0,15,0,25,,34963,7,0,15,0,20,,34964,7,0,15,0,65,,34965,7,0,15,0,20,,34966,7,0,15,0,65,,34967,7,0,15,0,20,,34968,7,0,15,0,25,,34969,7,0,15,0,60,,34970,7,0,15,0,25,,34971,7,0,15,0,20,,34972,7,0,15,0,65,,34973,7,0,15,0,20,,34974,7,0,15,0,65,,34975,7,0,15,0,20,,34976,7,0,15,0,25,,34977,7,0,15,0,60,,34978,7,0,15,0,25,,34979,7,0,15,0,20,,34980,7,0,15,0,65,,34981,7,0,15,0,20,,34982,7,0,15,0,65,,34983,7,0,15,0,20,,34984,7,0,15,0,25,,34985,7,0,15,0,60,,34986,7,0,15,0,25,,34987,7,0,15,0,20,,34988,7,0,15,0,65,,34989,7,0,15,0,20,,34990,7,0,15,0,69,,34991,7,0,15,0,36,,34951,7,0,15,0,80,,34952,7,0,15,0,80,,34953,7,0,15,0,40,,34954,7,0,15,0,80,,34955,7,0,15,0,80,,34956,7,0,15,0,40,,34957,7,0,15,0
721303,'1361',616,,34999,7,0,15,0,85,,35000,7,0,15,0,20,,35001,7,0,15,0,25,,35002,7,0,15,0,60,,35003,7,0,15,0,25,,35004,7,0,15,0,20,,35005,7,0,15,0,65,,35006,7,0,15,0,20,,35007,7,0,15,0,65,,35008,7,0,15,0,20,,35009,7,0,15,0,25,,35010,7,0,15,0,60,,35011,7,0,15,0,25,,35012,7,0,15,0,20,,35013,7,0,15,0,65,,35014,7,0,15,0,20,,35015,7,0,15,0,65,,35016,7,0,15,0,20,,35017,7,0,15,0,25,,35018,7,0,15,0,60,,35019,7,0,15,0,25,,35020,7,0,15,0,20,,35021,7,0,15,0,65,,35022,7,0,15,0,20,,35023,7,0,15,0,65,,35024,7,0,15,0,20,,35025,7,0,15,0,25,,35026,7,0,15,0,60,,35027,7,0,15,0,25,,35028,7,0,15,0,20,,35029,7,0,15,0,65,,35030,7,0,15,0,20,,35031,7,0,15,0,69,,35032,7,0,15,0,36,,34992,7,0,15,0,80,,34993,7,0,15,0,80,,34994,7,0,15,0,40,,34995,7,0,15,0,80,,34996,7,0,15,0,80,,34997,7,0,15,0,40,,34998,7,0,15,0
721502,'1357',723,,35734,5,0,16,0
721502,'1358',723,,35763,5,0,16,0
721502,'1359',723,,35792,5,0,16,0
721502,'1360',723,,35821,5,0,16,0
721502,'1361',723,,35850,5,0,16,0
