721303,'1355',842,,34791,9,0,15,0,80,,34790,9,0,15,0,80,,34789,9,0,15,0,40,,34788,9,0,15,0,80,,34787,9,0,15,0,80,,34786,9,0,15,0,40,,34785,9,0,15,0,80,,34784,9,0,15,0,80,,34783,9,0,15,0,40,,34782,9,0,15,0,80,,34781,9,0,15,0,80,,34780,9,0,15,0,40,,34779,9,0,15,0,80,,34778,9,0,15,0,80,,34777,9,0,15,0,40,,34776,9,0,15,0,80,,34775,9,0,15,0,80,,34774,9,0,15,0
721303,'1356',642,,34792,9,0,15,0,80,,34793,9,0,15,0,80,,34794,9,0,15,0,40,,34795,9,0,15,0,80,,34796,9,0,15,0,80,,34797,9,0,15,0,40,,34798,9,0,15,0,80,,34799,9,0,15,0,80,,34800,9,0,15,0,20,,34801,9,0,15,0,20,,34802,9,0,15,0,60,,34803,9,0,15,0,20,,34804,9,0,15,0,20,,34805,9,0,15,0,60,,34806,9,0,15,0,20,,34807,9,0,15,0,20,,34808,9,0,15,0,60,,34809,9,0,15,0,20,,34810,9,0,15,0,20,,34811,9,0,15,0,60,,34812,9,0,15,0,20,,34813,9,0,15,0,20,,34814,9,0,15,0,60,,34815,9,0,15,0,20,,34816,9,0,15,0,20,,34817,9,0,15,0,60,,34818,9,0,15,0,20,,34819,9,0,15,0,20,,34820,9,0,15,0,80,,34821,9,0,15,0,80,,34822,9,0,15,0,40,,34823,9,0,15,0,80,,34824,9,0,15,0,80,,34825,9,0,15,0,40,,34826,9,0,15,0,80,,34827,9,0,15,0
721303,'1357',617,,34835,9,0,15,0,85,,34836,9,0,15,0,20,,34837,9,0,15,0,25,,34838,9,0,15,0,60,,34839,9,0,15,0,25,,34840,9,0,15,0,20,,34841,9,0,15,0,65,,34842,9,0,15,0,20,,34843,9,0,15,0,65,,34844,9,0,15,0,20,,34845,9,0,15,0,25,,34846,9,0,15,0,60,,34847,9,0,15,0,25,,34848,9,0,15,0,20,,34849,9,0,15,0,65,,34850,9,0,15,0,20,,34851,9,0,15,0,65,,34852,9,0,15,0,20,,34853,9,0,15,0,25,,34854,9,0,15,0,60,,34855,9,0,15,0,25,,34856,9,0,15,0,20,,34857,9,0,15,0,65,,34858,9,0,15,0,20,,34859,9,0,15,0,65,,34860,9,0,15,0,20,,34861,9,0,15,0,25,,34862,9,0,15,0,60,,34863,9,0,15,0,25,,34864,9,0,15,0,20,,34865,9,0,15,0,65,,34866,9,0,15,0,20,,34867,9,0,15,0,69,,34868,9,0,15,0,36,,34828,9,0,15,0,80,,34829,9,0,15,0,80,,34830,9,0,15,0,40,,34831,9,0,15,0,80,,34832,9,0,15,0,80,,34833,9,0,15,0,40,,34834,9,0,15,0
721303,'1358',617,,34876,9,0,15,0,85,,34877,9,0,15,0,20,,34878,9,0,15,0,25,,34879,9,0,15,0,60,,34880,9,0,15,0,25,,34881,9,0,15,0,20,,34882,9,0,15,0,65,,34883,9,0,15,0,20,,34884,9,0,15,0,65,,34885,9,0,15,0,20,,34886,9,0,15,0,25,,34887,9,0,15,0,60,,34888,9,0,15,0,25,,34889,9,0,15,0,20,,34890,9,0,15,0,65,,34891,9,0,15,0,20,,34892,9,0,15,0,65,,34893,9,0,15,0,20,,34894,9,0,15,0,25,,34895,9,0,15,0,60,,34896,9,0,15,0,25,,34897,9,0,15,0,20,,34898,9,0,15,0,65,,34899,9,0,15,0,20,,34900,9,0,15,0,65,,34901,9,0,15,0,20,,34902,9,0,15,0,25,,34903,9,0,15,0,60,,34904,9,0,15,0,25,,34905,9,0,15,0,20,,34906,9,0,15,0,65,,34907,9,0,15,0,20,,34908,9,0,15,0,69,,34909,9,0,15,0,36,,34869,9,0,15,0,80,,34870,9,0,15,0,80,,34871,9,0,15,0,40,,34872,9,0,15,0,80,,34873,9,0,15,0,80,,34874,9,0,15,0,40,,34875,9,0,15,0
721303,'1359',617,,34917,9,0,15,0,85,,34918,9,0,15,0,20,,34919,9,0,15,0,25,,34920,9,0,15,0,60,,34921,9,0,15,0,25,,34922,9,0,15,0,20,,34923,9,0,15,0,65,,34924,9,0,15,0,20,,34925,9,0,15,0,65,,34926,9,0,15,0,20,,34927,9,0,15,0,25,,34928,9,0,15,0,60,,34929,9,0,15,0,25,,34930,9,0,15,0,20,,34931,9,0,15,0,65,,34932,9,0,15,0,20,,34933,9,0,15,0,65,,34934,9,0,15,0,20,,34935,9,0,15,0,25,,34936,9,0,15,0,60,,34937,9,0,15,0,25,,34938,9,0,15,0,20,,34939,9,0,15,0,65,,34940,9,0,15,0,20,,34941,9,0,15,0,65,,34942,9,0,15,0,20,,34943,9,0,15,0,25,,34944,9,0,15,0,60,,34945,9,0,15,0,25,,34946,9,0,15,0,20,,34947,9,0,15,0,65,,34948,9,0,15,0,20,,34949,9,0,15,0,69,,34950,9,0,15,0,36,,34910,9,0,15,0,80,,34911,9,0,15,0,80,,34912,9,0,15,0,40,,34913,9,0,15,0,80,,34914,9,0,15,0,80,,34915,9,0,15,0,40,,34916,9,0,15,0
721303,'1360',617,,34958,9,0,15,0,85,,34959,9,0,15,0,20,,34960,9,0,15,0,25,,34961,9,0,15,0,60,,34962,9,0,15,0,25,,34963,9,0,15,0,20,,34964,9,0,15,0,65,,34965,9,0,15,0,20,,34966,9,0,15,0,65,,34967,9,0,15,0,20,,34968,9,0,15,0,25,,34969,9,0,15,0,60,,34970,9,0,15,0,25,,34971,9,0,15,0,20,,34972,9,0,15,0,65,,34973,9,0,15,0,20,,34974,9,0,15,0,65,,34975,9,0,15,0,20,,34976,9,0,15,0,25,,34977,9,0,15,0,60,,34978,9,0,15,0,25,,34979,9,0,15,0,20,,34980,9,0,15,0,65,,34981,9,0,15,0,20,,34982,9,0,15,0,65,,34983,9,0,15,0,20,,34984,9,0,15,0,25,,34985,9,0,15,0,60,,34986,9,0,15,0,25,,34987,9,0,15,0,20,,34988,9,0,15,0,65,,34989,9,0,15,0,20,,34990,9,0,15,0,69,,34991,9,0,15,0,36,,34951,9,0,15,0,80,,34952,9,0,15,0,80,,34953,9,0,15,0,40,,34954,9,0,15,0,80,,34955,9,0,15,0,80,,34956,9,0,15,0,40,,34957,9,0,15,0
721303,'1361',617,,34999,9,0,15,0,85,,35000,9,0,15,0,20,,35001,9,0,15,0,25,,35002,9,0,15,0,60,,35003,9,0,15,0,25,,35004,9,0,15,0,20,,35005,9,0,15,0,65,,35006,9,0,15,0,20,,35007,9,0,15,0,65,,35008,9,0,15,0,20,,35009,9,0,15,0,25,,35010,9,0,15,0,60,,35011,9,0,15,0,25,,35012,9,0,15,0,20,,35013,9,0,15,0,65,,35014,9,0,15,0,20,,35015,9,0,15,0,65,,35016,9,0,15,0,20,,35017,9,0,15,0,25,,35018,9,0,15,0,60,,35019,9,0,15,0,25,,35020,9,0,15,0,20,,35021,9,0,15,0,65,,35022,9,0,15,0,20,,35023,9,0,15,0,65,,35024,9,0,15,0,20,,35025,9,0,15,0,25,,35026,9,0,15,0,60,,35027,9,0,15,0,25,,35028,9,0,15,0,20,,35029,9,0,15,0,65,,35030,9,0,15,0,20,,35031,9,0,15,0,69,,35032,9,0,15,0,36,,34992,9,0,15,0,80,,34993,9,0,15,0,80,,34994,9,0,15,0,40,,34995,9,0,15,0,80,,34996,9,0,15,0,80,,34997,9,0,15,0,40,,34998,9,0,15,0
721502,'1357',724,,35734,7,0,16,0
721502,'1358',724,,35763,7,0,16,0
721502,'1359',724,,35792,7,0,16,0
721502,'1360',724,,35821,7,0,16,0
721502,'1361',724,,35850,7,0,16,0
