'1217',1600,103300,0,'Transway1A',0,7000,0,'Transway1A',0,4500,0,'Transway1A',0,7000,0,'Transway1A',0,3000,0,'Transway1A',0,7000,0,'Transway1A',0,3000,0,'Transway1A',0,7000,0,'Transway1A',0,3000,0,'Transway1A',0,7000,0,'Transway1A',0,3000,0,'Transway1A',0,7000,0,'Transway1A',0,3000,0,'Transway1A',0,6000,0,'Transway1A',0,1000,0,'Transway1A',0,3000,0,'Transway1A',0,6000,0,'Transway1A',0,1000,0,'Transway1A',0,3000,0,'Transway1A',0,7000,0,'Transway1A',0,3000,0,'Transway1A',0
'1217',1601,103100,4,'',0,7000,4,'',0,4500,4,'',0,7000,4,'',0,3000,4,'',0,7000,4,'',0,3000,4,'',0,7000,4,'',0,3000,4,'',0,7000,4,'',0,3000,4,'',0,7000,4,'',0,3000,4,'',0,7000,4,'',0,3000,4,'',0,7000,4,'',0,3000,4,'',0,7000,4,'',0,3000,4,'',0
'1218',1600,72000,0,'Transway1A',0,3000,0,'Transway1A',0,7000,0,'Transway1A',0,3000,0,'Transway1A',0,7000,0,'Transway1A',0,3000,0,'Transway1A',0,7000,0,'Transway1A',0,3000,0,'Transway1A',0,6000,0,'Transway1A',0,2000,0,'Transway1A',0,2000,0,'Transway1A',0,6000,0,'Transway1A',0,2000,0,'Transway1A',0,2000,0,'Transway1A',0,6000,0,'Transway1A',0,2000,0,'Transway1A',0,2000,0,'Transway1A',0,6000,0,'Transway1A',0,2000,0,'Transway1A',0,2000,0,'Transway1A',0,6000,0,'Transway1A',0,2000,0,'Transway1A',0,2000,0,'Transway1A',0,6000,0,'Transway1A',0,2000,0,'Transway1A',0,2000,0,'Transway1A',0,6000,0,'Transway1A',0,2000,0,'Transway1A',0,2000,0,'Transway1A',0,6000,0,'Transway1A',0,500,0,'Transway1A',0,1500,0,'Transway1A',0,2000,0,'Transway1A',0,7000,0,'Transway1A',0,3000,0,'Transway1A',0,7000,0,'Transway1A',0,3000,0,'Transway1A',0,7000,0,'Transway1A',0,3000,0,'Transway1A',0,10000,0,'Transway1A',0
'1218',1601,71500,4,'',0,3000,4,'',0,7000,4,'',0,3000,4,'',0,7000,4,'',0,3000,4,'',0,7000,4,'',0,3000,4,'',0,6000,4,'',0,2000,4,'',0,2000,4,'',0,6000,4,'',0,2000,4,'',0,2000,4,'',0,6000,4,'',0,2000,4,'',0,2000,4,'',0,6000,4,'',0,2000,4,'',0,2000,4,'',0,6000,4,'',0,2000,4,'',0,2000,4,'',0,6000,4,'',0,2000,4,'',0,2000,4,'',0,6000,4,'',0,2000,4,'',0,2000,4,'',0,6000,4,'',0,2000,4,'',0,2200,4,'',0,7000,4,'',0,3000,4,'',0,7000,4,'',0,3000,4,'',0,7000,4,'',0,3000,4,'',0,10000,4,'',0
'1219',1600,103300,0,'Transway1A',0,7000,0,'Transway1A',0,4500,0,'Transway1A',0,7000,0,'Transway1A',0,3000,0,'Transway1A',0,7000,0,'Transway1A',0,3000,0,'Transway1A',0,7000,0,'Transway1A',0,3000,0,'Transway1A',0,7000,0,'Transway1A',0,3000,0,'Transway1A',0,7000,0,'Transway1A',0,3000,0,'Transway1A',0,6000,0,'Transway1A',0,1000,0,'Transway1A',0,3000,0,'Transway1A',0,6000,0,'Transway1A',0,1000,0,'Transway1A',0,3000,0,'Transway1A',0,7000,0,'Transway1A',0,3000,0,'Transway1A',0
'1219',1601,103100,4,'',0,7000,4,'',0,4500,4,'',0,7000,4,'',0,3000,4,'',0,7000,4,'',0,3000,4,'',0,7000,4,'',0,3000,4,'',0,7000,4,'',0,3000,4,'',0,7000,4,'',0,3000,4,'',0,7000,4,'',0,3000,4,'',0,7000,4,'',0,3000,4,'',0,7000,4,'',0,3000,4,'',0
'1220',1600,63000,0,'Transway1A',0,7500,0,'Transway1A',0,3000,0,'Transway1A',0,2000,0,'Transway1A',0,6000,0,'Transway1A',0,2000,0,'Transway1A',0,2000,0,'Transway1A',0,6000,0,'Transway1A',0,2000,0,'Transway1A',0,2000,0,'Transway1A',0,6000,0,'Transway1A',0,2000,0,'Transway1A',0,2000,0,'Transway1A',0,6000,0,'Transway1A',0,2000,0,'Transway1A',0,2000,0,'Transway1A',0,6000,0,'Transway1A',0,2000,0,'Transway1A',0,2000,0,'Transway1A',0,6000,0,'Transway1A',0,2000,0,'Transway1A',0,2000,0,'Transway1A',0,6000,0,'Transway1A',0,2000,0,'Transway1A',0,2000,0,'Transway1A',0,6000,0,'Transway1A',0,2000,0,'Transway1A',0,2000,0,'Transway1A',0,6000,0,'Transway1A',0,2000,0,'Transway1A',0,2000,0,'Transway1A',0,6000,0,'Transway1A',0,2000,0,'Transway1A',0,2000,0,'Transway1A',0,6000,0,'Transway1A',0,2000,0,'Transway1A',0,1500,0,'Transway1A',0,7000,0,'Transway1A',0,3000,0,'Transway1A',0,6000,0,'Transway1A',0,1000,0,'Transway1A',0,2000,0,'Transway1A',0,1000,0,'Transway1A',0,6000,0,'Transway1A',0,1000,0,'Transway1A',0,3000,0,'Transway1A',0,10000,0,'Transway1A',0
'1220',1601,62500,4,'',0,7700,4,'',0,3000,4,'',0,2000,4,'',0,6000,4,'',0,2000,4,'',0,2000,4,'',0,6000,4,'',0,2000,4,'',0,2000,4,'',0,6000,4,'',0,2000,4,'',0,2000,4,'',0,6000,4,'',0,2000,4,'',0,2000,4,'',0,6000,4,'',0,2000,4,'',0,2000,4,'',0,6000,4,'',0,2000,4,'',0,2000,4,'',0,6000,4,'',0,2000,4,'',0,2000,4,'',0,6000,4,'',0,2000,4,'',0,2000,4,'',0,6000,4,'',0,2000,4,'',0,2000,4,'',0,6000,4,'',0,2000,4,'',0,2000,4,'',0,6000,4,'',0,2000,4,'',0,1500,4,'',0,7000,4,'',0,3000,4,'',0,7000,4,'',0,3000,4,'',0,7000,4,'',0,3000,4,'',0,10000,4,'',0,10000,4,'',0
'1221',1600,63000,0,'Transway1A',0,7500,0,'Transway1A',0,3000,0,'Transway1A',0,2000,0,'Transway1A',0,6000,0,'Transway1A',0,2000,0,'Transway1A',0,2000,0,'Transway1A',0,6000,0,'Transway1A',0,2000,0,'Transway1A',0,2000,0,'Transway1A',0,6000,0,'Transway1A',0,2000,0,'Transway1A',0,2000,0,'Transway1A',0,6000,0,'Transway1A',0,2000,0,'Transway1A',0,2000,0,'Transway1A',0,6000,0,'Transway1A',0,2000,0,'Transway1A',0,2000,0,'Transway1A',0,6000,0,'Transway1A',0,2000,0,'Transway1A',0,2000,0,'Transway1A',0,6000,0,'Transway1A',0,2000,0,'Transway1A',0,2000,0,'Transway1A',0,6000,0,'Transway1A',0,2000,0,'Transway1A',0,2000,0,'Transway1A',0,6000,0,'Transway1A',0,2000,0,'Transway1A',0,2000,0,'Transway1A',0,6000,0,'Transway1A',0,2000,0,'Transway1A',0,2000,0,'Transway1A',0,6000,0,'Transway1A',0,2000,0,'Transway1A',0,1500,0,'Transway1A',0,7000,0,'Transway1A',0,3000,0,'Transway1A',0,7000,0,'Transway1A',0,3000,0,'Transway1A',0,7000,0,'Transway1A',0,3000,0,'Transway1A',0,10000,0,'Transway1A',0
'1221',1601,62500,4,'',0,7700,4,'',0,3000,4,'',0,2000,4,'',0,6000,4,'',0,2000,4,'',0,2000,4,'',0,6000,4,'',0,2000,4,'',0,2000,4,'',0,6000,4,'',0,2000,4,'',0,2000,4,'',0,6000,4,'',0,2000,4,'',0,2000,4,'',0,6000,4,'',0,2000,4,'',0,2000,4,'',0,6000,4,'',0,2000,4,'',0,2000,4,'',0,6000,4,'',0,2000,4,'',0,2000,4,'',0,6000,4,'',0,2000,4,'',0,2000,4,'',0,6000,4,'',0,2000,4,'',0,2000,4,'',0,6000,4,'',0,2000,4,'',0,2000,4,'',0,6000,4,'',0,2000,4,'',0,1500,4,'',0,7000,4,'',0,3000,4,'',0,7000,4,'',0,3000,4,'',0,7000,4,'',0,3000,4,'',0,10000,4,'',0,10000,4,'',0
'1222',1600,63000,0,'Transway1A',0,7500,0,'Transway1A',0,3000,0,'Transway1A',0,2000,0,'Transway1A',0,6000,0,'Transway1A',0,2000,0,'Transway1A',0,2000,0,'Transway1A',0,6000,0,'Transway1A',0,2000,0,'Transway1A',0,2000,0,'Transway1A',0,6000,0,'Transway1A',0,2000,0,'Transway1A',0,2000,0,'Transway1A',0,6000,0,'Transway1A',0,2000,0,'Transway1A',0,2000,0,'Transway1A',0,6000,0,'Transway1A',0,2000,0,'Transway1A',0,2000,0,'Transway1A',0,6000,0,'Transway1A',0,2000,0,'Transway1A',0,2000,0,'Transway1A',0,6000,0,'Transway1A',0,2000,0,'Transway1A',0,2000,0,'Transway1A',0,6000,0,'Transway1A',0,2000,0,'Transway1A',0,2000,0,'Transway1A',0,6000,0,'Transway1A',0,2000,0,'Transway1A',0,2000,0,'Transway1A',0,6000,0,'Transway1A',0,2000,0,'Transway1A',0,2000,0,'Transway1A',0,6000,0,'Transway1A',0,2000,0,'Transway1A',0,1500,0,'Transway1A',0,7000,0,'Transway1A',0,3000,0,'Transway1A',0,6000,0,'Transway1A',0,1000,0,'Transway1A',0,2000,0,'Transway1A',0,1000,0,'Transway1A',0,6000,0,'Transway1A',0,1000,0,'Transway1A',0,3000,0,'Transway1A',0,10000,0,'Transway1A',0
'1222',1601,62500,4,'',0,7700,4,'',0,3000,4,'',0,2000,4,'',0,6000,4,'',0,2000,4,'',0,2000,4,'',0,6000,4,'',0,2000,4,'',0,2000,4,'',0,6000,4,'',0,2000,4,'',0,2000,4,'',0,6000,4,'',0,2000,4,'',0,2000,4,'',0,6000,4,'',0,2000,4,'',0,2000,4,'',0,6000,4,'',0,2000,4,'',0,2000,4,'',0,6000,4,'',0,2000,4,'',0,2000,4,'',0,6000,4,'',0,2000,4,'',0,2000,4,'',0,6000,4,'',0,2000,4,'',0,2000,4,'',0,6000,4,'',0,2000,4,'',0,2000,4,'',0,6000,4,'',0,2000,4,'',0,1500,4,'',0,7000,4,'',0,3000,4,'',0,7000,4,'',0,3000,4,'',0,7000,4,'',0,3000,4,'',0,10000,4,'',0,10000,4,'',0
'1223',1600,63000,0,'Transway1A',0,7500,0,'Transway1A',0,3000,0,'Transway1A',0,2000,0,'Transway1A',0,6000,0,'Transway1A',0,2000,0,'Transway1A',0,2000,0,'Transway1A',0,6000,0,'Transway1A',0,2000,0,'Transway1A',0,2000,0,'Transway1A',0,6000,0,'Transway1A',0,2000,0,'Transway1A',0,2000,0,'Transway1A',0,6000,0,'Transway1A',0,2000,0,'Transway1A',0,2000,0,'Transway1A',0,6000,0,'Transway1A',0,2000,0,'Transway1A',0,2000,0,'Transway1A',0,6000,0,'Transway1A',0,2000,0,'Transway1A',0,2000,0,'Transway1A',0,6000,0,'Transway1A',0,2000,0,'Transway1A',0,2000,0,'Transway1A',0,6000,0,'Transway1A',0,2000,0,'Transway1A',0,2000,0,'Transway1A',0,6000,0,'Transway1A',0,2000,0,'Transway1A',0,2000,0,'Transway1A',0,6000,0,'Transway1A',0,2000,0,'Transway1A',0,2000,0,'Transway1A',0,6000,0,'Transway1A',0,2000,0,'Transway1A',0,1500,0,'Transway1A',0,7000,0,'Transway1A',0,3000,0,'Transway1A',0,7000,0,'Transway1A',0,3000,0,'Transway1A',0,7000,0,'Transway1A',0,3000,0,'Transway1A',0,10000,0,'Transway1A',0
'1223',1601,62500,4,'',0,7700,4,'',0,3000,4,'',0,2000,4,'',0,6000,4,'',0,2000,4,'',0,2000,4,'',0,6000,4,'',0,2000,4,'',0,2000,4,'',0,6000,4,'',0,2000,4,'',0,2000,4,'',0,6000,4,'',0,2000,4,'',0,2000,4,'',0,6000,4,'',0,2000,4,'',0,2000,4,'',0,6000,4,'',0,2000,4,'',0,2000,4,'',0,6000,4,'',0,2000,4,'',0,2000,4,'',0,6000,4,'',0,2000,4,'',0,2000,4,'',0,6000,4,'',0,2000,4,'',0,2000,4,'',0,6000,4,'',0,2000,4,'',0,2000,4,'',0,6000,4,'',0,2000,4,'',0,1500,4,'',0,7000,4,'',0,3000,4,'',0,7000,4,'',0,3000,4,'',0,7000,4,'',0,3000,4,'',0,10000,4,'',0,10000,4,'',0
'1224',1600,63000,0,'Transway1A',0,7500,0,'Transway1A',0,3000,0,'Transway1A',0,2000,0,'Transway1A',0,6000,0,'Transway1A',0,2000,0,'Transway1A',0,2000,0,'Transway1A',0,6000,0,'Transway1A',0,2000,0,'Transway1A',0,2000,0,'Transway1A',0,6000,0,'Transway1A',0,2000,0,'Transway1A',0,2000,0,'Transway1A',0,6000,0,'Transway1A',0,2000,0,'Transway1A',0,2000,0,'Transway1A',0,6000,0,'Transway1A',0,2000,0,'Transway1A',0,2000,0,'Transway1A',0,6000,0,'Transway1A',0,2000,0,'Transway1A',0,2000,0,'Transway1A',0,6000,0,'Transway1A',0,2000,0,'Transway1A',0,2000,0,'Transway1A',0,6000,0,'Transway1A',0,2000,0,'Transway1A',0,2000,0,'Transway1A',0,6000,0,'Transway1A',0,2000,0,'Transway1A',0,2000,0,'Transway1A',0,6000,0,'Transway1A',0,2000,0,'Transway1A',0,2000,0,'Transway1A',0,6000,0,'Transway1A',0,2000,0,'Transway1A',0,1500,0,'Transway1A',0,7000,0,'Transway1A',0,3000,0,'Transway1A',0,7000,0,'Transway1A',0,3000,0,'Transway1A',0,7000,0,'Transway1A',0,3000,0,'Transway1A',0,10000,0,'Transway1A',0
'1224',1601,62500,4,'',0,7700,4,'',0,3000,4,'',0,2000,4,'',0,6000,4,'',0,2000,4,'',0,2000,4,'',0,6000,4,'',0,2000,4,'',0,2000,4,'',0,6000,4,'',0,2000,4,'',0,2000,4,'',0,6000,4,'',0,2000,4,'',0,2000,4,'',0,6000,4,'',0,2000,4,'',0,2000,4,'',0,6000,4,'',0,2000,4,'',0,2000,4,'',0,6000,4,'',0,2000,4,'',0,2000,4,'',0,6000,4,'',0,2000,4,'',0,2000,4,'',0,6000,4,'',0,2000,4,'',0,2000,4,'',0,6000,4,'',0,2000,4,'',0,2000,4,'',0,6000,4,'',0,2000,4,'',0,1500,4,'',0,7000,4,'',0,3000,4,'',0,7000,4,'',0,3000,4,'',0,7000,4,'',0,3000,4,'',0,10000,4,'',0,10000,4,'',0
'1218',2602,72400,,'',0,9000,,'',0,9000,,'',0,5000,,'',0,9000,,'',0,9000,,'',0,9000,,'',0,9000,,'',0,9000,,'',0,5000,,'',0,9000,,'',0,9000,,'',0,9000,,'',0,9000,,'',0,9000,,'',0
'1220',2602,72200,,'',0,3000,,'',0,7000,,'',0,3000,,'',0,7000,,'',0,3000,,'',0,7000,,'',0,3000,,'',0,7000,,'',0,3000,,'',0,7000,,'',0,3000,,'',0,7000,,'',0,3000,,'',0,7000,,'',0,3000,,'',0,7000,,'',0,3000,,'',0,7000,,'',0,3000,,'',0,7000,,'',0,3000,,'',0,7000,,'',0,3000,,'',0
'1221',2602,72200,,'',0,3000,,'',0,7000,,'',0,3000,,'',0,7000,,'',0,3000,,'',0,7000,,'',0,3000,,'',0,7000,,'',0,3000,,'',0,7000,,'',0,3000,,'',0,7000,,'',0,3000,,'',0,7000,,'',0,3000,,'',0,7000,,'',0,3000,,'',0,7000,,'',0,3000,,'',0,7000,,'',0,3000,,'',0,7000,,'',0,3000,,'',0
'1222',2602,72200,,'',0,3000,,'',0,7000,,'',0,3000,,'',0,7000,,'',0,3000,,'',0,7000,,'',0,3000,,'',0,7000,,'',0,3000,,'',0,7000,,'',0,3000,,'',0,7000,,'',0,3000,,'',0,7000,,'',0,3000,,'',0,7000,,'',0,3000,,'',0,7000,,'',0,3000,,'',0,7000,,'',0,3000,,'',0,7000,,'',0,3000,,'',0
'1223',2602,72200,,'',0,3000,,'',0,7000,,'',0,3000,,'',0,7000,,'',0,3000,,'',0,7000,,'',0,3000,,'',0,7000,,'',0,3000,,'',0,7000,,'',0,3000,,'',0,7000,,'',0,3000,,'',0,7000,,'',0,3000,,'',0,7000,,'',0,3000,,'',0,7000,,'',0,3000,,'',0,7000,,'',0,3000,,'',0,7000,,'',0,3000,,'',0
'1224',2602,72200,,'',0,3000,,'',0,7000,,'',0,3000,,'',0,7000,,'',0,3000,,'',0,7000,,'',0,3000,,'',0,7000,,'',0,3000,,'',0,7000,,'',0,3000,,'',0,7000,,'',0,3000,,'',0,7000,,'',0,3000,,'',0,7000,,'',0,3000,,'',0,7000,,'',0,3000,,'',0,7000,,'',0,3000,,'',0,7000,,'',0,3000,,'',0
'1217',400100,93400,0,'518',0,7500,0,'518',0,3500,0,'518',0,7500,0,'518',0,3500,0,'518',0,7500,0,'518',0,7500,0,'518',0,3500,0,'518',0,7500,0,'518',0,3500,0,'518',0,7500,0,'518',0,3500,0,'518',0,7500,0,'518',0,7500,0,'518',0,3500,0,'518',0,7500,0,'518',0
'1218',400100,75900,0,'518',0,7500,0,'518',0,7500,0,'518',0,3500,0,'518',0,7500,0,'518',0,3500,0,'518',0,7500,0,'518',0,7500,0,'518',0,3500,0,'518',0,7500,0,'518',0,3500,0,'518',0,7500,0,'518',0,3500,0,'518',0,7500,0,'518',0,7500,0,'518',0,3500,0,'518',0,7500,0,'518',0,3500,0,'518',0,7500,0,'518',0,7500,0,'518',0
'1219',400100,93400,0,'518',0,7500,0,'518',0,3500,0,'518',0,7500,0,'518',0,3500,0,'518',0,7500,0,'518',0,7500,0,'518',0,3500,0,'518',0,7500,0,'518',0,3500,0,'518',0,7500,0,'518',0,3500,0,'518',0,7500,0,'518',0,7500,0,'518',0,3500,0,'518',0,7500,0,'518',0
'1220',400100,65900,0,'518',0,7500,0,'518',0,7500,0,'518',0,3500,0,'518',0,7500,0,'518',0,3500,0,'518',0,7500,0,'518',0,7500,0,'518',0,3500,0,'518',0,7500,0,'518',0,3500,0,'518',0,7500,0,'518',0,3500,0,'518',0,7500,0,'518',0,7500,0,'518',0,3500,0,'518',0,7500,0,'518',0,3500,0,'518',0,7500,0,'518',0,7500,0,'518',0,3500,0,'518',0,7500,0,'518',0,3500,0,'518',0,7500,0,'518',0,3500,0,'518',0,7500,0,'518',0,7500,0,'518',0
'1221',400100,65900,0,'518',0,7500,0,'518',0,7500,0,'518',0,3500,0,'518',0,7500,0,'518',0,3500,0,'518',0,7500,0,'518',0,7500,0,'518',0,3500,0,'518',0,7500,0,'518',0,3500,0,'518',0,7500,0,'518',0,3500,0,'518',0,7500,0,'518',0,7500,0,'518',0,3500,0,'518',0,7500,0,'518',0,3500,0,'518',0,7500,0,'518',0,7500,0,'518',0,3500,0,'518',0,7500,0,'518',0,3500,0,'518',0,7500,0,'518',0,3500,0,'518',0,7500,0,'518',0,7500,0,'518',0
'1222',400100,65900,0,'518',0,7500,0,'518',0,7500,0,'518',0,3500,0,'518',0,7500,0,'518',0,3500,0,'518',0,7500,0,'518',0,7500,0,'518',0,3500,0,'518',0,7500,0,'518',0,3500,0,'518',0,7500,0,'518',0,3500,0,'518',0,7500,0,'518',0,7500,0,'518',0,3500,0,'518',0,7500,0,'518',0,3500,0,'518',0,7500,0,'518',0,7500,0,'518',0,3500,0,'518',0,7500,0,'518',0,3500,0,'518',0,7500,0,'518',0,3500,0,'518',0,7500,0,'518',0,7500,0,'518',0
'1223',400100,65900,0,'518',0,7500,0,'518',0,7500,0,'518',0,3500,0,'518',0,7500,0,'518',0,3500,0,'518',0,7500,0,'518',0,7500,0,'518',0,3500,0,'518',0,7500,0,'518',0,3500,0,'518',0,7500,0,'518',0,3500,0,'518',0,7500,0,'518',0,7500,0,'518',0,3500,0,'518',0,7500,0,'518',0,3500,0,'518',0,7500,0,'518',0,7500,0,'518',0,3500,0,'518',0,7500,0,'518',0,3500,0,'518',0,7500,0,'518',0,3500,0,'518',0,7500,0,'518',0,7500,0,'518',0
'1224',400100,65900,0,'518',0,7500,0,'518',0,7500,0,'518',0,3500,0,'518',0,7500,0,'518',0,3500,0,'518',0,7500,0,'518',0,7500,0,'518',0,3500,0,'518',0,7500,0,'518',0,3500,0,'518',0,7500,0,'518',0,3500,0,'518',0,7500,0,'518',0,7500,0,'518',0,3500,0,'518',0,7500,0,'518',0,3500,0,'518',0,7500,0,'518',0,7500,0,'518',0,3500,0,'518',0,7500,0,'518',0,3500,0,'518',0,7500,0,'518',0,3500,0,'518',0,7500,0,'518',0,7500,0,'518',0
