70102,'1349',805,,25398,22,0,16,0,130,,25399,22,0,16,0,170,,25400,22,0,16,0,130,,25401,22,0,16,0,170,,25402,22,0,16,0,130,,25403,22,0,16,0,170,,25404,22,0,16,0,130,,25405,22,0,16,0
70102,'1350',720,,25406,22,0,16,0,85,,25407,22,0,16,0,45,,25408,22,0,16,0,85,,25409,22,0,16,0,85,,25410,22,0,16,0,85,,25411,22,0,16,0,130,,25412,22,0,16,0,170,,25413,22,0,16,0,45,,25414,22,0,16,0,85,,25415,22,0,16,0,85,,25416,22,0,16,0,85,,25417,22,0,16,0,45,,25418,22,0,16,0,85,,25419,22,0,16,0
70102,'1351',720,,25420,22,0,16,0,85,,25421,22,0,16,0,45,,25422,22,0,16,0,85,,25423,22,0,16,0,85,,25424,22,0,16,0,85,,25425,22,0,16,0,130,,25426,22,0,16,0,170,,25427,22,0,16,0,45,,25428,22,0,16,0,85,,25429,22,0,16,0,85,,25430,22,0,16,0,85,,25431,22,0,16,0,45,,25432,22,0,16,0,85,,25433,22,0,16,0
70102,'1352',720,,25434,22,0,16,0,85,,25435,22,0,16,0,45,,25436,22,0,16,0,85,,25437,22,0,16,0,85,,25438,22,0,16,0,85,,25439,22,0,16,0,130,,25440,22,0,16,0,170,,25441,22,0,16,0,45,,25442,22,0,16,0,85,,25443,22,0,16,0,85,,25444,22,0,16,0,85,,25445,22,0,16,0,45,,25446,22,0,16,0,85,,25447,22,0,16,0
70102,'1353',720,,25448,22,0,16,0,85,,25449,22,0,16,0,45,,25450,22,0,16,0,85,,25451,22,0,16,0,85,,25452,22,0,16,0,85,,25453,22,0,16,0,130,,25454,22,0,16,0,170,,25455,22,0,16,0,45,,25456,22,0,16,0,85,,25457,22,0,16,0,85,,25458,22,0,16,0,85,,25459,22,0,16,0,45,,25460,22,0,16,0,85,,25461,22,0,16,0
70102,'1354',720,,25462,22,0,16,0,85,,25463,22,0,16,0,45,,25464,22,0,16,0,85,,25465,22,0,16,0,85,,25466,22,0,16,0,85,,25467,22,0,16,0,130,,25468,22,0,16,0,170,,25469,22,0,16,0,45,,25470,22,0,16,0,85,,25471,22,0,16,0,85,,25472,22,0,16,0,85,,25473,22,0,16,0,45,,25474,22,0,16,0,85,,25475,22,0,16,0
721502,'1348',940,,28512,40,0,16,0,100,,28511,40,0,16,0,100,,28510,40,0,16,0,100,,28509,40,0,16,0,100,,28508,40,0,16,0,100,,28507,40,0,16,0,100,,28506,40,0,16,0,100,,28505,40,0,16,0,100,,28504,40,0,16,0,100,,28503,40,0,16,0,100,,28502,40,0,16,0
721502,'1349',740,,28513,40,0,16,0,100,,28514,40,0,16,0,100,,28515,40,0,16,0,100,,28516,40,0,16,0,100,,28517,40,0,16,0,100,,28518,40,0,16,0,100,,28519,40,0,16,0,70,,28520,40,0,16,0,30,,28521,40,0,16,0,70,,28522,40,0,16,0,30,,28523,40,0,16,0,70,,28524,40,0,16,0,30,,28525,40,0,16,0,70,,28526,40,0,16,0,30,,28527,40,0,16,0,70,,28528,40,0,16,0,30,,28529,40,0,16,0,70,,28530,40,0,16,0,30,,28531,40,0,16,0
721502,'1350',740,,28533,40,0,16,0,70,,28534,40,0,16,0,30,,28535,40,0,16,0,70,,28536,40,0,16,0,30,,28537,40,0,16,0,70,,28538,40,0,16,0,30,,28539,40,0,16,0,70,,28540,40,0,16,0,30,,28541,40,0,16,0,70,,28542,40,0,16,0,30,,28543,40,0,16,0,70,,28544,40,0,16,0,30,,28545,40,0,16,0,70,,28546,40,0,16,0,30,,28547,40,0,16,0,70,,28548,40,0,16,0,30,,28549,40,0,16,0,70,,28550,40,0,16,0,30,,28551,40,0,16,0,70,,28552,40,0,16,0,30,,28553,40,0,16,0,70,,28554,40,0,16,0,30,,28555,40,0,16,0,70,,28556,40,0,16,0,30,,28557,40,0,16,0,100,,28558,40,0,16,0,100,,28559,40,0,16,0,100,,28560,40,0,16,0
721502,'1351',740,,28562,40,0,16,0,70,,28563,40,0,16,0,30,,28564,40,0,16,0,70,,28565,40,0,16,0,30,,28566,40,0,16,0,70,,28567,40,0,16,0,30,,28568,40,0,16,0,70,,28569,40,0,16,0,30,,28570,40,0,16,0,70,,28571,40,0,16,0,30,,28572,40,0,16,0,70,,28573,40,0,16,0,30,,28574,40,0,16,0,70,,28575,40,0,16,0,30,,28576,40,0,16,0,70,,28577,40,0,16,0,30,,28578,40,0,16,0,70,,28579,40,0,16,0,30,,28580,40,0,16,0,70,,28581,40,0,16,0,30,,28582,40,0,16,0,70,,28583,40,0,16,0,30,,28584,40,0,16,0,70,,28585,40,0,16,0,30,,28586,40,0,16,0,100,,28587,40,0,16,0,100,,28588,40,0,16,0,100,,28589,40,0,16,0
721502,'1352',740,,28591,40,0,16,0,70,,28592,40,0,16,0,30,,28593,40,0,16,0,70,,28594,40,0,16,0,30,,28595,40,0,16,0,70,,28596,40,0,16,0,30,,28597,40,0,16,0,70,,28598,40,0,16,0,30,,28599,40,0,16,0,70,,28600,40,0,16,0,30,,28601,40,0,16,0,70,,28602,40,0,16,0,30,,28603,40,0,16,0,70,,28604,40,0,16,0,30,,28605,40,0,16,0,70,,28606,40,0,16,0,30,,28607,40,0,16,0,70,,28608,40,0,16,0,30,,28609,40,0,16,0,70,,28610,40,0,16,0,30,,28611,40,0,16,0,70,,28612,40,0,16,0,30,,28613,40,0,16,0,70,,28614,40,0,16,0,30,,28615,40,0,16,0,100,,28616,40,0,16,0,100,,28617,40,0,16,0,100,,28618,40,0,16,0
721502,'1353',740,,28620,40,0,16,0,70,,28621,40,0,16,0,30,,28622,40,0,16,0,70,,28623,40,0,16,0,30,,28624,40,0,16,0,70,,28625,40,0,16,0,30,,28626,40,0,16,0,70,,28627,40,0,16,0,30,,28628,40,0,16,0,70,,28629,40,0,16,0,30,,28630,40,0,16,0,70,,28631,40,0,16,0,30,,28632,40,0,16,0,70,,28633,40,0,16,0,30,,28634,40,0,16,0,70,,28635,40,0,16,0,30,,28636,40,0,16,0,70,,28637,40,0,16,0,30,,28638,40,0,16,0,70,,28639,40,0,16,0,30,,28640,40,0,16,0,70,,28641,40,0,16,0,30,,28642,40,0,16,0,70,,28643,40,0,16,0,30,,28644,40,0,16,0,100,,28645,40,0,16,0,100,,28646,40,0,16,0,100,,28647,40,0,16,0
721502,'1354',740,,28649,40,0,16,0,70,,28650,40,0,16,0,30,,28651,40,0,16,0,70,,28652,40,0,16,0,30,,28653,40,0,16,0,70,,28654,40,0,16,0,30,,28655,40,0,16,0,70,,28656,40,0,16,0,30,,28657,40,0,16,0,70,,28658,40,0,16,0,30,,28659,40,0,16,0,70,,28660,40,0,16,0,30,,28661,40,0,16,0,70,,28662,40,0,16,0,30,,28663,40,0,16,0,70,,28664,40,0,16,0,30,,28665,40,0,16,0,70,,28666,40,0,16,0,30,,28667,40,0,16,0,70,,28668,40,0,16,0,30,,28669,40,0,16,0,70,,28670,40,0,16,0,30,,28671,40,0,16,0,70,,28672,40,0,16,0,30,,28673,40,0,16,0,100,,28674,40,0,16,0,100,,28675,40,0,16,0,100,,28676,40,0,16,0
