2000,'1348',919,,24502,6,,,0
2000,'1349',619,,24518,6,,,0
2000,'1350',544,,24558,6,,,0
2000,'1351',544,,24606,6,,,0
2000,'1352',544,,24654,6,,,0
2000,'1353',544,,24702,6,,,0
2000,'1354',544,,24750,6,,,0
2001,'1348',1005,,24801,74,,,0,45,,24800,74,,,0,85,,24799,74,,,0,85,,24798,74,,,0,85,,24797,74,,,0,45,,24796,74,,,0,85,,24792,74,,,0,85,,24803,74,,,0,85,,24802,74,,,0,45,,24795,74,,,0,85,,24794,74,,,0,85,,24793,74,,,0,85,,24791,74,,,0,45,,24790,74,,,0,85,,24789,74,,,0
2001,'1349',705,,24821,74,,,0,45,,24822,74,,,0,85,,24823,74,,,0,85,,24824,74,,,0,38,,24804,74,,,0,70,,24805,74,,,0,30,,24806,74,,,0,70,,24807,74,,,0,80,,24808,74,,,0,30,,24809,74,,,0,70,,24810,74,,,0,30,,24811,74,,,0,80,,24812,74,,,0,30,,24813,74,,,0,70,,24814,74,,,0,30,,24815,74,,,0,80,,24816,74,,,0,30,,24817,74,,,0,70,,24818,74,,,0,30,,24819,74,,,0,80,,24820,74,,,0,77,,24825,74,,,0,85,,24826,74,,,0,45,,24827,74,,,0,85,,24828,74,,,0,85,,24829,74,,,0,85,,24830,74,,,0,45,,24831,74,,,0,85,,24832,74,,,0,85,,24833,74,,,0
2001,'1350',645,,24834,74,,,0,60,,24835,74,,,0,20,,24836,74,,,0,20,,24837,74,,,0,60,,24838,74,,,0,20,,24839,74,,,0,20,,24840,74,,,0,60,,24841,74,,,0,20,,24842,74,,,0,20,,24843,74,,,0,60,,24844,74,,,0,20,,24845,74,,,0,20,,24846,74,,,0,60,,24847,74,,,0,20,,24848,74,,,0,20,,24849,74,,,0,60,,24850,74,,,0,20,,24851,74,,,0,20,,24852,74,,,0,60,,24853,74,,,0,20,,24854,74,,,0,20,,24855,74,,,0,60,,24856,74,,,0,20,,24857,74,,,0,20,,24858,74,,,0,60,,24859,74,,,0,20,,24860,74,,,0,20,,24861,74,,,0,60,,24862,74,,,0,20,,24863,74,,,0,20,,24864,74,,,0,60,,24865,74,,,0,20,,24866,74,,,0,20,,24867,74,,,0,60,,24868,74,,,0,20,,24869,74,,,0,20,,24870,74,,,0,60,,24871,74,,,0,45,,24872,74,,,0,85,,24873,74,,,0,85,,24874,74,,,0,85,,24875,74,,,0,45,,24876,74,,,0,85,,24877,74,,,0,85,,24878,74,,,0,85,,24879,74,,,0,45,,24880,74,,,0
2001,'1351',645,,24881,74,,,0,60,,24882,74,,,0,20,,24883,74,,,0,20,,24884,74,,,0,60,,24885,74,,,0,20,,24886,74,,,0,20,,24887,74,,,0,60,,24888,74,,,0,20,,24889,74,,,0,20,,24890,74,,,0,60,,24891,74,,,0,20,,24892,74,,,0,20,,24893,74,,,0,60,,24894,74,,,0,20,,24895,74,,,0,20,,24896,74,,,0,60,,24897,74,,,0,20,,24898,74,,,0,20,,24899,74,,,0,60,,24900,74,,,0,20,,24901,74,,,0,20,,24902,74,,,0,60,,24903,74,,,0,20,,24904,74,,,0,20,,24905,74,,,0,60,,24906,74,,,0,20,,24907,74,,,0,20,,24908,74,,,0,60,,24909,74,,,0,20,,24910,74,,,0,20,,24911,74,,,0,60,,24912,74,,,0,20,,24913,74,,,0,20,,24914,74,,,0,60,,24915,74,,,0,20,,24916,74,,,0,20,,24917,74,,,0,60,,24918,74,,,0,45,,24919,74,,,0,85,,24920,74,,,0,85,,24921,74,,,0,85,,24922,74,,,0,45,,24923,74,,,0,85,,24924,74,,,0,85,,24925,74,,,0,85,,24926,74,,,0,45,,24927,74,,,0
2001,'1352',645,,24928,74,,,0,60,,24929,74,,,0,20,,24930,74,,,0,20,,24931,74,,,0,60,,24932,74,,,0,20,,24933,74,,,0,20,,24934,74,,,0,60,,24935,74,,,0,20,,24936,74,,,0,20,,24937,74,,,0,60,,24938,74,,,0,20,,24939,74,,,0,20,,24940,74,,,0,60,,24941,74,,,0,20,,24942,74,,,0,20,,24943,74,,,0,60,,24944,74,,,0,20,,24945,74,,,0,20,,24946,74,,,0,60,,24947,74,,,0,20,,24948,74,,,0,20,,24949,74,,,0,60,,24950,74,,,0,20,,24951,74,,,0,20,,24952,74,,,0,60,,24953,74,,,0,20,,24954,74,,,0,20,,24955,74,,,0,60,,24956,74,,,0,20,,24957,74,,,0,20,,24958,74,,,0,60,,24959,74,,,0,20,,24960,74,,,0,20,,24961,74,,,0,60,,24962,74,,,0,20,,24963,74,,,0,20,,24964,74,,,0,60,,24965,74,,,0,45,,24966,74,,,0,85,,24967,74,,,0,85,,24968,74,,,0,85,,24969,74,,,0,45,,24970,74,,,0,85,,24971,74,,,0,85,,24972,74,,,0,85,,24973,74,,,0,45,,24974,74,,,0
2001,'1353',645,,24975,74,,,0,60,,24976,74,,,0,20,,24977,74,,,0,20,,24978,74,,,0,60,,24979,74,,,0,20,,24980,74,,,0,20,,24981,74,,,0,60,,24982,74,,,0,20,,24983,74,,,0,20,,24984,74,,,0,60,,24985,74,,,0,20,,24986,74,,,0,20,,24987,74,,,0,60,,24988,74,,,0,20,,24989,74,,,0,20,,24990,74,,,0,60,,24991,74,,,0,20,,24992,74,,,0,20,,24993,74,,,0,60,,24994,74,,,0,20,,24995,74,,,0,20,,24996,74,,,0,60,,24997,74,,,0,20,,24998,74,,,0,20,,24999,74,,,0,60,,25000,74,,,0,20,,25001,74,,,0,20,,25002,74,,,0,60,,25003,74,,,0,20,,25004,74,,,0,20,,25005,74,,,0,60,,25006,74,,,0,20,,25007,74,,,0,20,,25008,74,,,0,60,,25009,74,,,0,20,,25010,74,,,0,20,,25011,74,,,0,60,,25012,74,,,0,45,,25013,74,,,0,85,,25014,74,,,0,85,,25015,74,,,0,85,,25016,74,,,0,45,,25017,74,,,0,85,,25018,74,,,0,85,,25019,74,,,0,85,,25020,74,,,0,45,,25021,74,,,0
2001,'1354',645,,25022,74,,,0,60,,25023,74,,,0,20,,25024,74,,,0,20,,25025,74,,,0,60,,25026,74,,,0,20,,25027,74,,,0,20,,25028,74,,,0,60,,25029,74,,,0,20,,25030,74,,,0,20,,25031,74,,,0,60,,25032,74,,,0,20,,25033,74,,,0,20,,25034,74,,,0,60,,25035,74,,,0,20,,25036,74,,,0,20,,25037,74,,,0,60,,25038,74,,,0,20,,25039,74,,,0,20,,25040,74,,,0,60,,25041,74,,,0,20,,25042,74,,,0,20,,25043,74,,,0,60,,25044,74,,,0,20,,25045,74,,,0,20,,25046,74,,,0,60,,25047,74,,,0,20,,25048,74,,,0,20,,25049,74,,,0,60,,25050,74,,,0,20,,25051,74,,,0,20,,25052,74,,,0,60,,25053,74,,,0,20,,25054,74,,,0,20,,25055,74,,,0,60,,25056,74,,,0,20,,25057,74,,,0,20,,25058,74,,,0,60,,25059,74,,,0,45,,25060,74,,,0,85,,25061,74,,,0,85,,25062,74,,,0,85,,25063,74,,,0,45,,25064,74,,,0,85,,25065,74,,,0,85,,25066,74,,,0,85,,25067,74,,,0,45,,25068,74,,,0
