721404,'1355',933,,35420,47,0,14,0,110,,35419,47,0,14,0,110,,35418,47,0,14,0,150,,35417,47,0,14,0,110,,35416,47,0,14,0,110,,35415,47,0,14,0,110,,35414,47,0,14,0,110,,35413,47,0,14,0
721404,'1356',832,,35421,47,0,14,0,110,,35422,47,0,14,0,110,,35423,47,0,14,0,150,,35424,47,0,14,0,110,,35425,47,0,14,0,113,,35426,47,0,14,0,85,,35427,47,0,14,0,45,,35428,47,0,14,0,85,,35429,47,0,14,0,85,,35430,47,0,14,0,85,,35431,47,0,14,0,45,,35432,47,0,14,0,85,,35433,47,0,14,0
721404,'1357',657,,35434,47,0,14,0,97,,35435,47,0,14,0,85,,35436,47,0,14,0,85,,35437,47,0,14,0,85,,35438,47,0,14,0,45,,35439,47,0,14,0,85,,35440,47,0,14,0,85,,35441,47,0,14,0,85,,35442,47,0,14,0,45,,35443,47,0,14,0,85,,35444,47,0,14,0,85,,35445,47,0,14,0,85,,35446,47,0,14,0,45,,35447,47,0,14,0,85,,35448,47,0,14,0,85,,35449,47,0,14,0,85,,35450,47,0,14,0,45,,35451,47,0,14,0,85,,35452,47,0,14,0,85,,35453,47,0,14,0
721404,'1358',657,,35454,47,0,14,0,97,,35455,47,0,14,0,85,,35456,47,0,14,0,85,,35457,47,0,14,0,85,,35458,47,0,14,0,45,,35459,47,0,14,0,85,,35460,47,0,14,0,85,,35461,47,0,14,0,85,,35462,47,0,14,0,45,,35463,47,0,14,0,85,,35464,47,0,14,0,85,,35465,47,0,14,0,85,,35466,47,0,14,0,45,,35467,47,0,14,0,85,,35468,47,0,14,0,85,,35469,47,0,14,0,85,,35470,47,0,14,0,45,,35471,47,0,14,0,85,,35472,47,0,14,0,85,,35473,47,0,14,0
721404,'1359',657,,35474,47,0,14,0,97,,35475,47,0,14,0,85,,35476,47,0,14,0,85,,35477,47,0,14,0,85,,35478,47,0,14,0,45,,35479,47,0,14,0,85,,35480,47,0,14,0,85,,35481,47,0,14,0,85,,35482,47,0,14,0,45,,35483,47,0,14,0,85,,35484,47,0,14,0,85,,35485,47,0,14,0,85,,35486,47,0,14,0,45,,35487,47,0,14,0,85,,35488,47,0,14,0,85,,35489,47,0,14,0,85,,35490,47,0,14,0,45,,35491,47,0,14,0,85,,35492,47,0,14,0,85,,35493,47,0,14,0
721404,'1360',657,,35494,47,0,14,0,97,,35495,47,0,14,0,85,,35496,47,0,14,0,85,,35497,47,0,14,0,85,,35498,47,0,14,0,45,,35499,47,0,14,0,85,,35500,47,0,14,0,85,,35501,47,0,14,0,85,,35502,47,0,14,0,45,,35503,47,0,14,0,85,,35504,47,0,14,0,85,,35505,47,0,14,0,85,,35506,47,0,14,0,45,,35507,47,0,14,0,85,,35508,47,0,14,0,85,,35509,47,0,14,0,85,,35510,47,0,14,0,45,,35511,47,0,14,0,85,,35512,47,0,14,0,85,,35513,47,0,14,0
721404,'1361',657,,35514,47,0,14,0,97,,35515,47,0,14,0,85,,35516,47,0,14,0,85,,35517,47,0,14,0,85,,35518,47,0,14,0,45,,35519,47,0,14,0,85,,35520,47,0,14,0,85,,35521,47,0,14,0,85,,35522,47,0,14,0,45,,35523,47,0,14,0,85,,35524,47,0,14,0,85,,35525,47,0,14,0,85,,35526,47,0,14,0,45,,35527,47,0,14,0,85,,35528,47,0,14,0,85,,35529,47,0,14,0,85,,35530,47,0,14,0,45,,35531,47,0,14,0,85,,35532,47,0,14,0,85,,35533,47,0,14,0
721502,'1355',906,,35714,12,0,16,0,100,,35713,12,0,16,0,100,,35712,12,0,16,0,100,,35711,12,0,16,0,100,,35710,12,0,16,0,100,,35709,12,0,16,0,100,,35708,12,0,16,0,100,,35707,12,0,16,0,100,,35706,12,0,16,0,100,,35705,12,0,16,0,100,,35704,12,0,16,0
721502,'1356',706,,35715,12,0,16,0,100,,35716,12,0,16,0,100,,35717,12,0,16,0,100,,35718,12,0,16,0,100,,35719,12,0,16,0,100,,35720,12,0,16,0,100,,35721,12,0,16,0,30,,35722,12,0,16,0,70,,35723,12,0,16,0,30,,35724,12,0,16,0,70,,35725,12,0,16,0,30,,35726,12,0,16,0,70,,35727,12,0,16,0,30,,35728,12,0,16,0,70,,35729,12,0,16,0,30,,35730,12,0,16,0,70,,35731,12,0,16,0,30,,35732,12,0,16,0,70,,35733,12,0,16,0
721502,'1357',706,,35735,12,0,16,0,30,,35736,12,0,16,0,70,,35737,12,0,16,0,30,,35738,12,0,16,0,70,,35739,12,0,16,0,30,,35740,12,0,16,0,70,,35741,12,0,16,0,30,,35742,12,0,16,0,70,,35743,12,0,16,0,30,,35744,12,0,16,0,70,,35745,12,0,16,0,30,,35746,12,0,16,0,70,,35747,12,0,16,0,30,,35748,12,0,16,0,70,,35749,12,0,16,0,30,,35750,12,0,16,0,70,,35751,12,0,16,0,30,,35752,12,0,16,0,70,,35753,12,0,16,0,30,,35754,12,0,16,0,70,,35755,12,0,16,0,30,,35756,12,0,16,0,70,,35757,12,0,16,0,30,,35758,12,0,16,0,70,,35759,12,0,16,0,100,,35760,12,0,16,0,100,,35761,12,0,16,0,100,,35762,12,0,16,0
721502,'1358',706,,35764,12,0,16,0,30,,35765,12,0,16,0,70,,35766,12,0,16,0,30,,35767,12,0,16,0,70,,35768,12,0,16,0,30,,35769,12,0,16,0,70,,35770,12,0,16,0,30,,35771,12,0,16,0,70,,35772,12,0,16,0,30,,35773,12,0,16,0,70,,35774,12,0,16,0,30,,35775,12,0,16,0,70,,35776,12,0,16,0,30,,35777,12,0,16,0,70,,35778,12,0,16,0,30,,35779,12,0,16,0,70,,35780,12,0,16,0,30,,35781,12,0,16,0,70,,35782,12,0,16,0,30,,35783,12,0,16,0,70,,35784,12,0,16,0,30,,35785,12,0,16,0,70,,35786,12,0,16,0,30,,35787,12,0,16,0,70,,35788,12,0,16,0,100,,35789,12,0,16,0,100,,35790,12,0,16,0,100,,35791,12,0,16,0
721502,'1359',706,,35793,12,0,16,0,30,,35794,12,0,16,0,70,,35795,12,0,16,0,30,,35796,12,0,16,0,70,,35797,12,0,16,0,30,,35798,12,0,16,0,70,,35799,12,0,16,0,30,,35800,12,0,16,0,70,,35801,12,0,16,0,30,,35802,12,0,16,0,70,,35803,12,0,16,0,30,,35804,12,0,16,0,70,,35805,12,0,16,0,30,,35806,12,0,16,0,70,,35807,12,0,16,0,30,,35808,12,0,16,0,70,,35809,12,0,16,0,30,,35810,12,0,16,0,70,,35811,12,0,16,0,30,,35812,12,0,16,0,70,,35813,12,0,16,0,30,,35814,12,0,16,0,70,,35815,12,0,16,0,30,,35816,12,0,16,0,70,,35817,12,0,16,0,100,,35818,12,0,16,0,100,,35819,12,0,16,0,100,,35820,12,0,16,0
721502,'1360',706,,35822,12,0,16,0,30,,35823,12,0,16,0,70,,35824,12,0,16,0,30,,35825,12,0,16,0,70,,35826,12,0,16,0,30,,35827,12,0,16,0,70,,35828,12,0,16,0,30,,35829,12,0,16,0,70,,35830,12,0,16,0,30,,35831,12,0,16,0,70,,35832,12,0,16,0,30,,35833,12,0,16,0,70,,35834,12,0,16,0,30,,35835,12,0,16,0,70,,35836,12,0,16,0,30,,35837,12,0,16,0,70,,35838,12,0,16,0,30,,35839,12,0,16,0,70,,35840,12,0,16,0,30,,35841,12,0,16,0,70,,35842,12,0,16,0,30,,35843,12,0,16,0,70,,35844,12,0,16,0,30,,35845,12,0,16,0,70,,35846,12,0,16,0,100,,35847,12,0,16,0,100,,35848,12,0,16,0,100,,35849,12,0,16,0
721502,'1361',706,,35851,12,0,16,0,30,,35852,12,0,16,0,70,,35853,12,0,16,0,30,,35854,12,0,16,0,70,,35855,12,0,16,0,30,,35856,12,0,16,0,70,,35857,12,0,16,0,30,,35858,12,0,16,0,70,,35859,12,0,16,0,30,,35860,12,0,16,0,70,,35861,12,0,16,0,30,,35862,12,0,16,0,70,,35863,12,0,16,0,30,,35864,12,0,16,0,70,,35865,12,0,16,0,30,,35866,12,0,16,0,70,,35867,12,0,16,0,30,,35868,12,0,16,0,70,,35869,12,0,16,0,30,,35870,12,0,16,0,70,,35871,12,0,16,0,30,,35872,12,0,16,0,70,,35873,12,0,16,0,30,,35874,12,0,16,0,70,,35875,12,0,16,0,100,,35876,12,0,16,0,100,,35877,12,0,16,0,100,,35878,12,0,16,0
