721303,'1348',839,,27587,4,0,15,0,80,,27586,4,0,15,0,40,,27585,4,0,15,0,80,,27584,4,0,15,0,80,,27583,4,0,15,0,40,,27582,4,0,15,0,80,,27581,4,0,15,0,80,,27580,4,0,15,0,40,,27579,4,0,15,0,80,,27578,4,0,15,0,80,,27577,4,0,15,0,40,,27576,4,0,15,0,80,,27575,4,0,15,0,80,,27574,4,0,15,0,40,,27573,4,0,15,0,80,,27572,4,0,15,0,80,,27589,4,0,15,0,40,,27588,4,0,15,0
721303,'1349',639,,27590,4,0,15,0,80,,27591,4,0,15,0,40,,27592,4,0,15,0,80,,27593,4,0,15,0,80,,27594,4,0,15,0,40,,27595,4,0,15,0,80,,27596,4,0,15,0,80,,27597,4,0,15,0,40,,27598,4,0,15,0,60,,27599,4,0,15,0,20,,27600,4,0,15,0,20,,27601,4,0,15,0,60,,27602,4,0,15,0,20,,27603,4,0,15,0,20,,27604,4,0,15,0,60,,27605,4,0,15,0,20,,27606,4,0,15,0,20,,27607,4,0,15,0,60,,27608,4,0,15,0,20,,27609,4,0,15,0,20,,27610,4,0,15,0,60,,27611,4,0,15,0,20,,27612,4,0,15,0,20,,27613,4,0,15,0,60,,27614,4,0,15,0,20,,27615,4,0,15,0,20,,27616,4,0,15,0,60,,27617,4,0,15,0,20,,27618,4,0,15,0,80,,27619,4,0,15,0,40,,27620,4,0,15,0,80,,27621,4,0,15,0,80,,27622,4,0,15,0,40,,27623,4,0,15,0,80,,27624,4,0,15,0,80,,27625,4,0,15,0
721303,'1350',614,,27626,4,0,15,0,45,,27627,4,0,15,0,60,,27628,4,0,15,0,25,,27629,4,0,15,0,60,,27630,4,0,15,0,25,,27631,4,0,15,0,20,,27632,4,0,15,0,65,,27633,4,0,15,0,20,,27634,4,0,15,0,25,,27635,4,0,15,0,60,,27636,4,0,15,0,25,,27637,4,0,15,0,60,,27638,4,0,15,0,25,,27639,4,0,15,0,20,,27640,4,0,15,0,65,,27641,4,0,15,0,20,,27642,4,0,15,0,25,,27643,4,0,15,0,60,,27644,4,0,15,0,25,,27645,4,0,15,0,60,,27646,4,0,15,0,25,,27647,4,0,15,0,20,,27648,4,0,15,0,65,,27649,4,0,15,0,20,,27650,4,0,15,0,25,,27651,4,0,15,0,60,,27652,4,0,15,0,25,,27653,4,0,15,0,60,,27654,4,0,15,0,25,,27655,4,0,15,0,20,,27656,4,0,15,0,65,,27657,4,0,15,0,20,,27658,4,0,15,0,69,,27659,4,0,15,0,36,,27660,4,0,15,0,80,,27661,4,0,15,0,40,,27666,4,0,15,0,80,,27665,4,0,15,0,80,,27664,4,0,15,0,40,,27663,4,0,15,0,80,,27662,4,0,15,0
721303,'1351',614,,27667,4,0,15,0,45,,27668,4,0,15,0,60,,27669,4,0,15,0,25,,27670,4,0,15,0,60,,27671,4,0,15,0,25,,27672,4,0,15,0,20,,27673,4,0,15,0,65,,27674,4,0,15,0,20,,27675,4,0,15,0,25,,27676,4,0,15,0,60,,27677,4,0,15,0,25,,27678,4,0,15,0,60,,27679,4,0,15,0,25,,27680,4,0,15,0,20,,27681,4,0,15,0,65,,27682,4,0,15,0,20,,27683,4,0,15,0,25,,27684,4,0,15,0,60,,27685,4,0,15,0,25,,27686,4,0,15,0,60,,27687,4,0,15,0,25,,27688,4,0,15,0,20,,27689,4,0,15,0,65,,27690,4,0,15,0,20,,27691,4,0,15,0,25,,27692,4,0,15,0,60,,27693,4,0,15,0,25,,27694,4,0,15,0,60,,27695,4,0,15,0,25,,27696,4,0,15,0,20,,27697,4,0,15,0,65,,27698,4,0,15,0,20,,27699,4,0,15,0,69,,27700,4,0,15,0,36,,27701,4,0,15,0,80,,27702,4,0,15,0,40,,27707,4,0,15,0,80,,27706,4,0,15,0,80,,27705,4,0,15,0,40,,27704,4,0,15,0,80,,27703,4,0,15,0
721303,'1352',614,,27708,4,0,15,0,45,,27709,4,0,15,0,60,,27710,4,0,15,0,25,,27711,4,0,15,0,60,,27712,4,0,15,0,25,,27713,4,0,15,0,20,,27714,4,0,15,0,65,,27715,4,0,15,0,20,,27716,4,0,15,0,25,,27717,4,0,15,0,60,,27718,4,0,15,0,25,,27719,4,0,15,0,60,,27720,4,0,15,0,25,,27721,4,0,15,0,20,,27722,4,0,15,0,65,,27723,4,0,15,0,20,,27724,4,0,15,0,25,,27725,4,0,15,0,60,,27726,4,0,15,0,25,,27727,4,0,15,0,60,,27728,4,0,15,0,25,,27729,4,0,15,0,20,,27730,4,0,15,0,65,,27731,4,0,15,0,20,,27732,4,0,15,0,25,,27733,4,0,15,0,60,,27734,4,0,15,0,25,,27735,4,0,15,0,60,,27736,4,0,15,0,25,,27737,4,0,15,0,20,,27738,4,0,15,0,65,,27739,4,0,15,0,20,,27740,4,0,15,0,69,,27741,4,0,15,0,36,,27742,4,0,15,0,80,,27743,4,0,15,0,40,,27748,4,0,15,0,80,,27747,4,0,15,0,80,,27746,4,0,15,0,40,,27745,4,0,15,0,80,,27744,4,0,15,0
721303,'1353',614,,27749,4,0,15,0,45,,27750,4,0,15,0,60,,27751,4,0,15,0,25,,27752,4,0,15,0,60,,27753,4,0,15,0,25,,27754,4,0,15,0,20,,27755,4,0,15,0,65,,27756,4,0,15,0,20,,27757,4,0,15,0,25,,27758,4,0,15,0,60,,27759,4,0,15,0,25,,27760,4,0,15,0,60,,27761,4,0,15,0,25,,27762,4,0,15,0,20,,27763,4,0,15,0,65,,27764,4,0,15,0,20,,27765,4,0,15,0,25,,27766,4,0,15,0,60,,27767,4,0,15,0,25,,27768,4,0,15,0,60,,27769,4,0,15,0,25,,27770,4,0,15,0,20,,27771,4,0,15,0,65,,27772,4,0,15,0,20,,27773,4,0,15,0,25,,27774,4,0,15,0,60,,27775,4,0,15,0,25,,27776,4,0,15,0,60,,27777,4,0,15,0,25,,27778,4,0,15,0,20,,27779,4,0,15,0,65,,27780,4,0,15,0,20,,27781,4,0,15,0,69,,27782,4,0,15,0,36,,27783,4,0,15,0,80,,27784,4,0,15,0,40,,27789,4,0,15,0,80,,27788,4,0,15,0,80,,27787,4,0,15,0,40,,27786,4,0,15,0,80,,27785,4,0,15,0
721303,'1354',614,,27790,4,0,15,0,45,,27791,4,0,15,0,60,,27792,4,0,15,0,25,,27793,4,0,15,0,60,,27794,4,0,15,0,25,,27795,4,0,15,0,20,,27796,4,0,15,0,65,,27797,4,0,15,0,20,,27798,4,0,15,0,25,,27799,4,0,15,0,60,,27800,4,0,15,0,25,,27801,4,0,15,0,60,,27802,4,0,15,0,25,,27803,4,0,15,0,20,,27804,4,0,15,0,65,,27805,4,0,15,0,20,,27806,4,0,15,0,25,,27807,4,0,15,0,60,,27808,4,0,15,0,25,,27809,4,0,15,0,60,,27810,4,0,15,0,25,,27811,4,0,15,0,20,,27812,4,0,15,0,65,,27813,4,0,15,0,20,,27814,4,0,15,0,25,,27815,4,0,15,0,60,,27816,4,0,15,0,25,,27817,4,0,15,0,60,,27818,4,0,15,0,25,,27819,4,0,15,0,20,,27820,4,0,15,0,65,,27821,4,0,15,0,20,,27822,4,0,15,0,69,,27823,4,0,15,0,36,,27824,4,0,15,0,80,,27825,4,0,15,0,40,,27830,4,0,15,0,80,,27829,4,0,15,0,80,,27828,4,0,15,0,40,,27827,4,0,15,0,80,,27826,4,0,15,0
721502,'1350',721,,28532,2,0,16,0
721502,'1351',721,,28561,2,0,16,0
721502,'1352',721,,28590,2,0,16,0
721502,'1353',721,,28619,2,0,16,0
721502,'1354',721,,28648,2,0,16,0
