1901,'1348',928,,24297,35,,,0,100,,24296,35,,,0,100,,24295,35,,,0,100,,24294,35,,,0,100,,24305,35,,,0,100,,24302,35,,,0,100,,24301,35,,,0,100,,24300,35,,,0,100,,24299,35,,,0,100,,24298,35,,,0,100,,24304,35,,,0,100,,24303,35,,,0
1901,'1349',828,,24306,35,,,0,100,,24307,35,,,0,100,,24308,35,,,0,30,,24309,35,,,0,70,,24310,35,,,0,30,,24311,35,,,0,70,,24312,35,,,0,30,,24313,35,,,0,70,,24314,35,,,0,30,,24315,35,,,0,70,,24316,35,,,0,30,,24317,35,,,0,70,,24318,35,,,0,30,,24319,35,,,0,70,,24320,35,,,0,30,,24321,35,,,0,70,,24322,35,,,0,30,,24323,35,,,0,70,,24324,35,,,0,30,,24325,35,,,0,70,,24326,35,,,0,30,,24327,35,,,0,70,,24328,35,,,0,100,,24329,35,,,0,100,,24330,35,,,0,100,,24331,35,,,0
1901,'1350',628,,24332,35,,,0,30,,24333,35,,,0,70,,24334,35,,,0,30,,24335,35,,,0,70,,24336,35,,,0,30,,24337,35,,,0,70,,24338,35,,,0,30,,24339,35,,,0,70,,24340,35,,,0,30,,24341,35,,,0,70,,24342,35,,,0,30,,24343,35,,,0,70,,24344,35,,,0,30,,24345,35,,,0,70,,24346,35,,,0,30,,24347,35,,,0,70,,24348,35,,,0,30,,24349,35,,,0,70,,24350,35,,,0,30,,24351,35,,,0,70,,24352,35,,,0,30,,24353,35,,,0,70,,24354,35,,,0,30,,24355,35,,,0,70,,24356,35,,,0,30,,24357,35,,,0,70,,24358,35,,,0,30,,24359,35,,,0,70,,24360,35,,,0,30,,24361,35,,,0,70,,24362,35,,,0,30,,24363,35,,,0,100,,24364,35,,,0,100,,24365,35,,,0
1901,'1351',628,,24366,35,,,0,30,,24367,35,,,0,70,,24368,35,,,0,30,,24369,35,,,0,70,,24370,35,,,0,30,,24371,35,,,0,70,,24372,35,,,0,30,,24373,35,,,0,70,,24374,35,,,0,30,,24375,35,,,0,70,,24376,35,,,0,30,,24377,35,,,0,70,,24378,35,,,0,30,,24379,35,,,0,70,,24380,35,,,0,30,,24381,35,,,0,70,,24382,35,,,0,30,,24383,35,,,0,70,,24384,35,,,0,30,,24385,35,,,0,70,,24386,35,,,0,30,,24387,35,,,0,70,,24388,35,,,0,30,,24389,35,,,0,70,,24390,35,,,0,30,,24391,35,,,0,70,,24392,35,,,0,30,,24393,35,,,0,70,,24394,35,,,0,30,,24395,35,,,0,70,,24396,35,,,0,30,,24397,35,,,0,100,,24398,35,,,0,100,,24399,35,,,0
1901,'1352',628,,24400,35,,,0,30,,24401,35,,,0,70,,24402,35,,,0,30,,24403,35,,,0,70,,24404,35,,,0,30,,24405,35,,,0,70,,24406,35,,,0,30,,24407,35,,,0,70,,24408,35,,,0,30,,24409,35,,,0,70,,24410,35,,,0,30,,24411,35,,,0,70,,24412,35,,,0,30,,24413,35,,,0,70,,24414,35,,,0,30,,24415,35,,,0,70,,24416,35,,,0,30,,24417,35,,,0,70,,24418,35,,,0,30,,24419,35,,,0,70,,24420,35,,,0,30,,24421,35,,,0,70,,24422,35,,,0,30,,24423,35,,,0,70,,24424,35,,,0,30,,24425,35,,,0,70,,24426,35,,,0,30,,24427,35,,,0,70,,24428,35,,,0,30,,24429,35,,,0,70,,24430,35,,,0,30,,24431,35,,,0,100,,24432,35,,,0,100,,24433,35,,,0
1901,'1353',628,,24434,35,,,0,30,,24435,35,,,0,70,,24436,35,,,0,30,,24437,35,,,0,70,,24438,35,,,0,30,,24439,35,,,0,70,,24440,35,,,0,30,,24441,35,,,0,70,,24442,35,,,0,30,,24443,35,,,0,70,,24444,35,,,0,30,,24445,35,,,0,70,,24446,35,,,0,30,,24447,35,,,0,70,,24448,35,,,0,30,,24449,35,,,0,70,,24450,35,,,0,30,,24451,35,,,0,70,,24452,35,,,0,30,,24453,35,,,0,70,,24454,35,,,0,30,,24455,35,,,0,70,,24456,35,,,0,30,,24457,35,,,0,70,,24458,35,,,0,30,,24459,35,,,0,70,,24460,35,,,0,30,,24461,35,,,0,70,,24462,35,,,0,30,,24463,35,,,0,70,,24464,35,,,0,30,,24465,35,,,0,100,,24466,35,,,0,100,,24467,35,,,0
1901,'1354',628,,24468,35,,,0,30,,24469,35,,,0,70,,24470,35,,,0,30,,24471,35,,,0,70,,24472,35,,,0,30,,24473,35,,,0,70,,24474,35,,,0,30,,24475,35,,,0,70,,24476,35,,,0,30,,24477,35,,,0,70,,24478,35,,,0,30,,24479,35,,,0,70,,24480,35,,,0,30,,24481,35,,,0,70,,24482,35,,,0,30,,24483,35,,,0,70,,24484,35,,,0,30,,24485,35,,,0,70,,24486,35,,,0,30,,24487,35,,,0,70,,24488,35,,,0,30,,24489,35,,,0,70,,24490,35,,,0,30,,24491,35,,,0,70,,24492,35,,,0,30,,24493,35,,,0,70,,24494,35,,,0,30,,24495,35,,,0,70,,24496,35,,,0,30,,24497,35,,,0,70,,24498,35,,,0,30,,24499,35,,,0,100,,24500,35,,,0,100,,24501,35,,,0
721404,'1348',908,,28217,10,0,14,0,110,,28216,10,0,14,0,110,,28215,10,0,14,0,110,,28218,10,0,14,0,110,,28214,10,0,14,0,110,,28213,10,0,14,0,150,,28212,10,0,14,0,110,,28211,10,0,14,0
721404,'1349',808,,28219,10,0,14,0,110,,28220,10,0,14,0,110,,28221,10,0,14,0,110,,28222,10,0,14,0,110,,28223,10,0,14,0,107,,28224,10,0,14,0,85,,28225,10,0,14,0,85,,28226,10,0,14,0,85,,28227,10,0,14,0,45,,28228,10,0,14,0,85,,28229,10,0,14,0,85,,28230,10,0,14,0,85,,28231,10,0,14,0
721404,'1350',629,,28232,10,0,14,0,95,,28233,10,0,14,0,85,,28234,10,0,14,0,45,,28235,10,0,14,0,85,,28236,10,0,14,0,85,,28237,10,0,14,0,85,,28238,10,0,14,0,45,,28239,10,0,14,0,85,,28240,10,0,14,0,85,,28241,10,0,14,0,85,,28242,10,0,14,0,45,,28243,10,0,14,0,85,,28244,10,0,14,0,85,,28245,10,0,14,0,85,,28246,10,0,14,0,45,,28247,10,0,14,0,85,,28248,10,0,14,0,85,,28249,10,0,14,0,85,,28250,10,0,14,0,45,,28251,10,0,14,0
721404,'1351',629,,28252,10,0,14,0,95,,28253,10,0,14,0,85,,28254,10,0,14,0,45,,28255,10,0,14,0,85,,28256,10,0,14,0,85,,28257,10,0,14,0,85,,28258,10,0,14,0,45,,28259,10,0,14,0,85,,28260,10,0,14,0,85,,28261,10,0,14,0,85,,28262,10,0,14,0,45,,28263,10,0,14,0,85,,28264,10,0,14,0,85,,28265,10,0,14,0,85,,28266,10,0,14,0,45,,28267,10,0,14,0,85,,28268,10,0,14,0,85,,28269,10,0,14,0,85,,28270,10,0,14,0,45,,28271,10,0,14,0
721404,'1352',629,,28272,10,0,14,0,95,,28273,10,0,14,0,85,,28274,10,0,14,0,45,,28275,10,0,14,0,85,,28276,10,0,14,0,85,,28277,10,0,14,0,85,,28278,10,0,14,0,45,,28279,10,0,14,0,85,,28280,10,0,14,0,85,,28281,10,0,14,0,85,,28282,10,0,14,0,45,,28283,10,0,14,0,85,,28284,10,0,14,0,85,,28285,10,0,14,0,85,,28286,10,0,14,0,45,,28287,10,0,14,0,85,,28288,10,0,14,0,85,,28289,10,0,14,0,85,,28290,10,0,14,0,45,,28291,10,0,14,0
721404,'1353',629,,28292,10,0,14,0,95,,28293,10,0,14,0,85,,28294,10,0,14,0,45,,28295,10,0,14,0,85,,28296,10,0,14,0,85,,28297,10,0,14,0,85,,28298,10,0,14,0,45,,28299,10,0,14,0,85,,28300,10,0,14,0,85,,28301,10,0,14,0,85,,28302,10,0,14,0,45,,28303,10,0,14,0,85,,28304,10,0,14,0,85,,28305,10,0,14,0,85,,28306,10,0,14,0,45,,28307,10,0,14,0,85,,28308,10,0,14,0,85,,28309,10,0,14,0,85,,28310,10,0,14,0,45,,28311,10,0,14,0
721404,'1354',629,,28312,10,0,14,0,95,,28313,10,0,14,0,85,,28314,10,0,14,0,45,,28315,10,0,14,0,85,,28316,10,0,14,0,85,,28317,10,0,14,0,85,,28318,10,0,14,0,45,,28319,10,0,14,0,85,,28320,10,0,14,0,85,,28321,10,0,14,0,85,,28322,10,0,14,0,45,,28323,10,0,14,0,85,,28324,10,0,14,0,85,,28325,10,0,14,0,85,,28326,10,0,14,0,45,,28327,10,0,14,0,85,,28328,10,0,14,0,85,,28329,10,0,14,0,85,,28330,10,0,14,0,45,,28331,10,0,14,0
