'1286',463601,85300,0,'605',0,48000,0,'605',0,17000,0,'605',0,24500,0,'605',0
'1287',463601,72300,0,'605',0,63000,0,'605',0,17000,0,'605',0,30000,0,'605',0
'1288',463601,62300,0,'605',0,73000,0,'605',0,47000,0,'605',0,13000,0,'605',0
'1289',463601,62300,0,'605',0,73000,0,'605',0,47000,0,'605',0,13000,0,'605',0
'1290',463601,62300,0,'605',0,73000,0,'605',0,47000,0,'605',0,13000,0,'605',0
'1291',463601,62300,0,'605',0,73000,0,'605',0,47000,0,'605',0,13000,0,'605',0
'1292',463601,62300,0,'605',0,73000,0,'605',0,47000,0,'605',0,13000,0,'605',0
'1293',463601,85300,0,'605',0,48000,0,'605',0,17000,0,'605',0,24500,0,'605',0
'1294',463601,92300,0,'605',0,30000,0,'605',0,30000,0,'605',0
'1295',463601,85300,0,'605',0,48000,0,'605',0,17000,0,'605',0,24500,0,'605',0
