721303,'1348',838,,27587,3,0,15,0,80,,27586,3,0,15,0,40,,27585,3,0,15,0,80,,27584,3,0,15,0,80,,27583,3,0,15,0,40,,27582,3,0,15,0,80,,27581,3,0,15,0,80,,27580,3,0,15,0,40,,27579,3,0,15,0,80,,27578,3,0,15,0,80,,27577,3,0,15,0,40,,27576,3,0,15,0,80,,27575,3,0,15,0,80,,27574,3,0,15,0,40,,27573,3,0,15,0,80,,27572,3,0,15,0,80,,27589,3,0,15,0,40,,27588,3,0,15,0
721303,'1349',638,,27590,3,0,15,0,80,,27591,3,0,15,0,40,,27592,3,0,15,0,80,,27593,3,0,15,0,80,,27594,3,0,15,0,40,,27595,3,0,15,0,80,,27596,3,0,15,0,80,,27597,3,0,15,0,40,,27598,3,0,15,0,60,,27599,3,0,15,0,20,,27600,3,0,15,0,20,,27601,3,0,15,0,60,,27602,3,0,15,0,20,,27603,3,0,15,0,20,,27604,3,0,15,0,60,,27605,3,0,15,0,20,,27606,3,0,15,0,20,,27607,3,0,15,0,60,,27608,3,0,15,0,20,,27609,3,0,15,0,20,,27610,3,0,15,0,60,,27611,3,0,15,0,20,,27612,3,0,15,0,20,,27613,3,0,15,0,60,,27614,3,0,15,0,20,,27615,3,0,15,0,20,,27616,3,0,15,0,60,,27617,3,0,15,0,20,,27618,3,0,15,0,80,,27619,3,0,15,0,40,,27620,3,0,15,0,80,,27621,3,0,15,0,80,,27622,3,0,15,0,40,,27623,3,0,15,0,80,,27624,3,0,15,0,80,,27625,3,0,15,0
721303,'1350',613,,27626,3,0,15,0,45,,27627,3,0,15,0,60,,27628,3,0,15,0,25,,27629,3,0,15,0,60,,27630,3,0,15,0,25,,27631,3,0,15,0,20,,27632,3,0,15,0,65,,27633,3,0,15,0,20,,27634,3,0,15,0,25,,27635,3,0,15,0,60,,27636,3,0,15,0,25,,27637,3,0,15,0,60,,27638,3,0,15,0,25,,27639,3,0,15,0,20,,27640,3,0,15,0,65,,27641,3,0,15,0,20,,27642,3,0,15,0,25,,27643,3,0,15,0,60,,27644,3,0,15,0,25,,27645,3,0,15,0,60,,27646,3,0,15,0,25,,27647,3,0,15,0,20,,27648,3,0,15,0,65,,27649,3,0,15,0,20,,27650,3,0,15,0,25,,27651,3,0,15,0,60,,27652,3,0,15,0,25,,27653,3,0,15,0,60,,27654,3,0,15,0,25,,27655,3,0,15,0,20,,27656,3,0,15,0,65,,27657,3,0,15,0,20,,27658,3,0,15,0,70,,27659,3,0,15,0,35,,27660,3,0,15,0,80,,27661,3,0,15,0,40,,27666,3,0,15,0,80,,27665,3,0,15,0,80,,27664,3,0,15,0,40,,27663,3,0,15,0,80,,27662,3,0,15,0
721303,'1351',613,,27667,3,0,15,0,45,,27668,3,0,15,0,60,,27669,3,0,15,0,25,,27670,3,0,15,0,60,,27671,3,0,15,0,25,,27672,3,0,15,0,20,,27673,3,0,15,0,65,,27674,3,0,15,0,20,,27675,3,0,15,0,25,,27676,3,0,15,0,60,,27677,3,0,15,0,25,,27678,3,0,15,0,60,,27679,3,0,15,0,25,,27680,3,0,15,0,20,,27681,3,0,15,0,65,,27682,3,0,15,0,20,,27683,3,0,15,0,25,,27684,3,0,15,0,60,,27685,3,0,15,0,25,,27686,3,0,15,0,60,,27687,3,0,15,0,25,,27688,3,0,15,0,20,,27689,3,0,15,0,65,,27690,3,0,15,0,20,,27691,3,0,15,0,25,,27692,3,0,15,0,60,,27693,3,0,15,0,25,,27694,3,0,15,0,60,,27695,3,0,15,0,25,,27696,3,0,15,0,20,,27697,3,0,15,0,65,,27698,3,0,15,0,20,,27699,3,0,15,0,70,,27700,3,0,15,0,35,,27701,3,0,15,0,80,,27702,3,0,15,0,40,,27707,3,0,15,0,80,,27706,3,0,15,0,80,,27705,3,0,15,0,40,,27704,3,0,15,0,80,,27703,3,0,15,0
721303,'1352',613,,27708,3,0,15,0,45,,27709,3,0,15,0,60,,27710,3,0,15,0,25,,27711,3,0,15,0,60,,27712,3,0,15,0,25,,27713,3,0,15,0,20,,27714,3,0,15,0,65,,27715,3,0,15,0,20,,27716,3,0,15,0,25,,27717,3,0,15,0,60,,27718,3,0,15,0,25,,27719,3,0,15,0,60,,27720,3,0,15,0,25,,27721,3,0,15,0,20,,27722,3,0,15,0,65,,27723,3,0,15,0,20,,27724,3,0,15,0,25,,27725,3,0,15,0,60,,27726,3,0,15,0,25,,27727,3,0,15,0,60,,27728,3,0,15,0,25,,27729,3,0,15,0,20,,27730,3,0,15,0,65,,27731,3,0,15,0,20,,27732,3,0,15,0,25,,27733,3,0,15,0,60,,27734,3,0,15,0,25,,27735,3,0,15,0,60,,27736,3,0,15,0,25,,27737,3,0,15,0,20,,27738,3,0,15,0,65,,27739,3,0,15,0,20,,27740,3,0,15,0,70,,27741,3,0,15,0,35,,27742,3,0,15,0,80,,27743,3,0,15,0,40,,27748,3,0,15,0,80,,27747,3,0,15,0,80,,27746,3,0,15,0,40,,27745,3,0,15,0,80,,27744,3,0,15,0
721303,'1353',613,,27749,3,0,15,0,45,,27750,3,0,15,0,60,,27751,3,0,15,0,25,,27752,3,0,15,0,60,,27753,3,0,15,0,25,,27754,3,0,15,0,20,,27755,3,0,15,0,65,,27756,3,0,15,0,20,,27757,3,0,15,0,25,,27758,3,0,15,0,60,,27759,3,0,15,0,25,,27760,3,0,15,0,60,,27761,3,0,15,0,25,,27762,3,0,15,0,20,,27763,3,0,15,0,65,,27764,3,0,15,0,20,,27765,3,0,15,0,25,,27766,3,0,15,0,60,,27767,3,0,15,0,25,,27768,3,0,15,0,60,,27769,3,0,15,0,25,,27770,3,0,15,0,20,,27771,3,0,15,0,65,,27772,3,0,15,0,20,,27773,3,0,15,0,25,,27774,3,0,15,0,60,,27775,3,0,15,0,25,,27776,3,0,15,0,60,,27777,3,0,15,0,25,,27778,3,0,15,0,20,,27779,3,0,15,0,65,,27780,3,0,15,0,20,,27781,3,0,15,0,70,,27782,3,0,15,0,35,,27783,3,0,15,0,80,,27784,3,0,15,0,40,,27789,3,0,15,0,80,,27788,3,0,15,0,80,,27787,3,0,15,0,40,,27786,3,0,15,0,80,,27785,3,0,15,0
721303,'1354',613,,27790,3,0,15,0,45,,27791,3,0,15,0,60,,27792,3,0,15,0,25,,27793,3,0,15,0,60,,27794,3,0,15,0,25,,27795,3,0,15,0,20,,27796,3,0,15,0,65,,27797,3,0,15,0,20,,27798,3,0,15,0,25,,27799,3,0,15,0,60,,27800,3,0,15,0,25,,27801,3,0,15,0,60,,27802,3,0,15,0,25,,27803,3,0,15,0,20,,27804,3,0,15,0,65,,27805,3,0,15,0,20,,27806,3,0,15,0,25,,27807,3,0,15,0,60,,27808,3,0,15,0,25,,27809,3,0,15,0,60,,27810,3,0,15,0,25,,27811,3,0,15,0,20,,27812,3,0,15,0,65,,27813,3,0,15,0,20,,27814,3,0,15,0,25,,27815,3,0,15,0,60,,27816,3,0,15,0,25,,27817,3,0,15,0,60,,27818,3,0,15,0,25,,27819,3,0,15,0,20,,27820,3,0,15,0,65,,27821,3,0,15,0,20,,27822,3,0,15,0,70,,27823,3,0,15,0,35,,27824,3,0,15,0,80,,27825,3,0,15,0,40,,27830,3,0,15,0,80,,27829,3,0,15,0,80,,27828,3,0,15,0,40,,27827,3,0,15,0,80,,27826,3,0,15,0
721502,'1350',721,,28532,1,0,16,0
721502,'1351',721,,28561,1,0,16,0
721502,'1352',721,,28590,1,0,16,0
721502,'1353',721,,28619,1,0,16,0
721502,'1354',721,,28648,1,0,16,0
