2801,'1356',824,,32397,16,,,0,110,,32398,16,,,0,110,,32399,16,,,0,110,,32400,16,,,0,150,,32401,16,,,0,110,,32402,16,,,0,110,,32403,16,,,0,110,,32404,16,,,0,110,,32405,16,,,0,110,,32406,16,,,0
2801,'1357',649,,32407,16,,,0,75,,32408,16,,,0,35,,32409,16,,,0,75,,32410,16,,,0,75,,32411,16,,,0,35,,32412,16,,,0,75,,32413,16,,,0,35,,32414,16,,,0,75,,32415,16,,,0,75,,32416,16,,,0,35,,32417,16,,,0,75,,32418,16,,,0,35,,32419,16,,,0,75,,32420,16,,,0,35,,32421,16,,,0,75,,32422,16,,,0,75,,32423,16,,,0,35,,32424,16,,,0,75,,32425,16,,,0,35,,32426,16,,,0,75,,32427,16,,,0,75,,32428,16,,,0,35,,32429,16,,,0
2801,'1358',649,,32430,16,,,0,75,,32431,16,,,0,35,,32432,16,,,0,75,,32433,16,,,0,75,,32434,16,,,0,35,,32435,16,,,0,75,,32436,16,,,0,35,,32437,16,,,0,75,,32438,16,,,0,75,,32439,16,,,0,35,,32440,16,,,0,75,,32441,16,,,0,35,,32442,16,,,0,75,,32443,16,,,0,35,,32444,16,,,0,75,,32445,16,,,0,75,,32446,16,,,0,35,,32447,16,,,0,75,,32448,16,,,0,35,,32449,16,,,0,75,,32450,16,,,0,75,,32451,16,,,0,35,,32452,16,,,0
2801,'1359',649,,32453,16,,,0,75,,32454,16,,,0,35,,32455,16,,,0,75,,32456,16,,,0,75,,32457,16,,,0,35,,32458,16,,,0,75,,32459,16,,,0,35,,32460,16,,,0,75,,32461,16,,,0,75,,32462,16,,,0,35,,32463,16,,,0,75,,32464,16,,,0,35,,32465,16,,,0,75,,32466,16,,,0,35,,32467,16,,,0,75,,32468,16,,,0,75,,32469,16,,,0,35,,32470,16,,,0,75,,32471,16,,,0,35,,32472,16,,,0,75,,32473,16,,,0,75,,32474,16,,,0,35,,32475,16,,,0
2801,'1360',649,,32476,16,,,0,75,,32477,16,,,0,35,,32478,16,,,0,75,,32479,16,,,0,75,,32480,16,,,0,35,,32481,16,,,0,75,,32482,16,,,0,35,,32483,16,,,0,75,,32484,16,,,0,75,,32485,16,,,0,35,,32486,16,,,0,75,,32487,16,,,0,35,,32488,16,,,0,75,,32489,16,,,0,35,,32490,16,,,0,75,,32491,16,,,0,75,,32492,16,,,0,35,,32493,16,,,0,75,,32494,16,,,0,35,,32495,16,,,0,75,,32496,16,,,0,75,,32497,16,,,0,35,,32498,16,,,0
2801,'1361',649,,32499,16,,,0,75,,32500,16,,,0,35,,32501,16,,,0,75,,32502,16,,,0,75,,32503,16,,,0,35,,32504,16,,,0,75,,32505,16,,,0,35,,32506,16,,,0,75,,32507,16,,,0,75,,32508,16,,,0,35,,32509,16,,,0,75,,32510,16,,,0,35,,32511,16,,,0,75,,32512,16,,,0,35,,32513,16,,,0,75,,32514,16,,,0,75,,32515,16,,,0,35,,32516,16,,,0,75,,32517,16,,,0,35,,32518,16,,,0,75,,32519,16,,,0,75,,32520,16,,,0,35,,32521,16,,,0
722501,'1357',554,,35879,42,0,17,0,160,,35880,42,0,17,0,100,,35881,42,0,17,0,100,,35882,42,0,17,0,100,,35883,42,0,17,0,100,,35884,42,0,17,0,100,,35885,42,0,17,0,100,,35886,42,0,17,0,100,,35887,42,0,17,0,100,,35888,42,0,17,0,100,,35889,42,0,17,0,100,,35890,42,0,17,0,100,,35891,42,0,17,0,100,,35892,42,0,17,0,100,,35893,42,0,17,0,100,,35894,42,0,17,0,100,,35895,42,0,17,0,100,,35896,42,0,17,0
722501,'1358',554,,35897,42,0,17,0,160,,35898,42,0,17,0,100,,35899,42,0,17,0,100,,35900,42,0,17,0,100,,35901,42,0,17,0,100,,35902,42,0,17,0,100,,35903,42,0,17,0,100,,35904,42,0,17,0,100,,35905,42,0,17,0,100,,35906,42,0,17,0,100,,35907,42,0,17,0,100,,35908,42,0,17,0,100,,35909,42,0,17,0,100,,35910,42,0,17,0,100,,35911,42,0,17,0,100,,35912,42,0,17,0,100,,35913,42,0,17,0,100,,35914,42,0,17,0
722501,'1359',554,,35915,42,0,17,0,160,,35916,42,0,17,0,100,,35917,42,0,17,0,100,,35918,42,0,17,0,100,,35919,42,0,17,0,100,,35920,42,0,17,0,100,,35921,42,0,17,0,100,,35922,42,0,17,0,100,,35923,42,0,17,0,100,,35924,42,0,17,0,100,,35925,42,0,17,0,100,,35926,42,0,17,0,100,,35927,42,0,17,0,100,,35928,42,0,17,0,100,,35929,42,0,17,0,100,,35930,42,0,17,0,100,,35931,42,0,17,0,100,,35932,42,0,17,0
722501,'1360',554,,35933,42,0,17,0,160,,35934,42,0,17,0,100,,35935,42,0,17,0,100,,35936,42,0,17,0,100,,35937,42,0,17,0,100,,35938,42,0,17,0,100,,35939,42,0,17,0,100,,35940,42,0,17,0,100,,35941,42,0,17,0,100,,35942,42,0,17,0,100,,35943,42,0,17,0,100,,35944,42,0,17,0,100,,35945,42,0,17,0,100,,35946,42,0,17,0,100,,35947,42,0,17,0,100,,35948,42,0,17,0,100,,35949,42,0,17,0,100,,35950,42,0,17,0
722501,'1361',554,,35951,42,0,17,0,160,,35952,42,0,17,0,100,,35953,42,0,17,0,100,,35954,42,0,17,0,100,,35955,42,0,17,0,100,,35956,42,0,17,0,100,,35957,42,0,17,0,100,,35958,42,0,17,0,100,,35959,42,0,17,0,100,,35960,42,0,17,0,100,,35961,42,0,17,0,100,,35962,42,0,17,0,100,,35963,42,0,17,0,100,,35964,42,0,17,0,100,,35965,42,0,17,0,100,,35966,42,0,17,0,100,,35967,42,0,17,0,100,,35968,42,0,17,0
