722501,'1350',541,,28677,34,0,17,0,160,,28678,34,0,17,0,100,,28679,34,0,17,0,100,,28680,34,0,17,0,100,,28681,34,0,17,0,100,,28682,34,0,17,0,100,,28683,34,0,17,0,100,,28684,34,0,17,0,100,,28685,34,0,17,0,100,,28686,34,0,17,0,100,,28687,34,0,17,0,100,,28688,34,0,17,0,100,,28689,34,0,17,0,100,,28690,34,0,17,0,100,,28691,34,0,17,0,100,,28692,34,0,17,0,100,,28693,34,0,17,0,100,,28694,34,0,17,0
722501,'1351',541,,28695,34,0,17,0,160,,28696,34,0,17,0,100,,28697,34,0,17,0,100,,28698,34,0,17,0,100,,28699,34,0,17,0,100,,28700,34,0,17,0,100,,28701,34,0,17,0,100,,28702,34,0,17,0,100,,28703,34,0,17,0,100,,28704,34,0,17,0,100,,28705,34,0,17,0,100,,28706,34,0,17,0,100,,28707,34,0,17,0,100,,28708,34,0,17,0,100,,28709,34,0,17,0,100,,28710,34,0,17,0,100,,28711,34,0,17,0,100,,28712,34,0,17,0
722501,'1352',541,,28713,34,0,17,0,160,,28714,34,0,17,0,100,,28715,34,0,17,0,100,,28716,34,0,17,0,100,,28717,34,0,17,0,100,,28718,34,0,17,0,100,,28719,34,0,17,0,100,,28720,34,0,17,0,100,,28721,34,0,17,0,100,,28722,34,0,17,0,100,,28723,34,0,17,0,100,,28724,34,0,17,0,100,,28725,34,0,17,0,100,,28726,34,0,17,0,100,,28727,34,0,17,0,100,,28728,34,0,17,0,100,,28729,34,0,17,0,100,,28730,34,0,17,0
722501,'1353',541,,28731,34,0,17,0,160,,28732,34,0,17,0,100,,28733,34,0,17,0,100,,28734,34,0,17,0,100,,28735,34,0,17,0,100,,28736,34,0,17,0,100,,28737,34,0,17,0,100,,28738,34,0,17,0,100,,28739,34,0,17,0,100,,28740,34,0,17,0,100,,28741,34,0,17,0,100,,28742,34,0,17,0,100,,28743,34,0,17,0,100,,28744,34,0,17,0,100,,28745,34,0,17,0,100,,28746,34,0,17,0,100,,28747,34,0,17,0,100,,28748,34,0,17,0
722501,'1354',541,,28749,34,0,17,0,160,,28750,34,0,17,0,100,,28751,34,0,17,0,100,,28752,34,0,17,0,100,,28753,34,0,17,0,100,,28754,34,0,17,0,100,,28755,34,0,17,0,100,,28756,34,0,17,0,100,,28757,34,0,17,0,100,,28758,34,0,17,0,100,,28759,34,0,17,0,100,,28760,34,0,17,0,100,,28761,34,0,17,0,100,,28762,34,0,17,0,100,,28763,34,0,17,0,100,,28764,34,0,17,0,100,,28765,34,0,17,0,100,,28766,34,0,17,0
722502,'1350',552,,28767,17,0,16,0,100,,28768,17,0,16,0,100,,28769,17,0,16,0,100,,28770,17,0,16,0,100,,28771,17,0,16,0,100,,28772,17,0,16,0,100,,28773,17,0,16,0,100,,28774,17,0,16,0,100,,28775,17,0,16,0,100,,28776,17,0,16,0,100,,28777,17,0,16,0,100,,28778,17,0,16,0,100,,28779,17,0,16,0,100,,28780,17,0,16,0,100,,28781,17,0,16,0,100,,28782,17,0,16,0,100,,28783,17,0,16,0,100,,28784,17,0,16,0
722502,'1351',552,,28785,17,0,16,0,100,,28786,17,0,16,0,100,,28787,17,0,16,0,100,,28788,17,0,16,0,100,,28789,17,0,16,0,100,,28790,17,0,16,0,100,,28791,17,0,16,0,100,,28792,17,0,16,0,100,,28793,17,0,16,0,100,,28794,17,0,16,0,100,,28795,17,0,16,0,100,,28796,17,0,16,0,100,,28797,17,0,16,0,100,,28798,17,0,16,0,100,,28799,17,0,16,0,100,,28800,17,0,16,0,100,,28801,17,0,16,0,100,,28802,17,0,16,0
722502,'1352',552,,28803,17,0,16,0,100,,28804,17,0,16,0,100,,28805,17,0,16,0,100,,28806,17,0,16,0,100,,28807,17,0,16,0,100,,28808,17,0,16,0,100,,28809,17,0,16,0,100,,28810,17,0,16,0,100,,28811,17,0,16,0,100,,28812,17,0,16,0,100,,28813,17,0,16,0,100,,28814,17,0,16,0,100,,28815,17,0,16,0,100,,28816,17,0,16,0,100,,28817,17,0,16,0,100,,28818,17,0,16,0,100,,28819,17,0,16,0,100,,28820,17,0,16,0
722502,'1353',552,,28821,17,0,16,0,100,,28822,17,0,16,0,100,,28823,17,0,16,0,100,,28824,17,0,16,0,100,,28825,17,0,16,0,100,,28826,17,0,16,0,100,,28827,17,0,16,0,100,,28828,17,0,16,0,100,,28829,17,0,16,0,100,,28830,17,0,16,0,100,,28831,17,0,16,0,100,,28832,17,0,16,0,100,,28833,17,0,16,0,100,,28834,17,0,16,0,100,,28835,17,0,16,0,100,,28836,17,0,16,0,100,,28837,17,0,16,0,100,,28838,17,0,16,0
722502,'1354',552,,28839,17,0,16,0,100,,28840,17,0,16,0,100,,28841,17,0,16,0,100,,28842,17,0,16,0,100,,28843,17,0,16,0,100,,28844,17,0,16,0,100,,28845,17,0,16,0,100,,28846,17,0,16,0,100,,28847,17,0,16,0,100,,28848,17,0,16,0,100,,28849,17,0,16,0,100,,28850,17,0,16,0,100,,28851,17,0,16,0,100,,28852,17,0,16,0,100,,28853,17,0,16,0,100,,28854,17,0,16,0,100,,28855,17,0,16,0,100,,28856,17,0,16,0
