722501,'1350',543,,28677,39,0,17,0,160,,28678,39,0,17,0,100,,28679,39,0,17,0,100,,28680,39,0,17,0,100,,28681,39,0,17,0,100,,28682,39,0,17,0,100,,28683,39,0,17,0,100,,28684,39,0,17,0,100,,28685,39,0,17,0,100,,28686,39,0,17,0,100,,28687,39,0,17,0,100,,28688,39,0,17,0,100,,28689,39,0,17,0,100,,28690,39,0,17,0,100,,28691,39,0,17,0,100,,28692,39,0,17,0,100,,28693,39,0,17,0,100,,28694,39,0,17,0
722501,'1351',543,,28695,39,0,17,0,160,,28696,39,0,17,0,100,,28697,39,0,17,0,100,,28698,39,0,17,0,100,,28699,39,0,17,0,100,,28700,39,0,17,0,100,,28701,39,0,17,0,100,,28702,39,0,17,0,100,,28703,39,0,17,0,100,,28704,39,0,17,0,100,,28705,39,0,17,0,100,,28706,39,0,17,0,100,,28707,39,0,17,0,100,,28708,39,0,17,0,100,,28709,39,0,17,0,100,,28710,39,0,17,0,100,,28711,39,0,17,0,100,,28712,39,0,17,0
722501,'1352',543,,28713,39,0,17,0,160,,28714,39,0,17,0,100,,28715,39,0,17,0,100,,28716,39,0,17,0,100,,28717,39,0,17,0,100,,28718,39,0,17,0,100,,28719,39,0,17,0,100,,28720,39,0,17,0,100,,28721,39,0,17,0,100,,28722,39,0,17,0,100,,28723,39,0,17,0,100,,28724,39,0,17,0,100,,28725,39,0,17,0,100,,28726,39,0,17,0,100,,28727,39,0,17,0,100,,28728,39,0,17,0,100,,28729,39,0,17,0,100,,28730,39,0,17,0
722501,'1353',543,,28731,39,0,17,0,160,,28732,39,0,17,0,100,,28733,39,0,17,0,100,,28734,39,0,17,0,100,,28735,39,0,17,0,100,,28736,39,0,17,0,100,,28737,39,0,17,0,100,,28738,39,0,17,0,100,,28739,39,0,17,0,100,,28740,39,0,17,0,100,,28741,39,0,17,0,100,,28742,39,0,17,0,100,,28743,39,0,17,0,100,,28744,39,0,17,0,100,,28745,39,0,17,0,100,,28746,39,0,17,0,100,,28747,39,0,17,0,100,,28748,39,0,17,0
722501,'1354',543,,28749,39,0,17,0,160,,28750,39,0,17,0,100,,28751,39,0,17,0,100,,28752,39,0,17,0,100,,28753,39,0,17,0,100,,28754,39,0,17,0,100,,28755,39,0,17,0,100,,28756,39,0,17,0,100,,28757,39,0,17,0,100,,28758,39,0,17,0,100,,28759,39,0,17,0,100,,28760,39,0,17,0,100,,28761,39,0,17,0,100,,28762,39,0,17,0,100,,28763,39,0,17,0,100,,28764,39,0,17,0,100,,28765,39,0,17,0,100,,28766,39,0,17,0
722502,'1350',554,,28767,22,0,16,0,100,,28768,22,0,16,0,100,,28769,22,0,16,0,100,,28770,22,0,16,0,100,,28771,22,0,16,0,100,,28772,22,0,16,0,100,,28773,22,0,16,0,100,,28774,22,0,16,0,100,,28775,22,0,16,0,100,,28776,22,0,16,0,100,,28777,22,0,16,0,100,,28778,22,0,16,0,100,,28779,22,0,16,0,100,,28780,22,0,16,0,100,,28781,22,0,16,0,100,,28782,22,0,16,0,100,,28783,22,0,16,0,100,,28784,22,0,16,0
722502,'1351',554,,28785,22,0,16,0,100,,28786,22,0,16,0,100,,28787,22,0,16,0,100,,28788,22,0,16,0,100,,28789,22,0,16,0,100,,28790,22,0,16,0,100,,28791,22,0,16,0,100,,28792,22,0,16,0,100,,28793,22,0,16,0,100,,28794,22,0,16,0,100,,28795,22,0,16,0,100,,28796,22,0,16,0,100,,28797,22,0,16,0,100,,28798,22,0,16,0,100,,28799,22,0,16,0,100,,28800,22,0,16,0,100,,28801,22,0,16,0,100,,28802,22,0,16,0
722502,'1352',554,,28803,22,0,16,0,100,,28804,22,0,16,0,100,,28805,22,0,16,0,100,,28806,22,0,16,0,100,,28807,22,0,16,0,100,,28808,22,0,16,0,100,,28809,22,0,16,0,100,,28810,22,0,16,0,100,,28811,22,0,16,0,100,,28812,22,0,16,0,100,,28813,22,0,16,0,100,,28814,22,0,16,0,100,,28815,22,0,16,0,100,,28816,22,0,16,0,100,,28817,22,0,16,0,100,,28818,22,0,16,0,100,,28819,22,0,16,0,100,,28820,22,0,16,0
722502,'1353',554,,28821,22,0,16,0,100,,28822,22,0,16,0,100,,28823,22,0,16,0,100,,28824,22,0,16,0,100,,28825,22,0,16,0,100,,28826,22,0,16,0,100,,28827,22,0,16,0,100,,28828,22,0,16,0,100,,28829,22,0,16,0,100,,28830,22,0,16,0,100,,28831,22,0,16,0,100,,28832,22,0,16,0,100,,28833,22,0,16,0,100,,28834,22,0,16,0,100,,28835,22,0,16,0,100,,28836,22,0,16,0,100,,28837,22,0,16,0,100,,28838,22,0,16,0
722502,'1354',554,,28839,22,0,16,0,100,,28840,22,0,16,0,100,,28841,22,0,16,0,100,,28842,22,0,16,0,100,,28843,22,0,16,0,100,,28844,22,0,16,0,100,,28845,22,0,16,0,100,,28846,22,0,16,0,100,,28847,22,0,16,0,100,,28848,22,0,16,0,100,,28849,22,0,16,0,100,,28850,22,0,16,0,100,,28851,22,0,16,0,100,,28852,22,0,16,0,100,,28853,22,0,16,0,100,,28854,22,0,16,0,100,,28855,22,0,16,0,100,,28856,22,0,16,0
