2800,'1343',632,,17883,3,,,0,75,,17884,3,,,0,35,,17885,3,,,0,75,,17886,3,,,0,35,,17887,3,,,0,75,,17888,3,,,0,75,,17889,3,,,0,35,,17890,3,,,0,75,,17891,3,,,0,35,,17892,3,,,0,75,,17893,3,,,0,35,,17894,3,,,0,75,,17895,3,,,0,75,,17896,3,,,0,35,,17897,3,,,0,75,,17898,3,,,0,35,,17899,3,,,0,75,,17900,3,,,0
2800,'1344',632,,17906,3,,,0,75,,17907,3,,,0,35,,17908,3,,,0,75,,17909,3,,,0,35,,17910,3,,,0,75,,17911,3,,,0,75,,17912,3,,,0,35,,17913,3,,,0,75,,17914,3,,,0,35,,17915,3,,,0,75,,17916,3,,,0,35,,17917,3,,,0,75,,17918,3,,,0,75,,17919,3,,,0,35,,17920,3,,,0,75,,17921,3,,,0,35,,17922,3,,,0,75,,17923,3,,,0
2800,'1345',632,,17929,3,,,0,75,,17930,3,,,0,35,,17931,3,,,0,75,,17932,3,,,0,35,,17933,3,,,0,75,,17934,3,,,0,75,,17935,3,,,0,35,,17936,3,,,0,75,,17937,3,,,0,35,,17938,3,,,0,75,,17939,3,,,0,35,,17940,3,,,0,75,,17941,3,,,0,75,,17942,3,,,0,35,,17943,3,,,0,75,,17944,3,,,0,35,,17945,3,,,0,75,,17946,3,,,0
2800,'1346',632,,17952,3,,,0,75,,17953,3,,,0,35,,17954,3,,,0,75,,17955,3,,,0,35,,17956,3,,,0,75,,17957,3,,,0,75,,17958,3,,,0,35,,17959,3,,,0,75,,17960,3,,,0,35,,17961,3,,,0,75,,17962,3,,,0,35,,17963,3,,,0,75,,17964,3,,,0,75,,17965,3,,,0,35,,17966,3,,,0,75,,17967,3,,,0,35,,17968,3,,,0,75,,17969,3,,,0
2800,'1347',632,,17975,3,,,0,75,,17976,3,,,0,35,,17977,3,,,0,75,,17978,3,,,0,35,,17979,3,,,0,75,,17980,3,,,0,75,,17981,3,,,0,35,,17982,3,,,0,75,,17983,3,,,0,35,,17984,3,,,0,75,,17985,3,,,0,35,,17986,3,,,0,75,,17987,3,,,0,75,,17988,3,,,0,35,,17989,3,,,0,75,,17990,3,,,0,35,,17991,3,,,0,75,,17992,3,,,0
2801,'1342',835,,17993,27,,,0,110,,17994,27,,,0,110,,17995,27,,,0,150,,17996,27,,,0,110,,17997,27,,,0,110,,17998,27,,,0,110,,17999,27,,,0,110,,18000,27,,,0,110,,18001,27,,,0,150,,18002,27,,,0
2801,'1343',1730,,18021,27,,,0,75,,18022,27,,,0,35,,18023,27,,,0,75,,18024,27,,,0,35,,18025,27,,,0
2801,'1344',1730,,18044,27,,,0,75,,18045,27,,,0,35,,18046,27,,,0,75,,18047,27,,,0,35,,18048,27,,,0
2801,'1345',1730,,18067,27,,,0,75,,18068,27,,,0,35,,18069,27,,,0,75,,18070,27,,,0,35,,18071,27,,,0
2801,'1346',1730,,18090,27,,,0,75,,18091,27,,,0,35,,18092,27,,,0,75,,18093,27,,,0,35,,18094,27,,,0
2801,'1347',1730,,18113,27,,,0,75,,18114,27,,,0,35,,18115,27,,,0,75,,18116,27,,,0,35,,18117,27,,,0
