721404,'1355',931,,35420,44,0,14,0,110,,35419,44,0,14,0,110,,35418,44,0,14,0,150,,35417,44,0,14,0,110,,35416,44,0,14,0,110,,35415,44,0,14,0,110,,35414,44,0,14,0,110,,35413,44,0,14,0
721404,'1356',830,,35421,44,0,14,0,110,,35422,44,0,14,0,110,,35423,44,0,14,0,150,,35424,44,0,14,0,110,,35425,44,0,14,0,113,,35426,44,0,14,0,85,,35427,44,0,14,0,45,,35428,44,0,14,0,85,,35429,44,0,14,0,85,,35430,44,0,14,0,85,,35431,44,0,14,0,45,,35432,44,0,14,0,85,,35433,44,0,14,0
721404,'1357',655,,35434,44,0,14,0,97,,35435,44,0,14,0,85,,35436,44,0,14,0,85,,35437,44,0,14,0,85,,35438,44,0,14,0,45,,35439,44,0,14,0,85,,35440,44,0,14,0,85,,35441,44,0,14,0,85,,35442,44,0,14,0,45,,35443,44,0,14,0,85,,35444,44,0,14,0,85,,35445,44,0,14,0,85,,35446,44,0,14,0,45,,35447,44,0,14,0,85,,35448,44,0,14,0,85,,35449,44,0,14,0,85,,35450,44,0,14,0,45,,35451,44,0,14,0,85,,35452,44,0,14,0,85,,35453,44,0,14,0
721404,'1358',655,,35454,44,0,14,0,97,,35455,44,0,14,0,85,,35456,44,0,14,0,85,,35457,44,0,14,0,85,,35458,44,0,14,0,45,,35459,44,0,14,0,85,,35460,44,0,14,0,85,,35461,44,0,14,0,85,,35462,44,0,14,0,45,,35463,44,0,14,0,85,,35464,44,0,14,0,85,,35465,44,0,14,0,85,,35466,44,0,14,0,45,,35467,44,0,14,0,85,,35468,44,0,14,0,85,,35469,44,0,14,0,85,,35470,44,0,14,0,45,,35471,44,0,14,0,85,,35472,44,0,14,0,85,,35473,44,0,14,0
721404,'1359',655,,35474,44,0,14,0,97,,35475,44,0,14,0,85,,35476,44,0,14,0,85,,35477,44,0,14,0,85,,35478,44,0,14,0,45,,35479,44,0,14,0,85,,35480,44,0,14,0,85,,35481,44,0,14,0,85,,35482,44,0,14,0,45,,35483,44,0,14,0,85,,35484,44,0,14,0,85,,35485,44,0,14,0,85,,35486,44,0,14,0,45,,35487,44,0,14,0,85,,35488,44,0,14,0,85,,35489,44,0,14,0,85,,35490,44,0,14,0,45,,35491,44,0,14,0,85,,35492,44,0,14,0,85,,35493,44,0,14,0
721404,'1360',655,,35494,44,0,14,0,97,,35495,44,0,14,0,85,,35496,44,0,14,0,85,,35497,44,0,14,0,85,,35498,44,0,14,0,45,,35499,44,0,14,0,85,,35500,44,0,14,0,85,,35501,44,0,14,0,85,,35502,44,0,14,0,45,,35503,44,0,14,0,85,,35504,44,0,14,0,85,,35505,44,0,14,0,85,,35506,44,0,14,0,45,,35507,44,0,14,0,85,,35508,44,0,14,0,85,,35509,44,0,14,0,85,,35510,44,0,14,0,45,,35511,44,0,14,0,85,,35512,44,0,14,0,85,,35513,44,0,14,0
721404,'1361',655,,35514,44,0,14,0,97,,35515,44,0,14,0,85,,35516,44,0,14,0,85,,35517,44,0,14,0,85,,35518,44,0,14,0,45,,35519,44,0,14,0,85,,35520,44,0,14,0,85,,35521,44,0,14,0,85,,35522,44,0,14,0,45,,35523,44,0,14,0,85,,35524,44,0,14,0,85,,35525,44,0,14,0,85,,35526,44,0,14,0,45,,35527,44,0,14,0,85,,35528,44,0,14,0,85,,35529,44,0,14,0,85,,35530,44,0,14,0,45,,35531,44,0,14,0,85,,35532,44,0,14,0,85,,35533,44,0,14,0
722600,'1357',721,,36062,8,,,0,85,,36059,8,,,0,649,,36060,9,,,0,83,,36061,9,,,0
722600,'1358',721,,36066,8,,,0,85,,36063,8,,,0,649,,36064,9,,,0,83,,36065,9,,,0
722600,'1359',721,,36070,8,,,0,85,,36067,8,,,0,649,,36068,9,,,0,83,,36069,9,,,0
722600,'1360',721,,36074,8,,,0,85,,36071,8,,,0,649,,36072,9,,,0,83,,36073,9,,,0
722600,'1361',721,,36078,8,,,0,85,,36075,8,,,0,649,,36076,9,,,0,83,,36077,9,,,0
