721204,'1355',924,,34570,30,0,14,0,85,,34569,30,0,14,0,45,,34568,30,0,14,0,85,,34567,30,0,14,0,85,,34566,30,0,14,0,85,,34565,30,0,14,0,45,,34564,30,0,14,0,85,,34563,30,0,14,0,85,,34562,30,0,14,0,85,,34561,30,0,14,0,45,,34560,30,0,14,0,85,,34559,30,0,14,0,85,,34558,30,0,14,0,85,,34557,30,0,14,0
721204,'1356',624,,34571,30,0,14,0,85,,34572,30,0,14,0,45,,34573,30,0,14,0,85,,34574,30,0,14,0,85,,34575,30,0,14,0,85,,34576,30,0,14,0,30,,34577,30,0,14,0,70,,34578,30,0,14,0,30,,34579,30,0,14,0,70,,34580,30,0,14,0,30,,34581,30,0,14,0,70,,34582,30,0,14,0,30,,34583,30,0,14,0,70,,34584,30,0,14,0,30,,34585,30,0,14,0,70,,34586,30,0,14,0,30,,34587,30,0,14,0,70,,34588,30,0,14,0,30,,34589,30,0,14,0,70,,34590,30,0,14,0,30,,34591,30,0,14,0,70,,34592,30,0,14,0,45,,34593,30,0,14,0,85,,34594,30,0,14,0,85,,34595,30,0,14,0,85,,34596,30,0,14,0,45,,34597,30,0,14,0,85,,34598,30,0,14,0
721204,'1357',624,,34599,30,0,14,0,30,,34600,30,0,14,0,70,,34601,30,0,14,0,15,,34602,30,0,14,0,15,,34603,30,0,14,0,55,,34604,30,0,14,0,15,,34605,30,0,14,0,30,,34606,30,0,14,0,70,,34607,30,0,14,0,30,,34608,30,0,14,0,70,,34609,30,0,14,0,30,,34610,30,0,14,0,70,,34611,30,0,14,0,30,,34612,30,0,14,0,70,,34613,30,0,14,0,30,,34614,30,0,14,0,70,,34615,30,0,14,0,30,,34616,30,0,14,0,70,,34617,30,0,14,0,15,,34618,30,0,14,0,15,,34619,30,0,14,0,55,,34620,30,0,14,0,15,,34621,30,0,14,0,30,,34622,30,0,14,0,70,,34623,30,0,14,0,30,,34624,30,0,14,0,70,,34625,30,0,14,0,30,,34626,30,0,14,0,70,,34627,30,0,14,0,85,,34628,30,0,14,0,45,,34629,30,0,14,0,85,,34630,30,0,14,0,85,,34631,30,0,14,0,85,,34632,30,0,14,0,45,,34633,30,0,14,0
721204,'1358',624,,34634,30,0,14,0,30,,34635,30,0,14,0,70,,34636,30,0,14,0,15,,34637,30,0,14,0,15,,34638,30,0,14,0,55,,34639,30,0,14,0,15,,34640,30,0,14,0,30,,34641,30,0,14,0,70,,34642,30,0,14,0,30,,34643,30,0,14,0,70,,34644,30,0,14,0,30,,34645,30,0,14,0,70,,34646,30,0,14,0,30,,34647,30,0,14,0,70,,34648,30,0,14,0,30,,34649,30,0,14,0,70,,34650,30,0,14,0,30,,34651,30,0,14,0,70,,34652,30,0,14,0,15,,34653,30,0,14,0,15,,34654,30,0,14,0,55,,34655,30,0,14,0,15,,34656,30,0,14,0,30,,34657,30,0,14,0,70,,34658,30,0,14,0,30,,34659,30,0,14,0,70,,34660,30,0,14,0,30,,34661,30,0,14,0,70,,34662,30,0,14,0,85,,34663,30,0,14,0,45,,34664,30,0,14,0,85,,34665,30,0,14,0,85,,34666,30,0,14,0,85,,34667,30,0,14,0,45,,34668,30,0,14,0
721204,'1359',624,,34669,30,0,14,0,30,,34670,30,0,14,0,70,,34671,30,0,14,0,15,,34672,30,0,14,0,15,,34673,30,0,14,0,55,,34674,30,0,14,0,15,,34675,30,0,14,0,30,,34676,30,0,14,0,70,,34677,30,0,14,0,30,,34678,30,0,14,0,70,,34679,30,0,14,0,30,,34680,30,0,14,0,70,,34681,30,0,14,0,30,,34682,30,0,14,0,70,,34683,30,0,14,0,30,,34684,30,0,14,0,70,,34685,30,0,14,0,30,,34686,30,0,14,0,70,,34687,30,0,14,0,15,,34688,30,0,14,0,15,,34689,30,0,14,0,55,,34690,30,0,14,0,15,,34691,30,0,14,0,30,,34692,30,0,14,0,70,,34693,30,0,14,0,30,,34694,30,0,14,0,70,,34695,30,0,14,0,30,,34696,30,0,14,0,70,,34697,30,0,14,0,85,,34698,30,0,14,0,45,,34699,30,0,14,0,85,,34700,30,0,14,0,85,,34701,30,0,14,0,85,,34702,30,0,14,0,45,,34703,30,0,14,0
721204,'1360',624,,34704,30,0,14,0,30,,34705,30,0,14,0,70,,34706,30,0,14,0,15,,34707,30,0,14,0,15,,34708,30,0,14,0,55,,34709,30,0,14,0,15,,34710,30,0,14,0,30,,34711,30,0,14,0,70,,34712,30,0,14,0,30,,34713,30,0,14,0,70,,34714,30,0,14,0,30,,34715,30,0,14,0,70,,34716,30,0,14,0,30,,34717,30,0,14,0,70,,34718,30,0,14,0,30,,34719,30,0,14,0,70,,34720,30,0,14,0,30,,34721,30,0,14,0,70,,34722,30,0,14,0,15,,34723,30,0,14,0,15,,34724,30,0,14,0,55,,34725,30,0,14,0,15,,34726,30,0,14,0,30,,34727,30,0,14,0,70,,34728,30,0,14,0,30,,34729,30,0,14,0,70,,34730,30,0,14,0,30,,34731,30,0,14,0,70,,34732,30,0,14,0,85,,34733,30,0,14,0,45,,34734,30,0,14,0,85,,34735,30,0,14,0,85,,34736,30,0,14,0,85,,34737,30,0,14,0,45,,34738,30,0,14,0
721204,'1361',624,,34739,30,0,14,0,30,,34740,30,0,14,0,70,,34741,30,0,14,0,15,,34742,30,0,14,0,15,,34743,30,0,14,0,55,,34744,30,0,14,0,15,,34745,30,0,14,0,30,,34746,30,0,14,0,70,,34747,30,0,14,0,30,,34748,30,0,14,0,70,,34749,30,0,14,0,30,,34750,30,0,14,0,70,,34751,30,0,14,0,30,,34752,30,0,14,0,70,,34753,30,0,14,0,30,,34754,30,0,14,0,70,,34755,30,0,14,0,30,,34756,30,0,14,0,70,,34757,30,0,14,0,15,,34758,30,0,14,0,15,,34759,30,0,14,0,55,,34760,30,0,14,0,15,,34761,30,0,14,0,30,,34762,30,0,14,0,70,,34763,30,0,14,0,30,,34764,30,0,14,0,70,,34765,30,0,14,0,30,,34766,30,0,14,0,70,,34767,30,0,14,0,85,,34768,30,0,14,0,45,,34769,30,0,14,0,85,,34770,30,0,14,0,85,,34771,30,0,14,0,85,,34772,30,0,14,0,45,,34773,30,0,14,0
721501,'1355',940,,35544,34,0,17,0,100,,35543,34,0,17,0,100,,35542,34,0,17,0,100,,35541,34,0,17,0,100,,35540,34,0,17,0,100,,35539,34,0,17,0,100,,35538,34,0,17,0,100,,35537,34,0,17,0,100,,35536,34,0,17,0,100,,35535,34,0,17,0,100,,35534,34,0,17,0
721501,'1356',740,,35545,34,0,17,0,100,,35546,34,0,17,0,100,,35547,34,0,17,0,100,,35548,34,0,17,0,100,,35549,34,0,17,0,100,,35550,34,0,17,0,70,,35551,34,0,17,0,30,,35552,34,0,17,0,70,,35553,34,0,17,0,30,,35554,34,0,17,0,70,,35555,34,0,17,0,30,,35556,34,0,17,0,70,,35557,34,0,17,0,30,,35558,34,0,17,0,70,,35559,34,0,17,0,30,,35560,34,0,17,0,70,,35561,34,0,17,0,30,,35562,34,0,17,0,100,,35563,34,0,17,0
721501,'1357',740,,35564,34,0,17,0,70,,35565,34,0,17,0,30,,35566,34,0,17,0,70,,35567,34,0,17,0,30,,35568,34,0,17,0,70,,35569,34,0,17,0,30,,35570,34,0,17,0,70,,35571,34,0,17,0,30,,35572,34,0,17,0,70,,35573,34,0,17,0,30,,35574,34,0,17,0,70,,35575,34,0,17,0,30,,35576,34,0,17,0,70,,35577,34,0,17,0,30,,35578,34,0,17,0,70,,35579,34,0,17,0,30,,35580,34,0,17,0,70,,35581,34,0,17,0,30,,35582,34,0,17,0,70,,35583,34,0,17,0,30,,35584,34,0,17,0,70,,35585,34,0,17,0,30,,35586,34,0,17,0,70,,35587,34,0,17,0,30,,35588,34,0,17,0,100,,35589,34,0,17,0,100,,35590,34,0,17,0,100,,35591,34,0,17,0
721501,'1358',740,,35592,34,0,17,0,70,,35593,34,0,17,0,30,,35594,34,0,17,0,70,,35595,34,0,17,0,30,,35596,34,0,17,0,70,,35597,34,0,17,0,30,,35598,34,0,17,0,70,,35599,34,0,17,0,30,,35600,34,0,17,0,70,,35601,34,0,17,0,30,,35602,34,0,17,0,70,,35603,34,0,17,0,30,,35604,34,0,17,0,70,,35605,34,0,17,0,30,,35606,34,0,17,0,70,,35607,34,0,17,0,30,,35608,34,0,17,0,70,,35609,34,0,17,0,30,,35610,34,0,17,0,70,,35611,34,0,17,0,30,,35612,34,0,17,0,70,,35613,34,0,17,0,30,,35614,34,0,17,0,70,,35615,34,0,17,0,30,,35616,34,0,17,0,100,,35617,34,0,17,0,100,,35618,34,0,17,0,100,,35619,34,0,17,0
721501,'1359',740,,35620,34,0,17,0,70,,35621,34,0,17,0,30,,35622,34,0,17,0,70,,35623,34,0,17,0,30,,35624,34,0,17,0,70,,35625,34,0,17,0,30,,35626,34,0,17,0,70,,35627,34,0,17,0,30,,35628,34,0,17,0,70,,35629,34,0,17,0,30,,35630,34,0,17,0,70,,35631,34,0,17,0,30,,35632,34,0,17,0,70,,35633,34,0,17,0,30,,35634,34,0,17,0,70,,35635,34,0,17,0,30,,35636,34,0,17,0,70,,35637,34,0,17,0,30,,35638,34,0,17,0,70,,35639,34,0,17,0,30,,35640,34,0,17,0,70,,35641,34,0,17,0,30,,35642,34,0,17,0,70,,35643,34,0,17,0,30,,35644,34,0,17,0,100,,35645,34,0,17,0,100,,35646,34,0,17,0,100,,35647,34,0,17,0
721501,'1360',740,,35648,34,0,17,0,70,,35649,34,0,17,0,30,,35650,34,0,17,0,70,,35651,34,0,17,0,30,,35652,34,0,17,0,70,,35653,34,0,17,0,30,,35654,34,0,17,0,70,,35655,34,0,17,0,30,,35656,34,0,17,0,70,,35657,34,0,17,0,30,,35658,34,0,17,0,70,,35659,34,0,17,0,30,,35660,34,0,17,0,70,,35661,34,0,17,0,30,,35662,34,0,17,0,70,,35663,34,0,17,0,30,,35664,34,0,17,0,70,,35665,34,0,17,0,30,,35666,34,0,17,0,70,,35667,34,0,17,0,30,,35668,34,0,17,0,70,,35669,34,0,17,0,30,,35670,34,0,17,0,70,,35671,34,0,17,0,30,,35672,34,0,17,0,100,,35673,34,0,17,0,100,,35674,34,0,17,0,100,,35675,34,0,17,0
721501,'1361',740,,35676,34,0,17,0,70,,35677,34,0,17,0,30,,35678,34,0,17,0,70,,35679,34,0,17,0,30,,35680,34,0,17,0,70,,35681,34,0,17,0,30,,35682,34,0,17,0,70,,35683,34,0,17,0,30,,35684,34,0,17,0,70,,35685,34,0,17,0,30,,35686,34,0,17,0,70,,35687,34,0,17,0,30,,35688,34,0,17,0,70,,35689,34,0,17,0,30,,35690,34,0,17,0,70,,35691,34,0,17,0,30,,35692,34,0,17,0,70,,35693,34,0,17,0,30,,35694,34,0,17,0,70,,35695,34,0,17,0,30,,35696,34,0,17,0,70,,35697,34,0,17,0,30,,35698,34,0,17,0,70,,35699,34,0,17,0,30,,35700,34,0,17,0,100,,35701,34,0,17,0,100,,35702,34,0,17,0,100,,35703,34,0,17,0
