261200,'1328',920,,11018,0,14 15,0,900,,11019,0,14 15,0
261200,'1329',650,,11020,0,14 15,0,700,,11021,0,14 15,0,500,,11022,0,14 15,0
261200,'1330',650,,11023,0,14 15,0,700,,11024,0,14 15,0,500,,11025,0,14 15,0
261200,'1331',650,,11026,0,14 15,0,700,,11027,0,14 15,0,500,,11028,0,14 15,0
261200,'1332',650,,11029,0,14 15,0,700,,11030,0,14 15,0,500,,11031,0,14 15,0
261200,'1333',650,,11032,0,14 15,0,700,,11033,0,14 15,0,500,,11034,0,14 15,0
261201,'1328',835,,11035,0,14 15,0,900,,11036,0,14 15,0
261201,'1329',605,,11037,0,14 15,0,700,,11038,0,14 15,0,500,,11039,0,14 15,0
261201,'1330',605,,11040,0,14 15,0,700,,11041,0,14 15,0,500,,11042,0,14 15,0
261201,'1331',605,,11043,0,14 15,0,700,,11044,0,14 15,0,500,,11045,0,14 15,0
261201,'1332',605,,11046,0,14 15,0,700,,11047,0,14 15,0,500,,11048,0,14 15,0
261201,'1333',605,,11049,0,14 15,0,700,,11050,0,14 15,0,500,,11051,0,14 15,0
