'1241',721303,83500,,'',0,8000,,'',0,4000,,'',0,8000,,'',0,8000,,'',0,4000,,'',0,8000,,'',0,8000,,'',0,4000,,'',0,8000,,'',0,8000,,'',0,4000,,'',0,8000,,'',0,8000,,'',0,4000,,'',0,8000,,'',0,8000,,'',0,4000,,'',0
'1241',721304,83500,4,'',0,8000,4,'',0,4000,4,'',0,8000,4,'',0,8000,4,'',0,4000,4,'',0,8000,4,'',0,8000,4,'',0,4000,4,'',0,8000,4,'',0,8000,4,'',0,4000,4,'',0,8000,4,'',0,8000,4,'',0,4000,4,'',0,8000,4,'',0,8000,4,'',0,4000,4,'',0
'1242',721303,63500,,'',0,8000,,'',0,4000,,'',0,8000,,'',0,8000,,'',0,4000,,'',0,8000,,'',0,8000,,'',0,4000,,'',0,6000,,'',0,2000,,'',0,2000,,'',0,6000,,'',0,2000,,'',0,2000,,'',0,6000,,'',0,2000,,'',0,2000,,'',0,6000,,'',0,2000,,'',0,2000,,'',0,6000,,'',0,2000,,'',0,2000,,'',0,6000,,'',0,2000,,'',0,2000,,'',0,6000,,'',0,2000,,'',0,8000,,'',0,4000,,'',0,8000,,'',0,8000,,'',0,4000,,'',0,8000,,'',0,8000,,'',0
'1242',721304,63500,4,'',0,8000,4,'',0,4000,4,'',0,8000,4,'',0,8000,4,'',0,4000,4,'',0,8000,4,'',0,8000,4,'',0,4000,4,'',0,6000,4,'',0,2000,4,'',0,2000,4,'',0,6000,4,'',0,2000,4,'',0,2000,4,'',0,6000,4,'',0,2000,4,'',0,2000,4,'',0,6000,4,'',0,2000,4,'',0,2000,4,'',0,6000,4,'',0,2000,4,'',0,2000,4,'',0,6000,4,'',0,2000,4,'',0,2000,4,'',0,6000,4,'',0,2000,4,'',0,8000,4,'',0,4000,4,'',0,8000,4,'',0,8000,4,'',0,4000,4,'',0,8000,4,'',0,8000,4,'',0
'1243',721303,61000,,'',0,4500,,'',0,6000,,'',0,2500,,'',0,6000,,'',0,2500,,'',0,2000,,'',0,6500,,'',0,2000,,'',0,2500,,'',0,6000,,'',0,2500,,'',0,6000,,'',0,2500,,'',0,2000,,'',0,6500,,'',0,2000,,'',0,2500,,'',0,6000,,'',0,2500,,'',0,6000,,'',0,2500,,'',0,2000,,'',0,6500,,'',0,2000,,'',0,2500,,'',0,6000,,'',0,2500,,'',0,6000,,'',0,2500,,'',0,2000,,'',0,6500,,'',0,2000,,'',0,7000,,'',0,3500,,'',0,8000,,'',0,4000,,'',0,8000,,'',0,8000,,'',0,4000,,'',0,8000,,'',0
'1243',721304,61000,4,'',0,4500,4,'',0,6000,4,'',0,2500,4,'',0,6000,4,'',0,2500,4,'',0,2000,4,'',0,6500,4,'',0,2000,4,'',0,2500,4,'',0,6000,4,'',0,2500,4,'',0,6000,4,'',0,2500,4,'',0,2000,4,'',0,6500,4,'',0,2000,4,'',0,2500,4,'',0,6000,4,'',0,2500,4,'',0,6000,4,'',0,2500,4,'',0,2000,4,'',0,6500,4,'',0,2000,4,'',0,2500,4,'',0,6000,4,'',0,2500,4,'',0,6000,4,'',0,2500,4,'',0,2000,4,'',0,6500,4,'',0,2000,4,'',0,7000,4,'',0,3500,4,'',0,8000,4,'',0,4000,4,'',0,8000,4,'',0,8000,4,'',0,4000,4,'',0,8000,4,'',0
'1244',721303,61000,,'',0,4500,,'',0,6000,,'',0,2500,,'',0,6000,,'',0,2500,,'',0,2000,,'',0,6500,,'',0,2000,,'',0,2500,,'',0,6000,,'',0,2500,,'',0,6000,,'',0,2500,,'',0,2000,,'',0,6500,,'',0,2000,,'',0,2500,,'',0,6000,,'',0,2500,,'',0,6000,,'',0,2500,,'',0,2000,,'',0,6500,,'',0,2000,,'',0,2500,,'',0,6000,,'',0,2500,,'',0,6000,,'',0,2500,,'',0,2000,,'',0,6500,,'',0,2000,,'',0,7000,,'',0,3500,,'',0,8000,,'',0,4000,,'',0,8000,,'',0,8000,,'',0,4000,,'',0,8000,,'',0
'1244',721304,61000,4,'',0,4500,4,'',0,6000,4,'',0,2500,4,'',0,6000,4,'',0,2500,4,'',0,2000,4,'',0,6500,4,'',0,2000,4,'',0,2500,4,'',0,6000,4,'',0,2500,4,'',0,6000,4,'',0,2500,4,'',0,2000,4,'',0,6500,4,'',0,2000,4,'',0,2500,4,'',0,6000,4,'',0,2500,4,'',0,6000,4,'',0,2500,4,'',0,2000,4,'',0,6500,4,'',0,2000,4,'',0,2500,4,'',0,6000,4,'',0,2500,4,'',0,6000,4,'',0,2500,4,'',0,2000,4,'',0,6500,4,'',0,2000,4,'',0,7000,4,'',0,3500,4,'',0,8000,4,'',0,4000,4,'',0,8000,4,'',0,8000,4,'',0,4000,4,'',0,8000,4,'',0
'1245',721303,61000,,'',0,4500,,'',0,6000,,'',0,2500,,'',0,6000,,'',0,2500,,'',0,2000,,'',0,6500,,'',0,2000,,'',0,2500,,'',0,6000,,'',0,2500,,'',0,6000,,'',0,2500,,'',0,2000,,'',0,6500,,'',0,2000,,'',0,2500,,'',0,6000,,'',0,2500,,'',0,6000,,'',0,2500,,'',0,2000,,'',0,6500,,'',0,2000,,'',0,2500,,'',0,6000,,'',0,2500,,'',0,6000,,'',0,2500,,'',0,2000,,'',0,6500,,'',0,2000,,'',0,7000,,'',0,3500,,'',0,8000,,'',0,4000,,'',0,8000,,'',0,8000,,'',0,4000,,'',0,8000,,'',0
'1245',721304,61000,4,'',0,4500,4,'',0,6000,4,'',0,2500,4,'',0,6000,4,'',0,2500,4,'',0,2000,4,'',0,6500,4,'',0,2000,4,'',0,2500,4,'',0,6000,4,'',0,2500,4,'',0,6000,4,'',0,2500,4,'',0,2000,4,'',0,6500,4,'',0,2000,4,'',0,2500,4,'',0,6000,4,'',0,2500,4,'',0,6000,4,'',0,2500,4,'',0,2000,4,'',0,6500,4,'',0,2000,4,'',0,2500,4,'',0,6000,4,'',0,2500,4,'',0,6000,4,'',0,2500,4,'',0,2000,4,'',0,6500,4,'',0,2000,4,'',0,7000,4,'',0,3500,4,'',0,8000,4,'',0,4000,4,'',0,8000,4,'',0,8000,4,'',0,4000,4,'',0,8000,4,'',0
'1246',721303,61000,,'',0,4500,,'',0,6000,,'',0,2500,,'',0,6000,,'',0,2500,,'',0,2000,,'',0,6500,,'',0,2000,,'',0,2500,,'',0,6000,,'',0,2500,,'',0,6000,,'',0,2500,,'',0,2000,,'',0,6500,,'',0,2000,,'',0,2500,,'',0,6000,,'',0,2500,,'',0,6000,,'',0,2500,,'',0,2000,,'',0,6500,,'',0,2000,,'',0,2500,,'',0,6000,,'',0,2500,,'',0,6000,,'',0,2500,,'',0,2000,,'',0,6500,,'',0,2000,,'',0,7000,,'',0,3500,,'',0,8000,,'',0,4000,,'',0,8000,,'',0,8000,,'',0,4000,,'',0,8000,,'',0
'1246',721304,61000,4,'',0,4500,4,'',0,6000,4,'',0,2500,4,'',0,6000,4,'',0,2500,4,'',0,2000,4,'',0,6500,4,'',0,2000,4,'',0,2500,4,'',0,6000,4,'',0,2500,4,'',0,6000,4,'',0,2500,4,'',0,2000,4,'',0,6500,4,'',0,2000,4,'',0,2500,4,'',0,6000,4,'',0,2500,4,'',0,6000,4,'',0,2500,4,'',0,2000,4,'',0,6500,4,'',0,2000,4,'',0,2500,4,'',0,6000,4,'',0,2500,4,'',0,6000,4,'',0,2500,4,'',0,2000,4,'',0,6500,4,'',0,2000,4,'',0,7000,4,'',0,3500,4,'',0,8000,4,'',0,4000,4,'',0,8000,4,'',0,8000,4,'',0,4000,4,'',0,8000,4,'',0
'1247',721303,61000,,'',0,4500,,'',0,6000,,'',0,2500,,'',0,6000,,'',0,2500,,'',0,2000,,'',0,6500,,'',0,2000,,'',0,2500,,'',0,6000,,'',0,2500,,'',0,6000,,'',0,2500,,'',0,2000,,'',0,6500,,'',0,2000,,'',0,2500,,'',0,6000,,'',0,2500,,'',0,6000,,'',0,2500,,'',0,2000,,'',0,6500,,'',0,2000,,'',0,2500,,'',0,6000,,'',0,2500,,'',0,6000,,'',0,2500,,'',0,2000,,'',0,6500,,'',0,2000,,'',0,7000,,'',0,3500,,'',0,8000,,'',0,4000,,'',0,8000,,'',0,8000,,'',0,4000,,'',0,8000,,'',0
'1247',721304,61000,4,'',0,4500,4,'',0,6000,4,'',0,2500,4,'',0,6000,4,'',0,2500,4,'',0,2000,4,'',0,6500,4,'',0,2000,4,'',0,2500,4,'',0,6000,4,'',0,2500,4,'',0,6000,4,'',0,2500,4,'',0,2000,4,'',0,6500,4,'',0,2000,4,'',0,2500,4,'',0,6000,4,'',0,2500,4,'',0,6000,4,'',0,2500,4,'',0,2000,4,'',0,6500,4,'',0,2000,4,'',0,2500,4,'',0,6000,4,'',0,2500,4,'',0,6000,4,'',0,2500,4,'',0,2000,4,'',0,6500,4,'',0,2000,4,'',0,7000,4,'',0,3500,4,'',0,8000,4,'',0,4000,4,'',0,8000,4,'',0,8000,4,'',0,4000,4,'',0,8000,4,'',0
