2000,'1348',1011,,24503,67,,,0,45,,24517,67,,,0,85,,24516,67,,,0,85,,24515,67,,,0,85,,24514,67,,,0,45,,24513,67,,,0,85,,24512,67,,,0,85,,24511,67,,,0,85,,24510,67,,,0,45,,24509,67,,,0,86,,24508,67,,,0,84,,24507,67,,,0,85,,24506,67,,,0,45,,24505,67,,,0,85,,24504,67,,,0
2000,'1349',714,,24519,67,,,0,45,,24520,67,,,0,85,,24521,67,,,0,85,,24522,67,,,0,15,,24523,67,,,0,70,,24524,67,,,0,40,,24525,67,,,0,70,,24526,67,,,0,30,,24527,67,,,0,70,,24528,67,,,0,80,,24529,67,,,0,30,,24530,67,,,0,70,,24531,67,,,0,30,,24532,67,,,0,80,,24533,67,,,0,30,,24534,67,,,0,70,,24535,67,,,0,30,,24536,67,,,0,80,,24537,67,,,0,30,,24538,67,,,0,70,,24539,67,,,0,30,,24540,67,,,0,80,,24541,67,,,0,75,,24542,67,,,0,45,,24543,67,,,0,85,,24544,67,,,0,85,,24545,67,,,0,85,,24546,67,,,0,45,,24547,67,,,0,85,,24548,67,,,0
2000,'1350',641,,24596,69,,,0,60,,24595,69,,,0,20,,24594,69,,,0,20,,24593,69,,,0,60,,24592,69,,,0,20,,24591,69,,,0,20,,24590,69,,,0,60,,24589,69,,,0,20,,24588,69,,,0,20,,24587,69,,,0,60,,24586,69,,,0,20,,24585,69,,,0,20,,24584,69,,,0,60,,24583,69,,,0,20,,24582,69,,,0,20,,24581,69,,,0,60,,24580,69,,,0,20,,24579,69,,,0,20,,24578,69,,,0,60,,24577,69,,,0,20,,24576,69,,,0,20,,24575,69,,,0,60,,24574,69,,,0,20,,24573,69,,,0,20,,24559,69,,,0,60,,24560,69,,,0,20,,24561,69,,,0,20,,24562,69,,,0,60,,24563,69,,,0,20,,24564,69,,,0,20,,24565,69,,,0,60,,24566,69,,,0,20,,24567,69,,,0,20,,24568,69,,,0,60,,24569,69,,,0,20,,24570,69,,,0,20,,24571,69,,,0,60,,24572,69,,,0,18,,24549,67,,,0,37,,24550,67,,,0,85,,24551,67,,,0,85,,24552,67,,,0,85,,24553,67,,,0,45,,24554,67,,,0,85,,24555,67,,,0,85,,24556,67,,,0,85,,24557,67,,,0
2000,'1351',641,,24644,69,,,0,60,,24643,69,,,0,20,,24642,69,,,0,20,,24641,69,,,0,60,,24640,69,,,0,20,,24639,69,,,0,20,,24638,69,,,0,60,,24637,69,,,0,20,,24636,69,,,0,20,,24635,69,,,0,60,,24634,69,,,0,20,,24633,69,,,0,20,,24632,69,,,0,60,,24631,69,,,0,20,,24630,69,,,0,20,,24629,69,,,0,60,,24628,69,,,0,20,,24627,69,,,0,20,,24626,69,,,0,60,,24625,69,,,0,20,,24624,69,,,0,20,,24623,69,,,0,60,,24622,69,,,0,20,,24621,69,,,0,20,,24607,69,,,0,60,,24608,69,,,0,20,,24609,69,,,0,20,,24610,69,,,0,60,,24611,69,,,0,20,,24612,69,,,0,20,,24613,69,,,0,60,,24614,69,,,0,20,,24615,69,,,0,20,,24616,69,,,0,60,,24617,69,,,0,20,,24618,69,,,0,20,,24619,69,,,0,60,,24620,69,,,0,18,,24597,67,,,0,37,,24598,67,,,0,85,,24599,67,,,0,85,,24600,67,,,0,85,,24601,67,,,0,45,,24602,67,,,0,85,,24603,67,,,0,85,,24604,67,,,0,85,,24605,67,,,0
2000,'1352',641,,24692,69,,,0,60,,24691,69,,,0,20,,24690,69,,,0,20,,24689,69,,,0,60,,24688,69,,,0,20,,24687,69,,,0,20,,24686,69,,,0,60,,24685,69,,,0,20,,24684,69,,,0,20,,24683,69,,,0,60,,24682,69,,,0,20,,24681,69,,,0,20,,24680,69,,,0,60,,24679,69,,,0,20,,24678,69,,,0,20,,24677,69,,,0,60,,24676,69,,,0,20,,24675,69,,,0,20,,24674,69,,,0,60,,24673,69,,,0,20,,24672,69,,,0,20,,24671,69,,,0,60,,24670,69,,,0,20,,24669,69,,,0,20,,24655,69,,,0,60,,24656,69,,,0,20,,24657,69,,,0,20,,24658,69,,,0,60,,24659,69,,,0,20,,24660,69,,,0,20,,24661,69,,,0,60,,24662,69,,,0,20,,24663,69,,,0,20,,24664,69,,,0,60,,24665,69,,,0,20,,24666,69,,,0,20,,24667,69,,,0,60,,24668,69,,,0,18,,24645,67,,,0,37,,24646,67,,,0,85,,24647,67,,,0,85,,24648,67,,,0,85,,24649,67,,,0,45,,24650,67,,,0,85,,24651,67,,,0,85,,24652,67,,,0,85,,24653,67,,,0
2000,'1353',641,,24740,69,,,0,60,,24739,69,,,0,20,,24738,69,,,0,20,,24737,69,,,0,60,,24736,69,,,0,20,,24735,69,,,0,20,,24734,69,,,0,60,,24733,69,,,0,20,,24732,69,,,0,20,,24731,69,,,0,60,,24730,69,,,0,20,,24729,69,,,0,20,,24728,69,,,0,60,,24727,69,,,0,20,,24726,69,,,0,20,,24725,69,,,0,60,,24724,69,,,0,20,,24723,69,,,0,20,,24722,69,,,0,60,,24721,69,,,0,20,,24720,69,,,0,20,,24719,69,,,0,60,,24718,69,,,0,20,,24717,69,,,0,20,,24703,69,,,0,60,,24704,69,,,0,20,,24705,69,,,0,20,,24706,69,,,0,60,,24707,69,,,0,20,,24708,69,,,0,20,,24709,69,,,0,60,,24710,69,,,0,20,,24711,69,,,0,20,,24712,69,,,0,60,,24713,69,,,0,20,,24714,69,,,0,20,,24715,69,,,0,60,,24716,69,,,0,18,,24693,67,,,0,37,,24694,67,,,0,85,,24695,67,,,0,85,,24696,67,,,0,85,,24697,67,,,0,45,,24698,67,,,0,85,,24699,67,,,0,85,,24700,67,,,0,85,,24701,67,,,0
2000,'1354',641,,24788,69,,,0,60,,24787,69,,,0,20,,24786,69,,,0,20,,24785,69,,,0,60,,24784,69,,,0,20,,24783,69,,,0,20,,24782,69,,,0,60,,24781,69,,,0,20,,24780,69,,,0,20,,24779,69,,,0,60,,24778,69,,,0,20,,24777,69,,,0,20,,24776,69,,,0,60,,24775,69,,,0,20,,24774,69,,,0,20,,24773,69,,,0,60,,24772,69,,,0,20,,24771,69,,,0,20,,24770,69,,,0,60,,24769,69,,,0,20,,24768,69,,,0,20,,24767,69,,,0,60,,24766,69,,,0,20,,24765,69,,,0,20,,24751,69,,,0,60,,24752,69,,,0,20,,24753,69,,,0,20,,24754,69,,,0,60,,24755,69,,,0,20,,24756,69,,,0,20,,24757,69,,,0,60,,24758,69,,,0,20,,24759,69,,,0,20,,24760,69,,,0,60,,24761,69,,,0,20,,24762,69,,,0,20,,24763,69,,,0,60,,24764,69,,,0,18,,24741,67,,,0,37,,24742,67,,,0,85,,24743,67,,,0,85,,24744,67,,,0,85,,24745,67,,,0,45,,24746,67,,,0,85,,24747,67,,,0,85,,24748,67,,,0,85,,24749,67,,,0
721403,'1348',958,,28094,36,0,15,0,150,,28093,36,0,15,0,110,,28092,36,0,15,0,110,,28091,36,0,15,0,110,,28090,36,0,15,0,110,,28097,36,0,15,0,110,,28096,36,0,15,0,150,,28095,36,0,15,0
721403,'1349',858,,28098,36,0,15,0,150,,28099,36,0,15,0,110,,28100,36,0,15,0,110,,28101,36,0,15,0,117,,28102,36,0,15,0,155,,28103,36,0,15,0,45,,28104,36,0,15,0,85,,28105,36,0,15,0,85,,28106,36,0,15,0,85,,28107,36,0,15,0,45,,28108,36,0,15,0,85,,28109,36,0,15,0,85,,28110,36,0,15,0
721403,'1350',730,,28111,36,0,15,0,100,,28112,36,0,15,0,85,,28113,36,0,15,0,85,,28114,36,0,15,0,45,,28115,36,0,15,0,85,,28116,36,0,15,0,85,,28117,36,0,15,0,85,,28118,36,0,15,0,45,,28119,36,0,15,0,85,,28120,36,0,15,0,85,,28121,36,0,15,0,85,,28122,36,0,15,0,45,,28123,36,0,15,0,85,,28124,36,0,15,0,85,,28125,36,0,15,0,85,,28126,36,0,15,0,45,,28127,36,0,15,0,85,,28128,36,0,15,0,85,,28129,36,0,15,0,85,,28130,36,0,15,0
721403,'1351',730,,28131,36,0,15,0,100,,28132,36,0,15,0,85,,28133,36,0,15,0,85,,28134,36,0,15,0,45,,28135,36,0,15,0,85,,28136,36,0,15,0,85,,28137,36,0,15,0,85,,28138,36,0,15,0,45,,28139,36,0,15,0,85,,28140,36,0,15,0,85,,28141,36,0,15,0,85,,28142,36,0,15,0,45,,28143,36,0,15,0,85,,28144,36,0,15,0,85,,28145,36,0,15,0,85,,28146,36,0,15,0,45,,28147,36,0,15,0,85,,28148,36,0,15,0,85,,28149,36,0,15,0,85,,28150,36,0,15,0
721403,'1352',730,,28151,36,0,15,0,100,,28152,36,0,15,0,85,,28153,36,0,15,0,85,,28154,36,0,15,0,45,,28155,36,0,15,0,85,,28156,36,0,15,0,85,,28157,36,0,15,0,85,,28158,36,0,15,0,45,,28159,36,0,15,0,85,,28160,36,0,15,0,85,,28161,36,0,15,0,85,,28162,36,0,15,0,45,,28163,36,0,15,0,85,,28164,36,0,15,0,85,,28165,36,0,15,0,85,,28166,36,0,15,0,45,,28167,36,0,15,0,85,,28168,36,0,15,0,85,,28169,36,0,15,0,85,,28170,36,0,15,0
721403,'1353',730,,28171,36,0,15,0,100,,28172,36,0,15,0,85,,28173,36,0,15,0,85,,28174,36,0,15,0,45,,28175,36,0,15,0,85,,28176,36,0,15,0,85,,28177,36,0,15,0,85,,28178,36,0,15,0,45,,28179,36,0,15,0,85,,28180,36,0,15,0,85,,28181,36,0,15,0,85,,28182,36,0,15,0,45,,28183,36,0,15,0,85,,28184,36,0,15,0,85,,28185,36,0,15,0,85,,28186,36,0,15,0,45,,28187,36,0,15,0,85,,28188,36,0,15,0,85,,28189,36,0,15,0,85,,28190,36,0,15,0
721403,'1354',730,,28191,36,0,15,0,100,,28192,36,0,15,0,85,,28193,36,0,15,0,85,,28194,36,0,15,0,45,,28195,36,0,15,0,85,,28196,36,0,15,0,85,,28197,36,0,15,0,85,,28198,36,0,15,0,45,,28199,36,0,15,0,85,,28200,36,0,15,0,85,,28201,36,0,15,0,85,,28202,36,0,15,0,45,,28203,36,0,15,0,85,,28204,36,0,15,0,85,,28205,36,0,15,0,85,,28206,36,0,15,0,45,,28207,36,0,15,0,85,,28208,36,0,15,0,85,,28209,36,0,15,0,85,,28210,36,0,15,0
