1900,'1355',926,,31299,46,,,0,100,,31298,46,,,0,100,,31297,46,,,0,100,,31296,46,,,0,100,,31295,46,,,0,100,,31294,46,,,0,100,,31293,46,,,0,100,,31292,46,,,0,100,,31291,46,,,0,100,,31290,46,,,0,100,,31289,46,,,0,100,,31288,46,,,0
1900,'1356',826,,31300,46,,,0,100,,31301,46,,,0,100,,31302,46,,,0,30,,31303,46,,,0,70,,31304,46,,,0,30,,31305,46,,,0,70,,31306,46,,,0,30,,31307,46,,,0,70,,31308,46,,,0,30,,31309,46,,,0,70,,31310,46,,,0,30,,31311,46,,,0,70,,31312,46,,,0,30,,31313,46,,,0,70,,31314,46,,,0,30,,31315,46,,,0,70,,31316,46,,,0,30,,31317,46,,,0,70,,31318,46,,,0,30,,31319,46,,,0,70,,31320,46,,,0,30,,31321,46,,,0,70,,31322,46,,,0,100,,31323,46,,,0,100,,31324,46,,,0,100,,31325,46,,,0
1900,'1357',626,,31326,46,,,0,30,,31327,46,,,0,70,,31328,46,,,0,30,,31329,46,,,0,70,,31330,46,,,0,30,,31331,46,,,0,70,,31332,46,,,0,30,,31333,46,,,0,70,,31334,46,,,0,30,,31335,46,,,0,70,,31336,46,,,0,30,,31337,46,,,0,70,,31338,46,,,0,30,,31339,46,,,0,70,,31340,46,,,0,30,,31341,46,,,0,70,,31342,46,,,0,30,,31343,46,,,0,70,,31344,46,,,0,30,,31345,46,,,0,70,,31346,46,,,0,30,,31347,46,,,0,70,,31348,46,,,0,30,,31349,46,,,0,70,,31350,46,,,0,30,,31351,46,,,0,70,,31352,46,,,0,30,,31353,46,,,0,70,,31354,46,,,0,30,,31355,46,,,0,70,,31356,46,,,0,30,,31357,46,,,0,100,,31358,46,,,0,100,,31359,46,,,0
1900,'1358',626,,31360,46,,,0,30,,31361,46,,,0,70,,31362,46,,,0,30,,31363,46,,,0,70,,31364,46,,,0,30,,31365,46,,,0,70,,31366,46,,,0,30,,31367,46,,,0,70,,31368,46,,,0,30,,31369,46,,,0,70,,31370,46,,,0,30,,31371,46,,,0,70,,31372,46,,,0,30,,31373,46,,,0,70,,31374,46,,,0,30,,31375,46,,,0,70,,31376,46,,,0,30,,31377,46,,,0,70,,31378,46,,,0,30,,31379,46,,,0,70,,31380,46,,,0,30,,31381,46,,,0,70,,31382,46,,,0,30,,31383,46,,,0,70,,31384,46,,,0,30,,31385,46,,,0,70,,31386,46,,,0,30,,31387,46,,,0,70,,31388,46,,,0,30,,31389,46,,,0,70,,31390,46,,,0,30,,31391,46,,,0,100,,31392,46,,,0,100,,31393,46,,,0
1900,'1359',626,,31394,46,,,0,30,,31395,46,,,0,70,,31396,46,,,0,30,,31397,46,,,0,70,,31398,46,,,0,30,,31399,46,,,0,70,,31400,46,,,0,30,,31401,46,,,0,70,,31402,46,,,0,30,,31403,46,,,0,70,,31404,46,,,0,30,,31405,46,,,0,70,,31406,46,,,0,30,,31407,46,,,0,70,,31408,46,,,0,30,,31409,46,,,0,70,,31410,46,,,0,30,,31411,46,,,0,70,,31412,46,,,0,30,,31413,46,,,0,70,,31414,46,,,0,30,,31415,46,,,0,70,,31416,46,,,0,30,,31417,46,,,0,70,,31418,46,,,0,30,,31419,46,,,0,70,,31420,46,,,0,30,,31421,46,,,0,70,,31422,46,,,0,30,,31423,46,,,0,70,,31424,46,,,0,30,,31425,46,,,0,100,,31426,46,,,0,100,,31427,46,,,0
1900,'1360',626,,31428,46,,,0,30,,31429,46,,,0,70,,31430,46,,,0,30,,31431,46,,,0,70,,31432,46,,,0,30,,31433,46,,,0,70,,31434,46,,,0,30,,31435,46,,,0,70,,31436,46,,,0,30,,31437,46,,,0,70,,31438,46,,,0,30,,31439,46,,,0,70,,31440,46,,,0,30,,31441,46,,,0,70,,31442,46,,,0,30,,31443,46,,,0,70,,31444,46,,,0,30,,31445,46,,,0,70,,31446,46,,,0,30,,31447,46,,,0,70,,31448,46,,,0,30,,31449,46,,,0,70,,31450,46,,,0,30,,31451,46,,,0,70,,31452,46,,,0,30,,31453,46,,,0,70,,31454,46,,,0,30,,31455,46,,,0,70,,31456,46,,,0,30,,31457,46,,,0,70,,31458,46,,,0,30,,31459,46,,,0,100,,31460,46,,,0,100,,31461,46,,,0
1900,'1361',626,,31462,46,,,0,30,,31463,46,,,0,70,,31464,46,,,0,30,,31465,46,,,0,70,,31466,46,,,0,30,,31467,46,,,0,70,,31468,46,,,0,30,,31469,46,,,0,70,,31470,46,,,0,30,,31471,46,,,0,70,,31472,46,,,0,30,,31473,46,,,0,70,,31474,46,,,0,30,,31475,46,,,0,70,,31476,46,,,0,30,,31477,46,,,0,70,,31478,46,,,0,30,,31479,46,,,0,70,,31480,46,,,0,30,,31481,46,,,0,70,,31482,46,,,0,30,,31483,46,,,0,70,,31484,46,,,0,30,,31485,46,,,0,70,,31486,46,,,0,30,,31487,46,,,0,70,,31488,46,,,0,30,,31489,46,,,0,70,,31490,46,,,0,30,,31491,46,,,0,70,,31492,46,,,0,30,,31493,46,,,0,100,,31494,46,,,0,100,,31495,46,,,0
721403,'1355',1002,,35299,39,0,15,0,110,,35298,39,0,15,0,110,,35297,39,0,15,0,110,,35296,39,0,15,0,110,,35295,39,0,15,0,110,,35294,39,0,15,0,150,,35293,39,0,15,0,110,,35292,39,0,15,0
721403,'1356',901,,35300,39,0,15,0,110,,35301,39,0,15,0,110,,35302,39,0,15,0,110,,35303,39,0,15,0,117,,35304,39,0,15,0,155,,35305,39,0,15,0,45,,35306,39,0,15,0,85,,35307,39,0,15,0,85,,35308,39,0,15,0,85,,35309,39,0,15,0,45,,35310,39,0,15,0,85,,35311,39,0,15,0,85,,35312,39,0,15,0
721403,'1357',733,,35313,39,0,15,0,100,,35314,39,0,15,0,85,,35315,39,0,15,0,85,,35316,39,0,15,0,45,,35317,39,0,15,0,85,,35318,39,0,15,0,85,,35319,39,0,15,0,85,,35320,39,0,15,0,45,,35321,39,0,15,0,85,,35322,39,0,15,0,85,,35323,39,0,15,0,85,,35324,39,0,15,0,45,,35325,39,0,15,0,85,,35326,39,0,15,0,85,,35327,39,0,15,0,85,,35328,39,0,15,0,45,,35329,39,0,15,0,85,,35330,39,0,15,0,85,,35331,39,0,15,0,85,,35332,39,0,15,0
721403,'1358',733,,35333,39,0,15,0,100,,35334,39,0,15,0,85,,35335,39,0,15,0,85,,35336,39,0,15,0,45,,35337,39,0,15,0,85,,35338,39,0,15,0,85,,35339,39,0,15,0,85,,35340,39,0,15,0,45,,35341,39,0,15,0,85,,35342,39,0,15,0,85,,35343,39,0,15,0,85,,35344,39,0,15,0,45,,35345,39,0,15,0,85,,35346,39,0,15,0,85,,35347,39,0,15,0,85,,35348,39,0,15,0,45,,35349,39,0,15,0,85,,35350,39,0,15,0,85,,35351,39,0,15,0,85,,35352,39,0,15,0
721403,'1359',733,,35353,39,0,15,0,100,,35354,39,0,15,0,85,,35355,39,0,15,0,85,,35356,39,0,15,0,45,,35357,39,0,15,0,85,,35358,39,0,15,0,85,,35359,39,0,15,0,85,,35360,39,0,15,0,45,,35361,39,0,15,0,85,,35362,39,0,15,0,85,,35363,39,0,15,0,85,,35364,39,0,15,0,45,,35365,39,0,15,0,85,,35366,39,0,15,0,85,,35367,39,0,15,0,85,,35368,39,0,15,0,45,,35369,39,0,15,0,85,,35370,39,0,15,0,85,,35371,39,0,15,0,85,,35372,39,0,15,0
721403,'1360',733,,35373,39,0,15,0,100,,35374,39,0,15,0,85,,35375,39,0,15,0,85,,35376,39,0,15,0,45,,35377,39,0,15,0,85,,35378,39,0,15,0,85,,35379,39,0,15,0,85,,35380,39,0,15,0,45,,35381,39,0,15,0,85,,35382,39,0,15,0,85,,35383,39,0,15,0,85,,35384,39,0,15,0,45,,35385,39,0,15,0,85,,35386,39,0,15,0,85,,35387,39,0,15,0,85,,35388,39,0,15,0,45,,35389,39,0,15,0,85,,35390,39,0,15,0,85,,35391,39,0,15,0,85,,35392,39,0,15,0
721403,'1361',733,,35393,39,0,15,0,100,,35394,39,0,15,0,85,,35395,39,0,15,0,85,,35396,39,0,15,0,45,,35397,39,0,15,0,85,,35398,39,0,15,0,85,,35399,39,0,15,0,85,,35400,39,0,15,0,45,,35401,39,0,15,0,85,,35402,39,0,15,0,85,,35403,39,0,15,0,85,,35404,39,0,15,0,45,,35405,39,0,15,0,85,,35406,39,0,15,0,85,,35407,39,0,15,0,85,,35408,39,0,15,0,45,,35409,39,0,15,0,85,,35410,39,0,15,0,85,,35411,39,0,15,0,85,,35412,39,0,15,0
