1900,'1348',939,,24095,62,,,0,100,,24094,62,,,0,100,,24093,62,,,0,100,,24092,62,,,0,100,,24091,62,,,0,100,,24090,62,,,0,100,,24089,62,,,0,100,,24088,62,,,0,100,,24097,62,,,0,100,,24096,62,,,0,100,,24086,62,,,0,100,,24087,62,,,0
1900,'1349',839,,24098,62,,,0,100,,24099,62,,,0,100,,24100,62,,,0,70,,24101,62,,,0,30,,24102,62,,,0,70,,24103,62,,,0,30,,24104,62,,,0,70,,24105,62,,,0,30,,24106,62,,,0,70,,24107,62,,,0,30,,24108,62,,,0,70,,24109,62,,,0,30,,24110,62,,,0,70,,24111,62,,,0,30,,24112,62,,,0,70,,24113,62,,,0,30,,24114,62,,,0,70,,24115,62,,,0,30,,24116,62,,,0,70,,24117,62,,,0,30,,24118,62,,,0,70,,24119,62,,,0,30,,24120,62,,,0,100,,24121,62,,,0,100,,24122,62,,,0,100,,24123,62,,,0
1900,'1350',639,,24124,62,,,0,70,,24125,62,,,0,30,,24126,62,,,0,70,,24127,62,,,0,30,,24128,62,,,0,70,,24129,62,,,0,30,,24130,62,,,0,70,,24131,62,,,0,30,,24132,62,,,0,70,,24133,62,,,0,30,,24134,62,,,0,70,,24135,62,,,0,30,,24136,62,,,0,70,,24137,62,,,0,30,,24138,62,,,0,70,,24139,62,,,0,30,,24140,62,,,0,70,,24141,62,,,0,30,,24142,62,,,0,70,,24143,62,,,0,30,,24144,62,,,0,70,,24145,62,,,0,30,,24146,62,,,0,70,,24147,62,,,0,30,,24148,62,,,0,70,,24149,62,,,0,30,,24150,62,,,0,70,,24151,62,,,0,30,,24152,62,,,0,70,,24153,62,,,0,30,,24154,62,,,0,70,,24155,62,,,0,100,,24156,62,,,0,100,,24157,62,,,0
1900,'1351',639,,24158,62,,,0,70,,24159,62,,,0,30,,24160,62,,,0,70,,24161,62,,,0,30,,24162,62,,,0,70,,24163,62,,,0,30,,24164,62,,,0,70,,24165,62,,,0,30,,24166,62,,,0,70,,24167,62,,,0,30,,24168,62,,,0,70,,24169,62,,,0,30,,24170,62,,,0,70,,24171,62,,,0,30,,24172,62,,,0,70,,24173,62,,,0,30,,24174,62,,,0,70,,24175,62,,,0,30,,24176,62,,,0,70,,24177,62,,,0,30,,24178,62,,,0,70,,24179,62,,,0,30,,24180,62,,,0,70,,24181,62,,,0,30,,24182,62,,,0,70,,24183,62,,,0,30,,24184,62,,,0,70,,24185,62,,,0,30,,24186,62,,,0,70,,24187,62,,,0,30,,24188,62,,,0,70,,24189,62,,,0,100,,24190,62,,,0,100,,24191,62,,,0
1900,'1352',639,,24192,62,,,0,70,,24193,62,,,0,30,,24194,62,,,0,70,,24195,62,,,0,30,,24196,62,,,0,70,,24197,62,,,0,30,,24198,62,,,0,70,,24199,62,,,0,30,,24200,62,,,0,70,,24201,62,,,0,30,,24202,62,,,0,70,,24203,62,,,0,30,,24204,62,,,0,70,,24205,62,,,0,30,,24206,62,,,0,70,,24207,62,,,0,30,,24208,62,,,0,70,,24209,62,,,0,30,,24210,62,,,0,70,,24211,62,,,0,30,,24212,62,,,0,70,,24213,62,,,0,30,,24214,62,,,0,70,,24215,62,,,0,30,,24216,62,,,0,70,,24217,62,,,0,30,,24218,62,,,0,70,,24219,62,,,0,30,,24220,62,,,0,70,,24221,62,,,0,30,,24222,62,,,0,70,,24223,62,,,0,100,,24224,62,,,0,100,,24225,62,,,0
1900,'1353',639,,24226,62,,,0,70,,24227,62,,,0,30,,24228,62,,,0,70,,24229,62,,,0,30,,24230,62,,,0,70,,24231,62,,,0,30,,24232,62,,,0,70,,24233,62,,,0,30,,24234,62,,,0,70,,24235,62,,,0,30,,24236,62,,,0,70,,24237,62,,,0,30,,24238,62,,,0,70,,24239,62,,,0,30,,24240,62,,,0,70,,24241,62,,,0,30,,24242,62,,,0,70,,24243,62,,,0,30,,24244,62,,,0,70,,24245,62,,,0,30,,24246,62,,,0,70,,24247,62,,,0,30,,24248,62,,,0,70,,24249,62,,,0,30,,24250,62,,,0,70,,24251,62,,,0,30,,24252,62,,,0,70,,24253,62,,,0,30,,24254,62,,,0,70,,24255,62,,,0,30,,24256,62,,,0,70,,24257,62,,,0,100,,24258,62,,,0,100,,24259,62,,,0
1900,'1354',639,,24260,62,,,0,70,,24261,62,,,0,30,,24262,62,,,0,70,,24263,62,,,0,30,,24264,62,,,0,70,,24265,62,,,0,30,,24266,62,,,0,70,,24267,62,,,0,30,,24268,62,,,0,70,,24269,62,,,0,30,,24270,62,,,0,70,,24271,62,,,0,30,,24272,62,,,0,70,,24273,62,,,0,30,,24274,62,,,0,70,,24275,62,,,0,30,,24276,62,,,0,70,,24277,62,,,0,30,,24278,62,,,0,70,,24279,62,,,0,30,,24280,62,,,0,70,,24281,62,,,0,30,,24282,62,,,0,70,,24283,62,,,0,30,,24284,62,,,0,70,,24285,62,,,0,30,,24286,62,,,0,70,,24287,62,,,0,30,,24288,62,,,0,70,,24289,62,,,0,30,,24290,62,,,0,70,,24291,62,,,0,100,,24292,62,,,0,100,,24293,62,,,0
552201,'1350',701,,25989,10,0,9,0,30,,25990,10,0,9,0,70,,25991,10,0,9,0,30,,25992,10,0,9,0,70,,25993,10,0,9,0,30,,25994,10,0,9,0,70,,25995,10,0,9,0,30,,25996,10,0,9,0,70,,25997,10,0,9,0,30,,25998,10,0,9,0,70,,25999,10,0,9,0,30,,26000,10,0,9,0,70,,26001,10,0,9,0,30,,26002,10,0,9,0,70,,26003,10,0,9,0,30,,26004,10,0,9,0,70,,26005,10,0,9,0,30,,26006,10,0,9,0,70,,26007,10,0,9,0,30,,26008,10,0,9,0,70,,26009,10,0,9,0,30,,26010,10,0,9,0,70,,26011,10,0,9,0
552201,'1351',701,,26012,10,0,9,0,30,,26013,10,0,9,0,70,,26014,10,0,9,0,30,,26015,10,0,9,0,70,,26016,10,0,9,0,30,,26017,10,0,9,0,70,,26018,10,0,9,0,30,,26019,10,0,9,0,70,,26020,10,0,9,0,30,,26021,10,0,9,0,70,,26022,10,0,9,0,30,,26023,10,0,9,0,70,,26024,10,0,9,0,30,,26025,10,0,9,0,70,,26026,10,0,9,0,30,,26027,10,0,9,0,70,,26028,10,0,9,0,30,,26029,10,0,9,0,70,,26030,10,0,9,0,30,,26031,10,0,9,0,70,,26032,10,0,9,0,30,,26033,10,0,9,0,70,,26034,10,0,9,0
552201,'1352',701,,26035,10,0,9,0,30,,26036,10,0,9,0,70,,26037,10,0,9,0,30,,26038,10,0,9,0,70,,26039,10,0,9,0,30,,26040,10,0,9,0,70,,26041,10,0,9,0,30,,26042,10,0,9,0,70,,26043,10,0,9,0,30,,26044,10,0,9,0,70,,26045,10,0,9,0,30,,26046,10,0,9,0,70,,26047,10,0,9,0,30,,26048,10,0,9,0,70,,26049,10,0,9,0,30,,26050,10,0,9,0,70,,26051,10,0,9,0,30,,26052,10,0,9,0,70,,26053,10,0,9,0,30,,26054,10,0,9,0,70,,26055,10,0,9,0,30,,26056,10,0,9,0,70,,26057,10,0,9,0
552201,'1353',701,,26058,10,0,9,0,30,,26059,10,0,9,0,70,,26060,10,0,9,0,30,,26061,10,0,9,0,70,,26062,10,0,9,0,30,,26063,10,0,9,0,70,,26064,10,0,9,0,30,,26065,10,0,9,0,70,,26066,10,0,9,0,30,,26067,10,0,9,0,70,,26068,10,0,9,0,30,,26069,10,0,9,0,70,,26070,10,0,9,0,30,,26071,10,0,9,0,70,,26072,10,0,9,0,30,,26073,10,0,9,0,70,,26074,10,0,9,0,30,,26075,10,0,9,0,70,,26076,10,0,9,0,30,,26077,10,0,9,0,70,,26078,10,0,9,0,30,,26079,10,0,9,0,70,,26080,10,0,9,0
552201,'1354',701,,26081,10,0,9,0,30,,26082,10,0,9,0,70,,26083,10,0,9,0,30,,26084,10,0,9,0,70,,26085,10,0,9,0,30,,26086,10,0,9,0,70,,26087,10,0,9,0,30,,26088,10,0,9,0,70,,26089,10,0,9,0,30,,26090,10,0,9,0,70,,26091,10,0,9,0,30,,26092,10,0,9,0,70,,26093,10,0,9,0,30,,26094,10,0,9,0,70,,26095,10,0,9,0,30,,26096,10,0,9,0,70,,26097,10,0,9,0,30,,26098,10,0,9,0,70,,26099,10,0,9,0,30,,26100,10,0,9,0,70,,26101,10,0,9,0,30,,26102,10,0,9,0,70,,26103,10,0,9,0
