721303,'1355',840,,34791,6,0,15,0,80,,34790,6,0,15,0,80,,34789,6,0,15,0,40,,34788,6,0,15,0,80,,34787,6,0,15,0,80,,34786,6,0,15,0,40,,34785,6,0,15,0,80,,34784,6,0,15,0,80,,34783,6,0,15,0,40,,34782,6,0,15,0,80,,34781,6,0,15,0,80,,34780,6,0,15,0,40,,34779,6,0,15,0,80,,34778,6,0,15,0,80,,34777,6,0,15,0,40,,34776,6,0,15,0,80,,34775,6,0,15,0,80,,34774,6,0,15,0
721303,'1356',640,,34792,6,0,15,0,80,,34793,6,0,15,0,80,,34794,6,0,15,0,40,,34795,6,0,15,0,80,,34796,6,0,15,0,80,,34797,6,0,15,0,40,,34798,6,0,15,0,80,,34799,6,0,15,0,80,,34800,6,0,15,0,20,,34801,6,0,15,0,20,,34802,6,0,15,0,60,,34803,6,0,15,0,20,,34804,6,0,15,0,20,,34805,6,0,15,0,60,,34806,6,0,15,0,20,,34807,6,0,15,0,20,,34808,6,0,15,0,60,,34809,6,0,15,0,20,,34810,6,0,15,0,20,,34811,6,0,15,0,60,,34812,6,0,15,0,20,,34813,6,0,15,0,20,,34814,6,0,15,0,60,,34815,6,0,15,0,20,,34816,6,0,15,0,20,,34817,6,0,15,0,60,,34818,6,0,15,0,20,,34819,6,0,15,0,20,,34820,6,0,15,0,80,,34821,6,0,15,0,80,,34822,6,0,15,0,40,,34823,6,0,15,0,80,,34824,6,0,15,0,80,,34825,6,0,15,0,40,,34826,6,0,15,0,80,,34827,6,0,15,0
721303,'1357',615,,34835,6,0,15,0,85,,34836,6,0,15,0,20,,34837,6,0,15,0,25,,34838,6,0,15,0,60,,34839,6,0,15,0,25,,34840,6,0,15,0,20,,34841,6,0,15,0,65,,34842,6,0,15,0,20,,34843,6,0,15,0,65,,34844,6,0,15,0,20,,34845,6,0,15,0,25,,34846,6,0,15,0,60,,34847,6,0,15,0,25,,34848,6,0,15,0,20,,34849,6,0,15,0,65,,34850,6,0,15,0,20,,34851,6,0,15,0,65,,34852,6,0,15,0,20,,34853,6,0,15,0,25,,34854,6,0,15,0,60,,34855,6,0,15,0,25,,34856,6,0,15,0,20,,34857,6,0,15,0,65,,34858,6,0,15,0,20,,34859,6,0,15,0,65,,34860,6,0,15,0,20,,34861,6,0,15,0,25,,34862,6,0,15,0,60,,34863,6,0,15,0,25,,34864,6,0,15,0,20,,34865,6,0,15,0,65,,34866,6,0,15,0,20,,34867,6,0,15,0,69,,34868,6,0,15,0,36,,34828,6,0,15,0,80,,34829,6,0,15,0,80,,34830,6,0,15,0,40,,34831,6,0,15,0,80,,34832,6,0,15,0,80,,34833,6,0,15,0,40,,34834,6,0,15,0
721303,'1358',615,,34876,6,0,15,0,85,,34877,6,0,15,0,20,,34878,6,0,15,0,25,,34879,6,0,15,0,60,,34880,6,0,15,0,25,,34881,6,0,15,0,20,,34882,6,0,15,0,65,,34883,6,0,15,0,20,,34884,6,0,15,0,65,,34885,6,0,15,0,20,,34886,6,0,15,0,25,,34887,6,0,15,0,60,,34888,6,0,15,0,25,,34889,6,0,15,0,20,,34890,6,0,15,0,65,,34891,6,0,15,0,20,,34892,6,0,15,0,65,,34893,6,0,15,0,20,,34894,6,0,15,0,25,,34895,6,0,15,0,60,,34896,6,0,15,0,25,,34897,6,0,15,0,20,,34898,6,0,15,0,65,,34899,6,0,15,0,20,,34900,6,0,15,0,65,,34901,6,0,15,0,20,,34902,6,0,15,0,25,,34903,6,0,15,0,60,,34904,6,0,15,0,25,,34905,6,0,15,0,20,,34906,6,0,15,0,65,,34907,6,0,15,0,20,,34908,6,0,15,0,69,,34909,6,0,15,0,36,,34869,6,0,15,0,80,,34870,6,0,15,0,80,,34871,6,0,15,0,40,,34872,6,0,15,0,80,,34873,6,0,15,0,80,,34874,6,0,15,0,40,,34875,6,0,15,0
721303,'1359',615,,34917,6,0,15,0,85,,34918,6,0,15,0,20,,34919,6,0,15,0,25,,34920,6,0,15,0,60,,34921,6,0,15,0,25,,34922,6,0,15,0,20,,34923,6,0,15,0,65,,34924,6,0,15,0,20,,34925,6,0,15,0,65,,34926,6,0,15,0,20,,34927,6,0,15,0,25,,34928,6,0,15,0,60,,34929,6,0,15,0,25,,34930,6,0,15,0,20,,34931,6,0,15,0,65,,34932,6,0,15,0,20,,34933,6,0,15,0,65,,34934,6,0,15,0,20,,34935,6,0,15,0,25,,34936,6,0,15,0,60,,34937,6,0,15,0,25,,34938,6,0,15,0,20,,34939,6,0,15,0,65,,34940,6,0,15,0,20,,34941,6,0,15,0,65,,34942,6,0,15,0,20,,34943,6,0,15,0,25,,34944,6,0,15,0,60,,34945,6,0,15,0,25,,34946,6,0,15,0,20,,34947,6,0,15,0,65,,34948,6,0,15,0,20,,34949,6,0,15,0,69,,34950,6,0,15,0,36,,34910,6,0,15,0,80,,34911,6,0,15,0,80,,34912,6,0,15,0,40,,34913,6,0,15,0,80,,34914,6,0,15,0,80,,34915,6,0,15,0,40,,34916,6,0,15,0
721303,'1360',615,,34958,6,0,15,0,85,,34959,6,0,15,0,20,,34960,6,0,15,0,25,,34961,6,0,15,0,60,,34962,6,0,15,0,25,,34963,6,0,15,0,20,,34964,6,0,15,0,65,,34965,6,0,15,0,20,,34966,6,0,15,0,65,,34967,6,0,15,0,20,,34968,6,0,15,0,25,,34969,6,0,15,0,60,,34970,6,0,15,0,25,,34971,6,0,15,0,20,,34972,6,0,15,0,65,,34973,6,0,15,0,20,,34974,6,0,15,0,65,,34975,6,0,15,0,20,,34976,6,0,15,0,25,,34977,6,0,15,0,60,,34978,6,0,15,0,25,,34979,6,0,15,0,20,,34980,6,0,15,0,65,,34981,6,0,15,0,20,,34982,6,0,15,0,65,,34983,6,0,15,0,20,,34984,6,0,15,0,25,,34985,6,0,15,0,60,,34986,6,0,15,0,25,,34987,6,0,15,0,20,,34988,6,0,15,0,65,,34989,6,0,15,0,20,,34990,6,0,15,0,69,,34991,6,0,15,0,36,,34951,6,0,15,0,80,,34952,6,0,15,0,80,,34953,6,0,15,0,40,,34954,6,0,15,0,80,,34955,6,0,15,0,80,,34956,6,0,15,0,40,,34957,6,0,15,0
721303,'1361',615,,34999,6,0,15,0,85,,35000,6,0,15,0,20,,35001,6,0,15,0,25,,35002,6,0,15,0,60,,35003,6,0,15,0,25,,35004,6,0,15,0,20,,35005,6,0,15,0,65,,35006,6,0,15,0,20,,35007,6,0,15,0,65,,35008,6,0,15,0,20,,35009,6,0,15,0,25,,35010,6,0,15,0,60,,35011,6,0,15,0,25,,35012,6,0,15,0,20,,35013,6,0,15,0,65,,35014,6,0,15,0,20,,35015,6,0,15,0,65,,35016,6,0,15,0,20,,35017,6,0,15,0,25,,35018,6,0,15,0,60,,35019,6,0,15,0,25,,35020,6,0,15,0,20,,35021,6,0,15,0,65,,35022,6,0,15,0,20,,35023,6,0,15,0,65,,35024,6,0,15,0,20,,35025,6,0,15,0,25,,35026,6,0,15,0,60,,35027,6,0,15,0,25,,35028,6,0,15,0,20,,35029,6,0,15,0,65,,35030,6,0,15,0,20,,35031,6,0,15,0,69,,35032,6,0,15,0,36,,34992,6,0,15,0,80,,34993,6,0,15,0,80,,34994,6,0,15,0,40,,34995,6,0,15,0,80,,34996,6,0,15,0,80,,34997,6,0,15,0,40,,34998,6,0,15,0
721502,'1357',722,,35734,4,0,16,0
721502,'1358',722,,35763,4,0,16,0
721502,'1359',722,,35792,4,0,16,0
721502,'1360',722,,35821,4,0,16,0
721502,'1361',722,,35850,4,0,16,0
