721501,'1341',957,,21136,51,0,17,0,100,,21135,51,0,17,0,100,,21134,51,0,17,0,100,,21133,51,0,17,0,100,,21132,51,0,17,0,100,,21131,51,0,17,0,100,,21130,51,0,17,0,100,,21140,51,0,17,0,100,,21139,51,0,17,0,100,,21138,51,0,17,0,100,,21137,51,0,17,0
721501,'1342',757,,21141,51,0,17,0,100,,21142,51,0,17,0,100,,21143,51,0,17,0,100,,21144,51,0,17,0,100,,21145,51,0,17,0,100,,21146,51,0,17,0,70,,21147,51,0,17,0,30,,21148,51,0,17,0,70,,21149,51,0,17,0,30,,21150,51,0,17,0,70,,21151,51,0,17,0,30,,21152,51,0,17,0,70,,21153,51,0,17,0,30,,21154,51,0,17,0,70,,21155,51,0,17,0,30,,21156,51,0,17,0,70,,21157,51,0,17,0,30,,21158,51,0,17,0,100,,21159,51,0,17,0
721501,'1343',757,,21160,51,0,17,0,70,,21161,51,0,17,0,30,,21162,51,0,17,0,70,,21163,51,0,17,0,30,,21164,51,0,17,0,70,,21165,51,0,17,0,30,,21166,51,0,17,0,70,,21167,51,0,17,0,30,,21168,51,0,17,0,70,,21169,51,0,17,0,30,,21170,51,0,17,0,70,,21171,51,0,17,0,30,,21172,51,0,17,0,70,,21173,51,0,17,0,30,,21174,51,0,17,0,70,,21175,51,0,17,0,30,,21176,51,0,17,0,70,,21177,51,0,17,0,30,,21178,51,0,17,0,70,,21179,51,0,17,0,30,,21180,51,0,17,0,70,,21181,51,0,17,0,30,,21182,51,0,17,0,70,,21183,51,0,17,0,30,,21184,51,0,17,0,100,,21185,51,0,17,0,100,,21186,51,0,17,0,100,,21187,51,0,17,0
721501,'1344',757,,21188,51,0,17,0,70,,21189,51,0,17,0,30,,21190,51,0,17,0,70,,21191,51,0,17,0,30,,21192,51,0,17,0,70,,21193,51,0,17,0,30,,21194,51,0,17,0,70,,21195,51,0,17,0,30,,21196,51,0,17,0,70,,21197,51,0,17,0,30,,21198,51,0,17,0,70,,21199,51,0,17,0,30,,21200,51,0,17,0,70,,21201,51,0,17,0,30,,21202,51,0,17,0,70,,21203,51,0,17,0,30,,21204,51,0,17,0,70,,21205,51,0,17,0,30,,21206,51,0,17,0,70,,21207,51,0,17,0,30,,21208,51,0,17,0,70,,21209,51,0,17,0,30,,21210,51,0,17,0,70,,21211,51,0,17,0,30,,21212,51,0,17,0,100,,21213,51,0,17,0,100,,21214,51,0,17,0,100,,21215,51,0,17,0
721501,'1345',757,,21216,51,0,17,0,70,,21217,51,0,17,0,30,,21218,51,0,17,0,70,,21219,51,0,17,0,30,,21220,51,0,17,0,70,,21221,51,0,17,0,30,,21222,51,0,17,0,70,,21223,51,0,17,0,30,,21224,51,0,17,0,70,,21225,51,0,17,0,30,,21226,51,0,17,0,70,,21227,51,0,17,0,30,,21228,51,0,17,0,70,,21229,51,0,17,0,30,,21230,51,0,17,0,70,,21231,51,0,17,0,30,,21232,51,0,17,0,70,,21233,51,0,17,0,30,,21234,51,0,17,0,70,,21235,51,0,17,0,30,,21236,51,0,17,0,70,,21237,51,0,17,0,30,,21238,51,0,17,0,70,,21239,51,0,17,0,30,,21240,51,0,17,0,100,,21241,51,0,17,0,100,,21242,51,0,17,0,100,,21243,51,0,17,0
721501,'1346',757,,21244,51,0,17,0,70,,21245,51,0,17,0,30,,21246,51,0,17,0,70,,21247,51,0,17,0,30,,21248,51,0,17,0,70,,21249,51,0,17,0,30,,21250,51,0,17,0,70,,21251,51,0,17,0,30,,21252,51,0,17,0,70,,21253,51,0,17,0,30,,21254,51,0,17,0,70,,21255,51,0,17,0,30,,21256,51,0,17,0,70,,21257,51,0,17,0,30,,21258,51,0,17,0,70,,21259,51,0,17,0,30,,21260,51,0,17,0,70,,21261,51,0,17,0,30,,21262,51,0,17,0,70,,21263,51,0,17,0,30,,21264,51,0,17,0,70,,21265,51,0,17,0,30,,21266,51,0,17,0,70,,21267,51,0,17,0,30,,21268,51,0,17,0,100,,21269,51,0,17,0,100,,21270,51,0,17,0,100,,21271,51,0,17,0
721501,'1347',757,,21272,51,0,17,0,70,,21273,51,0,17,0,30,,21274,51,0,17,0,70,,21275,51,0,17,0,30,,21276,51,0,17,0,70,,21277,51,0,17,0,30,,21278,51,0,17,0,70,,21279,51,0,17,0,30,,21280,51,0,17,0,70,,21281,51,0,17,0,30,,21282,51,0,17,0,70,,21283,51,0,17,0,30,,21284,51,0,17,0,70,,21285,51,0,17,0,30,,21286,51,0,17,0,70,,21287,51,0,17,0,30,,21288,51,0,17,0,70,,21289,51,0,17,0,30,,21290,51,0,17,0,70,,21291,51,0,17,0,30,,21292,51,0,17,0,70,,21293,51,0,17,0,30,,21294,51,0,17,0,70,,21295,51,0,17,0,30,,21296,51,0,17,0,100,,21297,51,0,17,0,100,,21298,51,0,17,0,100,,21299,51,0,17,0
721502,'1343',727,,21330,8,0,16,0
721502,'1344',727,,21359,8,0,16,0
721502,'1345',727,,21388,8,0,16,0
721502,'1346',727,,21417,8,0,16,0
721502,'1347',727,,21446,8,0,16,0
