721303,'1348',839,,27587,5,0,15,0,80,,27586,5,0,15,0,40,,27585,5,0,15,0,80,,27584,5,0,15,0,80,,27583,5,0,15,0,40,,27582,5,0,15,0,80,,27581,5,0,15,0,80,,27580,5,0,15,0,40,,27579,5,0,15,0,80,,27578,5,0,15,0,80,,27577,5,0,15,0,40,,27576,5,0,15,0,80,,27575,5,0,15,0,80,,27574,5,0,15,0,40,,27573,5,0,15,0,80,,27572,5,0,15,0,80,,27589,5,0,15,0,40,,27588,5,0,15,0
721303,'1349',639,,27590,5,0,15,0,80,,27591,5,0,15,0,40,,27592,5,0,15,0,80,,27593,5,0,15,0,80,,27594,5,0,15,0,40,,27595,5,0,15,0,80,,27596,5,0,15,0,80,,27597,5,0,15,0,40,,27598,5,0,15,0,60,,27599,5,0,15,0,20,,27600,5,0,15,0,20,,27601,5,0,15,0,60,,27602,5,0,15,0,20,,27603,5,0,15,0,20,,27604,5,0,15,0,60,,27605,5,0,15,0,20,,27606,5,0,15,0,20,,27607,5,0,15,0,60,,27608,5,0,15,0,20,,27609,5,0,15,0,20,,27610,5,0,15,0,60,,27611,5,0,15,0,20,,27612,5,0,15,0,20,,27613,5,0,15,0,60,,27614,5,0,15,0,20,,27615,5,0,15,0,20,,27616,5,0,15,0,60,,27617,5,0,15,0,20,,27618,5,0,15,0,80,,27619,5,0,15,0,40,,27620,5,0,15,0,80,,27621,5,0,15,0,80,,27622,5,0,15,0,40,,27623,5,0,15,0,80,,27624,5,0,15,0,80,,27625,5,0,15,0
721303,'1350',614,,27626,5,0,15,0,45,,27627,5,0,15,0,60,,27628,5,0,15,0,25,,27629,5,0,15,0,60,,27630,5,0,15,0,25,,27631,5,0,15,0,20,,27632,5,0,15,0,65,,27633,5,0,15,0,20,,27634,5,0,15,0,25,,27635,5,0,15,0,60,,27636,5,0,15,0,25,,27637,5,0,15,0,60,,27638,5,0,15,0,25,,27639,5,0,15,0,20,,27640,5,0,15,0,65,,27641,5,0,15,0,20,,27642,5,0,15,0,25,,27643,5,0,15,0,60,,27644,5,0,15,0,25,,27645,5,0,15,0,60,,27646,5,0,15,0,25,,27647,5,0,15,0,20,,27648,5,0,15,0,65,,27649,5,0,15,0,20,,27650,5,0,15,0,25,,27651,5,0,15,0,60,,27652,5,0,15,0,25,,27653,5,0,15,0,60,,27654,5,0,15,0,25,,27655,5,0,15,0,20,,27656,5,0,15,0,65,,27657,5,0,15,0,20,,27658,5,0,15,0,70,,27659,5,0,15,0,35,,27660,5,0,15,0,80,,27661,5,0,15,0,40,,27666,5,0,15,0,80,,27665,5,0,15,0,80,,27664,5,0,15,0,40,,27663,5,0,15,0,80,,27662,5,0,15,0
721303,'1351',614,,27667,5,0,15,0,45,,27668,5,0,15,0,60,,27669,5,0,15,0,25,,27670,5,0,15,0,60,,27671,5,0,15,0,25,,27672,5,0,15,0,20,,27673,5,0,15,0,65,,27674,5,0,15,0,20,,27675,5,0,15,0,25,,27676,5,0,15,0,60,,27677,5,0,15,0,25,,27678,5,0,15,0,60,,27679,5,0,15,0,25,,27680,5,0,15,0,20,,27681,5,0,15,0,65,,27682,5,0,15,0,20,,27683,5,0,15,0,25,,27684,5,0,15,0,60,,27685,5,0,15,0,25,,27686,5,0,15,0,60,,27687,5,0,15,0,25,,27688,5,0,15,0,20,,27689,5,0,15,0,65,,27690,5,0,15,0,20,,27691,5,0,15,0,25,,27692,5,0,15,0,60,,27693,5,0,15,0,25,,27694,5,0,15,0,60,,27695,5,0,15,0,25,,27696,5,0,15,0,20,,27697,5,0,15,0,65,,27698,5,0,15,0,20,,27699,5,0,15,0,70,,27700,5,0,15,0,35,,27701,5,0,15,0,80,,27702,5,0,15,0,40,,27707,5,0,15,0,80,,27706,5,0,15,0,80,,27705,5,0,15,0,40,,27704,5,0,15,0,80,,27703,5,0,15,0
721303,'1352',614,,27708,5,0,15,0,45,,27709,5,0,15,0,60,,27710,5,0,15,0,25,,27711,5,0,15,0,60,,27712,5,0,15,0,25,,27713,5,0,15,0,20,,27714,5,0,15,0,65,,27715,5,0,15,0,20,,27716,5,0,15,0,25,,27717,5,0,15,0,60,,27718,5,0,15,0,25,,27719,5,0,15,0,60,,27720,5,0,15,0,25,,27721,5,0,15,0,20,,27722,5,0,15,0,65,,27723,5,0,15,0,20,,27724,5,0,15,0,25,,27725,5,0,15,0,60,,27726,5,0,15,0,25,,27727,5,0,15,0,60,,27728,5,0,15,0,25,,27729,5,0,15,0,20,,27730,5,0,15,0,65,,27731,5,0,15,0,20,,27732,5,0,15,0,25,,27733,5,0,15,0,60,,27734,5,0,15,0,25,,27735,5,0,15,0,60,,27736,5,0,15,0,25,,27737,5,0,15,0,20,,27738,5,0,15,0,65,,27739,5,0,15,0,20,,27740,5,0,15,0,70,,27741,5,0,15,0,35,,27742,5,0,15,0,80,,27743,5,0,15,0,40,,27748,5,0,15,0,80,,27747,5,0,15,0,80,,27746,5,0,15,0,40,,27745,5,0,15,0,80,,27744,5,0,15,0
721303,'1353',614,,27749,5,0,15,0,45,,27750,5,0,15,0,60,,27751,5,0,15,0,25,,27752,5,0,15,0,60,,27753,5,0,15,0,25,,27754,5,0,15,0,20,,27755,5,0,15,0,65,,27756,5,0,15,0,20,,27757,5,0,15,0,25,,27758,5,0,15,0,60,,27759,5,0,15,0,25,,27760,5,0,15,0,60,,27761,5,0,15,0,25,,27762,5,0,15,0,20,,27763,5,0,15,0,65,,27764,5,0,15,0,20,,27765,5,0,15,0,25,,27766,5,0,15,0,60,,27767,5,0,15,0,25,,27768,5,0,15,0,60,,27769,5,0,15,0,25,,27770,5,0,15,0,20,,27771,5,0,15,0,65,,27772,5,0,15,0,20,,27773,5,0,15,0,25,,27774,5,0,15,0,60,,27775,5,0,15,0,25,,27776,5,0,15,0,60,,27777,5,0,15,0,25,,27778,5,0,15,0,20,,27779,5,0,15,0,65,,27780,5,0,15,0,20,,27781,5,0,15,0,70,,27782,5,0,15,0,35,,27783,5,0,15,0,80,,27784,5,0,15,0,40,,27789,5,0,15,0,80,,27788,5,0,15,0,80,,27787,5,0,15,0,40,,27786,5,0,15,0,80,,27785,5,0,15,0
721303,'1354',614,,27790,5,0,15,0,45,,27791,5,0,15,0,60,,27792,5,0,15,0,25,,27793,5,0,15,0,60,,27794,5,0,15,0,25,,27795,5,0,15,0,20,,27796,5,0,15,0,65,,27797,5,0,15,0,20,,27798,5,0,15,0,25,,27799,5,0,15,0,60,,27800,5,0,15,0,25,,27801,5,0,15,0,60,,27802,5,0,15,0,25,,27803,5,0,15,0,20,,27804,5,0,15,0,65,,27805,5,0,15,0,20,,27806,5,0,15,0,25,,27807,5,0,15,0,60,,27808,5,0,15,0,25,,27809,5,0,15,0,60,,27810,5,0,15,0,25,,27811,5,0,15,0,20,,27812,5,0,15,0,65,,27813,5,0,15,0,20,,27814,5,0,15,0,25,,27815,5,0,15,0,60,,27816,5,0,15,0,25,,27817,5,0,15,0,60,,27818,5,0,15,0,25,,27819,5,0,15,0,20,,27820,5,0,15,0,65,,27821,5,0,15,0,20,,27822,5,0,15,0,70,,27823,5,0,15,0,35,,27824,5,0,15,0,80,,27825,5,0,15,0,40,,27830,5,0,15,0,80,,27829,5,0,15,0,80,,27828,5,0,15,0,40,,27827,5,0,15,0,80,,27826,5,0,15,0
721502,'1350',722,,28532,3,0,16,0
721502,'1351',722,,28561,3,0,16,0
721502,'1352',722,,28590,3,0,16,0
721502,'1353',722,,28619,3,0,16,0
721502,'1354',722,,28648,3,0,16,0
