722501,'1357',541,,35879,35,0,17,0,160,,35880,35,0,17,0,100,,35881,35,0,17,0,100,,35882,35,0,17,0,100,,35883,35,0,17,0,100,,35884,35,0,17,0,100,,35885,35,0,17,0,100,,35886,35,0,17,0,100,,35887,35,0,17,0,100,,35888,35,0,17,0,100,,35889,35,0,17,0,100,,35890,35,0,17,0,100,,35891,35,0,17,0,100,,35892,35,0,17,0,100,,35893,35,0,17,0,100,,35894,35,0,17,0,100,,35895,35,0,17,0,100,,35896,35,0,17,0
722501,'1358',541,,35897,35,0,17,0,160,,35898,35,0,17,0,100,,35899,35,0,17,0,100,,35900,35,0,17,0,100,,35901,35,0,17,0,100,,35902,35,0,17,0,100,,35903,35,0,17,0,100,,35904,35,0,17,0,100,,35905,35,0,17,0,100,,35906,35,0,17,0,100,,35907,35,0,17,0,100,,35908,35,0,17,0,100,,35909,35,0,17,0,100,,35910,35,0,17,0,100,,35911,35,0,17,0,100,,35912,35,0,17,0,100,,35913,35,0,17,0,100,,35914,35,0,17,0
722501,'1359',541,,35915,35,0,17,0,160,,35916,35,0,17,0,100,,35917,35,0,17,0,100,,35918,35,0,17,0,100,,35919,35,0,17,0,100,,35920,35,0,17,0,100,,35921,35,0,17,0,100,,35922,35,0,17,0,100,,35923,35,0,17,0,100,,35924,35,0,17,0,100,,35925,35,0,17,0,100,,35926,35,0,17,0,100,,35927,35,0,17,0,100,,35928,35,0,17,0,100,,35929,35,0,17,0,100,,35930,35,0,17,0,100,,35931,35,0,17,0,100,,35932,35,0,17,0
722501,'1360',541,,35933,35,0,17,0,160,,35934,35,0,17,0,100,,35935,35,0,17,0,100,,35936,35,0,17,0,100,,35937,35,0,17,0,100,,35938,35,0,17,0,100,,35939,35,0,17,0,100,,35940,35,0,17,0,100,,35941,35,0,17,0,100,,35942,35,0,17,0,100,,35943,35,0,17,0,100,,35944,35,0,17,0,100,,35945,35,0,17,0,100,,35946,35,0,17,0,100,,35947,35,0,17,0,100,,35948,35,0,17,0,100,,35949,35,0,17,0,100,,35950,35,0,17,0
722501,'1361',541,,35951,35,0,17,0,160,,35952,35,0,17,0,100,,35953,35,0,17,0,100,,35954,35,0,17,0,100,,35955,35,0,17,0,100,,35956,35,0,17,0,100,,35957,35,0,17,0,100,,35958,35,0,17,0,100,,35959,35,0,17,0,100,,35960,35,0,17,0,100,,35961,35,0,17,0,100,,35962,35,0,17,0,100,,35963,35,0,17,0,100,,35964,35,0,17,0,100,,35965,35,0,17,0,100,,35966,35,0,17,0,100,,35967,35,0,17,0,100,,35968,35,0,17,0
722502,'1357',552,,35969,18,0,16,0,100,,35970,18,0,16,0,100,,35971,18,0,16,0,100,,35972,18,0,16,0,100,,35973,18,0,16,0,100,,35974,18,0,16,0,100,,35975,18,0,16,0,100,,35976,18,0,16,0,100,,35977,18,0,16,0,100,,35978,18,0,16,0,100,,35979,18,0,16,0,100,,35980,18,0,16,0,100,,35981,18,0,16,0,100,,35982,18,0,16,0,100,,35983,18,0,16,0,100,,35984,18,0,16,0,100,,35985,18,0,16,0,100,,35986,18,0,16,0
722502,'1358',552,,35987,18,0,16,0,100,,35988,18,0,16,0,100,,35989,18,0,16,0,100,,35990,18,0,16,0,100,,35991,18,0,16,0,100,,35992,18,0,16,0,100,,35993,18,0,16,0,100,,35994,18,0,16,0,100,,35995,18,0,16,0,100,,35996,18,0,16,0,100,,35997,18,0,16,0,100,,35998,18,0,16,0,100,,35999,18,0,16,0,100,,36000,18,0,16,0,100,,36001,18,0,16,0,100,,36002,18,0,16,0,100,,36003,18,0,16,0,100,,36004,18,0,16,0
722502,'1359',552,,36005,18,0,16,0,100,,36006,18,0,16,0,100,,36007,18,0,16,0,100,,36008,18,0,16,0,100,,36009,18,0,16,0,100,,36010,18,0,16,0,100,,36011,18,0,16,0,100,,36012,18,0,16,0,100,,36013,18,0,16,0,100,,36014,18,0,16,0,100,,36015,18,0,16,0,100,,36016,18,0,16,0,100,,36017,18,0,16,0,100,,36018,18,0,16,0,100,,36019,18,0,16,0,100,,36020,18,0,16,0,100,,36021,18,0,16,0,100,,36022,18,0,16,0
722502,'1360',552,,36023,18,0,16,0,100,,36024,18,0,16,0,100,,36025,18,0,16,0,100,,36026,18,0,16,0,100,,36027,18,0,16,0,100,,36028,18,0,16,0,100,,36029,18,0,16,0,100,,36030,18,0,16,0,100,,36031,18,0,16,0,100,,36032,18,0,16,0,100,,36033,18,0,16,0,100,,36034,18,0,16,0,100,,36035,18,0,16,0,100,,36036,18,0,16,0,100,,36037,18,0,16,0,100,,36038,18,0,16,0,100,,36039,18,0,16,0,100,,36040,18,0,16,0
722502,'1361',552,,36041,18,0,16,0,100,,36042,18,0,16,0,100,,36043,18,0,16,0,100,,36044,18,0,16,0,100,,36045,18,0,16,0,100,,36046,18,0,16,0,100,,36047,18,0,16,0,100,,36048,18,0,16,0,100,,36049,18,0,16,0,100,,36050,18,0,16,0,100,,36051,18,0,16,0,100,,36052,18,0,16,0,100,,36053,18,0,16,0,100,,36054,18,0,16,0,100,,36055,18,0,16,0,100,,36056,18,0,16,0,100,,36057,18,0,16,0,100,,36058,18,0,16,0
