647703,'1355',932,,33943,2,0,15,0,70,,33942,2,0,15,0,30,,33941,2,0,15,0,70,,33940,2,0,15,0,30,,33939,2,0,15,0,70,,33938,2,0,15,0,30,,33937,2,0,15,0,70,,33936,2,0,15,0,30,,33935,2,0,15,0,70,,33934,2,0,15,0,30,,33933,2,0,15,0,70,,33932,2,0,15,0,30,,33931,2,0,15,0,70,,33930,2,0,15,0,30,,33929,2,0,15,0,70,,33928,2,0,15,0,30,,33927,2,0,15,0,100,,33926,2,0,15,0,100,,33925,2,0,15,0
647703,'1356',832,,33944,2,0,15,0,70,,33945,2,0,15,0,30,,33946,2,0,15,0,70,,33947,2,0,15,0,30,,33948,2,0,15,0,70,,33949,2,0,15,0,30,,33950,2,0,15,0,70,,33951,2,0,15,0,30,,33952,2,0,15,0,70,,33953,2,0,15,0,30,,33954,2,0,15,0,70,,33955,2,0,15,0,30,,33956,2,0,15,0,70,,33957,2,0,15,0,30,,33958,2,0,15,0,70,,33959,2,0,15,0,30,,33960,2,0,15,0,70,,33961,2,0,15,0,30,,33962,2,0,15,0,70,,33963,2,0,15,0,30,,33964,2,0,15,0,70,,33965,2,0,15,0,30,,33966,2,0,15,0,100,,33967,2,0,15,0,100,,33968,2,0,15,0,100,,33969,2,0,15,0
647703,'1357',632,,33970,2,0,15,0,70,,33971,2,0,15,0,30,,33972,2,0,15,0,70,,33973,2,0,15,0,30,,33974,2,0,15,0,70,,33975,2,0,15,0,30,,33976,2,0,15,0,70,,33977,2,0,15,0,30,,33978,2,0,15,0,70,,33979,2,0,15,0,30,,33980,2,0,15,0,70,,33981,2,0,15,0,30,,33982,2,0,15,0,70,,33983,2,0,15,0,30,,33984,2,0,15,0,70,,33985,2,0,15,0,30,,33986,2,0,15,0,70,,33987,2,0,15,0,30,,33988,2,0,15,0,70,,33989,2,0,15,0,30,,33990,2,0,15,0,70,,33991,2,0,15,0,30,,33992,2,0,15,0,70,,33993,2,0,15,0,30,,33994,2,0,15,0,70,,33995,2,0,15,0,30,,33996,2,0,15,0,70,,33997,2,0,15,0,30,,33998,2,0,15,0,100,,33999,2,0,15,0,100,,34000,2,0,15,0,100,,34001,2,0,15,0
647703,'1358',632,,34002,2,0,15,0,70,,34003,2,0,15,0,30,,34004,2,0,15,0,70,,34005,2,0,15,0,30,,34006,2,0,15,0,70,,34007,2,0,15,0,30,,34008,2,0,15,0,70,,34009,2,0,15,0,30,,34010,2,0,15,0,70,,34011,2,0,15,0,30,,34012,2,0,15,0,70,,34013,2,0,15,0,30,,34014,2,0,15,0,70,,34015,2,0,15,0,30,,34016,2,0,15,0,70,,34017,2,0,15,0,30,,34018,2,0,15,0,70,,34019,2,0,15,0,30,,34020,2,0,15,0,70,,34021,2,0,15,0,30,,34022,2,0,15,0,70,,34023,2,0,15,0,30,,34024,2,0,15,0,70,,34025,2,0,15,0,30,,34026,2,0,15,0,70,,34027,2,0,15,0,30,,34028,2,0,15,0,70,,34029,2,0,15,0,30,,34030,2,0,15,0,100,,34031,2,0,15,0,100,,34032,2,0,15,0,100,,34033,2,0,15,0
647703,'1359',632,,34034,2,0,15,0,70,,34035,2,0,15,0,30,,34036,2,0,15,0,70,,34037,2,0,15,0,30,,34038,2,0,15,0,70,,34039,2,0,15,0,30,,34040,2,0,15,0,70,,34041,2,0,15,0,30,,34042,2,0,15,0,70,,34043,2,0,15,0,30,,34044,2,0,15,0,70,,34045,2,0,15,0,30,,34046,2,0,15,0,70,,34047,2,0,15,0,30,,34048,2,0,15,0,70,,34049,2,0,15,0,30,,34050,2,0,15,0,70,,34051,2,0,15,0,30,,34052,2,0,15,0,70,,34053,2,0,15,0,30,,34054,2,0,15,0,70,,34055,2,0,15,0,30,,34056,2,0,15,0,70,,34057,2,0,15,0,30,,34058,2,0,15,0,70,,34059,2,0,15,0,30,,34060,2,0,15,0,70,,34061,2,0,15,0,30,,34062,2,0,15,0,100,,34063,2,0,15,0,100,,34064,2,0,15,0,100,,34065,2,0,15,0
647703,'1360',632,,34066,2,0,15,0,70,,34067,2,0,15,0,30,,34068,2,0,15,0,70,,34069,2,0,15,0,30,,34070,2,0,15,0,70,,34071,2,0,15,0,30,,34072,2,0,15,0,70,,34073,2,0,15,0,30,,34074,2,0,15,0,70,,34075,2,0,15,0,30,,34076,2,0,15,0,70,,34077,2,0,15,0,30,,34078,2,0,15,0,70,,34079,2,0,15,0,30,,34080,2,0,15,0,70,,34081,2,0,15,0,30,,34082,2,0,15,0,70,,34083,2,0,15,0,30,,34084,2,0,15,0,70,,34085,2,0,15,0,30,,34086,2,0,15,0,70,,34087,2,0,15,0,30,,34088,2,0,15,0,70,,34089,2,0,15,0,30,,34090,2,0,15,0,70,,34091,2,0,15,0,30,,34092,2,0,15,0,70,,34093,2,0,15,0,30,,34094,2,0,15,0,100,,34095,2,0,15,0,100,,34096,2,0,15,0,100,,34097,2,0,15,0
647703,'1361',632,,34098,2,0,15,0,70,,34099,2,0,15,0,30,,34100,2,0,15,0,70,,34101,2,0,15,0,30,,34102,2,0,15,0,70,,34103,2,0,15,0,30,,34104,2,0,15,0,70,,34105,2,0,15,0,30,,34106,2,0,15,0,70,,34107,2,0,15,0,30,,34108,2,0,15,0,70,,34109,2,0,15,0,30,,34110,2,0,15,0,70,,34111,2,0,15,0,30,,34112,2,0,15,0,70,,34113,2,0,15,0,30,,34114,2,0,15,0,70,,34115,2,0,15,0,30,,34116,2,0,15,0,70,,34117,2,0,15,0,30,,34118,2,0,15,0,70,,34119,2,0,15,0,30,,34120,2,0,15,0,70,,34121,2,0,15,0,30,,34122,2,0,15,0,70,,34123,2,0,15,0,30,,34124,2,0,15,0,70,,34125,2,0,15,0,30,,34126,2,0,15,0,100,,34127,2,0,15,0,100,,34128,2,0,15,0,100,,34129,2,0,15,0
721203,'1355',946,,34348,2,0,15,0,85,,34347,2,0,15,0,85,,34346,2,0,15,0,85,,34345,2,0,15,0,45,,34344,2,0,15,0,85,,34343,2,0,15,0,85,,34342,2,0,15,0,85,,34341,2,0,15,0,45,,34340,2,0,15,0,85,,34339,2,0,15,0,85,,34338,2,0,15,0,85,,34337,2,0,15,0,45,,34336,2,0,15,0,85,,34335,2,0,15,0
721203,'1356',646,,34349,2,0,15,0,85,,34350,2,0,15,0,85,,34351,2,0,15,0,85,,34352,2,0,15,0,45,,34353,2,0,15,0,85,,34354,2,0,15,0,70,,34355,2,0,15,0,30,,34356,2,0,15,0,70,,34357,2,0,15,0,30,,34358,2,0,15,0,70,,34359,2,0,15,0,30,,34360,2,0,15,0,70,,34361,2,0,15,0,30,,34362,2,0,15,0,70,,34363,2,0,15,0,30,,34364,2,0,15,0,70,,34365,2,0,15,0,30,,34366,2,0,15,0,70,,34367,2,0,15,0,30,,34368,2,0,15,0,70,,34369,2,0,15,0,30,,34370,2,0,15,0,85,,34371,2,0,15,0,85,,34372,2,0,15,0,45,,34373,2,0,15,0,85,,34374,2,0,15,0,85,,34375,2,0,15,0,85,,34376,2,0,15,0
721203,'1357',616,,34377,2,0,15,0,30,,34378,2,0,15,0,70,,34379,2,0,15,0,30,,34380,2,0,15,0,55,,34381,2,0,15,0,15,,34382,2,0,15,0,15,,34383,2,0,15,0,15,,34384,2,0,15,0,70,,34385,2,0,15,0,30,,34386,2,0,15,0,70,,34387,2,0,15,0,30,,34388,2,0,15,0,70,,34389,2,0,15,0,30,,34390,2,0,15,0,70,,34391,2,0,15,0,30,,34392,2,0,15,0,70,,34393,2,0,15,0,30,,34394,2,0,15,0,70,,34395,2,0,15,0,30,,34396,2,0,15,0,55,,34397,2,0,15,0,15,,34398,2,0,15,0,15,,34399,2,0,15,0,15,,34400,2,0,15,0,70,,34401,2,0,15,0,30,,34402,2,0,15,0,70,,34403,2,0,15,0,30,,34404,2,0,15,0,70,,34405,2,0,15,0,30,,34406,2,0,15,0,85,,34407,2,0,15,0,85,,34408,2,0,15,0,85,,34409,2,0,15,0,45,,34410,2,0,15,0,85,,34411,2,0,15,0,85,,34412,2,0,15,0
721203,'1358',616,,34413,2,0,15,0,30,,34414,2,0,15,0,70,,34415,2,0,15,0,30,,34416,2,0,15,0,55,,34417,2,0,15,0,15,,34418,2,0,15,0,15,,34419,2,0,15,0,15,,34420,2,0,15,0,70,,34421,2,0,15,0,30,,34422,2,0,15,0,70,,34423,2,0,15,0,30,,34424,2,0,15,0,70,,34425,2,0,15,0,30,,34426,2,0,15,0,70,,34427,2,0,15,0,30,,34428,2,0,15,0,70,,34429,2,0,15,0,30,,34430,2,0,15,0,70,,34431,2,0,15,0,30,,34432,2,0,15,0,55,,34433,2,0,15,0,15,,34434,2,0,15,0,15,,34435,2,0,15,0,15,,34436,2,0,15,0,70,,34437,2,0,15,0,30,,34438,2,0,15,0,70,,34439,2,0,15,0,30,,34440,2,0,15,0,70,,34441,2,0,15,0,30,,34442,2,0,15,0,85,,34443,2,0,15,0,85,,34444,2,0,15,0,85,,34445,2,0,15,0,45,,34446,2,0,15,0,85,,34447,2,0,15,0,85,,34448,2,0,15,0
721203,'1359',616,,34449,2,0,15,0,30,,34450,2,0,15,0,70,,34451,2,0,15,0,30,,34452,2,0,15,0,55,,34453,2,0,15,0,15,,34454,2,0,15,0,15,,34455,2,0,15,0,15,,34456,2,0,15,0,70,,34457,2,0,15,0,30,,34458,2,0,15,0,70,,34459,2,0,15,0,30,,34460,2,0,15,0,70,,34461,2,0,15,0,30,,34462,2,0,15,0,70,,34463,2,0,15,0,30,,34464,2,0,15,0,70,,34465,2,0,15,0,30,,34466,2,0,15,0,70,,34467,2,0,15,0,30,,34468,2,0,15,0,55,,34469,2,0,15,0,15,,34470,2,0,15,0,15,,34471,2,0,15,0,15,,34472,2,0,15,0,70,,34473,2,0,15,0,30,,34474,2,0,15,0,70,,34475,2,0,15,0,30,,34476,2,0,15,0,70,,34477,2,0,15,0,30,,34478,2,0,15,0,85,,34479,2,0,15,0,85,,34480,2,0,15,0,85,,34481,2,0,15,0,45,,34482,2,0,15,0,85,,34483,2,0,15,0,85,,34484,2,0,15,0
721203,'1360',616,,34485,2,0,15,0,30,,34486,2,0,15,0,70,,34487,2,0,15,0,30,,34488,2,0,15,0,55,,34489,2,0,15,0,15,,34490,2,0,15,0,15,,34491,2,0,15,0,15,,34492,2,0,15,0,70,,34493,2,0,15,0,30,,34494,2,0,15,0,70,,34495,2,0,15,0,30,,34496,2,0,15,0,70,,34497,2,0,15,0,30,,34498,2,0,15,0,70,,34499,2,0,15,0,30,,34500,2,0,15,0,70,,34501,2,0,15,0,30,,34502,2,0,15,0,70,,34503,2,0,15,0,30,,34504,2,0,15,0,55,,34505,2,0,15,0,15,,34506,2,0,15,0,15,,34507,2,0,15,0,15,,34508,2,0,15,0,70,,34509,2,0,15,0,30,,34510,2,0,15,0,70,,34511,2,0,15,0,30,,34512,2,0,15,0,70,,34513,2,0,15,0,30,,34514,2,0,15,0,85,,34515,2,0,15,0,85,,34516,2,0,15,0,85,,34517,2,0,15,0,45,,34518,2,0,15,0,85,,34519,2,0,15,0,85,,34520,2,0,15,0
721203,'1361',616,,34521,2,0,15,0,30,,34522,2,0,15,0,70,,34523,2,0,15,0,30,,34524,2,0,15,0,55,,34525,2,0,15,0,15,,34526,2,0,15,0,15,,34527,2,0,15,0,15,,34528,2,0,15,0,70,,34529,2,0,15,0,30,,34530,2,0,15,0,70,,34531,2,0,15,0,30,,34532,2,0,15,0,70,,34533,2,0,15,0,30,,34534,2,0,15,0,70,,34535,2,0,15,0,30,,34536,2,0,15,0,70,,34537,2,0,15,0,30,,34538,2,0,15,0,70,,34539,2,0,15,0,30,,34540,2,0,15,0,55,,34541,2,0,15,0,15,,34542,2,0,15,0,15,,34543,2,0,15,0,15,,34544,2,0,15,0,70,,34545,2,0,15,0,30,,34546,2,0,15,0,70,,34547,2,0,15,0,30,,34548,2,0,15,0,70,,34549,2,0,15,0,30,,34550,2,0,15,0,85,,34551,2,0,15,0,85,,34552,2,0,15,0,85,,34553,2,0,15,0,45,,34554,2,0,15,0,85,,34555,2,0,15,0,85,,34556,2,0,15,0
721501,'1355',934,,35544,28,0,17,0,100,,35543,28,0,17,0,100,,35542,28,0,17,0,100,,35541,28,0,17,0,100,,35540,28,0,17,0,100,,35539,28,0,17,0,100,,35538,28,0,17,0,100,,35537,28,0,17,0,100,,35536,28,0,17,0,100,,35535,28,0,17,0,100,,35534,28,0,17,0
721501,'1356',734,,35545,28,0,17,0,100,,35546,28,0,17,0,100,,35547,28,0,17,0,100,,35548,28,0,17,0,100,,35549,28,0,17,0,100,,35550,28,0,17,0,70,,35551,28,0,17,0,30,,35552,28,0,17,0,70,,35553,28,0,17,0,30,,35554,28,0,17,0,70,,35555,28,0,17,0,30,,35556,28,0,17,0,70,,35557,28,0,17,0,30,,35558,28,0,17,0,70,,35559,28,0,17,0,30,,35560,28,0,17,0,70,,35561,28,0,17,0,30,,35562,28,0,17,0,100,,35563,28,0,17,0
721501,'1357',734,,35564,28,0,17,0,70,,35565,28,0,17,0,30,,35566,28,0,17,0,70,,35567,28,0,17,0,30,,35568,28,0,17,0,70,,35569,28,0,17,0,30,,35570,28,0,17,0,70,,35571,28,0,17,0,30,,35572,28,0,17,0,70,,35573,28,0,17,0,30,,35574,28,0,17,0,70,,35575,28,0,17,0,30,,35576,28,0,17,0,70,,35577,28,0,17,0,30,,35578,28,0,17,0,70,,35579,28,0,17,0,30,,35580,28,0,17,0,70,,35581,28,0,17,0,30,,35582,28,0,17,0,70,,35583,28,0,17,0,30,,35584,28,0,17,0,70,,35585,28,0,17,0,30,,35586,28,0,17,0,70,,35587,28,0,17,0,30,,35588,28,0,17,0,100,,35589,28,0,17,0,100,,35590,28,0,17,0,100,,35591,28,0,17,0
721501,'1358',734,,35592,28,0,17,0,70,,35593,28,0,17,0,30,,35594,28,0,17,0,70,,35595,28,0,17,0,30,,35596,28,0,17,0,70,,35597,28,0,17,0,30,,35598,28,0,17,0,70,,35599,28,0,17,0,30,,35600,28,0,17,0,70,,35601,28,0,17,0,30,,35602,28,0,17,0,70,,35603,28,0,17,0,30,,35604,28,0,17,0,70,,35605,28,0,17,0,30,,35606,28,0,17,0,70,,35607,28,0,17,0,30,,35608,28,0,17,0,70,,35609,28,0,17,0,30,,35610,28,0,17,0,70,,35611,28,0,17,0,30,,35612,28,0,17,0,70,,35613,28,0,17,0,30,,35614,28,0,17,0,70,,35615,28,0,17,0,30,,35616,28,0,17,0,100,,35617,28,0,17,0,100,,35618,28,0,17,0,100,,35619,28,0,17,0
721501,'1359',734,,35620,28,0,17,0,70,,35621,28,0,17,0,30,,35622,28,0,17,0,70,,35623,28,0,17,0,30,,35624,28,0,17,0,70,,35625,28,0,17,0,30,,35626,28,0,17,0,70,,35627,28,0,17,0,30,,35628,28,0,17,0,70,,35629,28,0,17,0,30,,35630,28,0,17,0,70,,35631,28,0,17,0,30,,35632,28,0,17,0,70,,35633,28,0,17,0,30,,35634,28,0,17,0,70,,35635,28,0,17,0,30,,35636,28,0,17,0,70,,35637,28,0,17,0,30,,35638,28,0,17,0,70,,35639,28,0,17,0,30,,35640,28,0,17,0,70,,35641,28,0,17,0,30,,35642,28,0,17,0,70,,35643,28,0,17,0,30,,35644,28,0,17,0,100,,35645,28,0,17,0,100,,35646,28,0,17,0,100,,35647,28,0,17,0
721501,'1360',734,,35648,28,0,17,0,70,,35649,28,0,17,0,30,,35650,28,0,17,0,70,,35651,28,0,17,0,30,,35652,28,0,17,0,70,,35653,28,0,17,0,30,,35654,28,0,17,0,70,,35655,28,0,17,0,30,,35656,28,0,17,0,70,,35657,28,0,17,0,30,,35658,28,0,17,0,70,,35659,28,0,17,0,30,,35660,28,0,17,0,70,,35661,28,0,17,0,30,,35662,28,0,17,0,70,,35663,28,0,17,0,30,,35664,28,0,17,0,70,,35665,28,0,17,0,30,,35666,28,0,17,0,70,,35667,28,0,17,0,30,,35668,28,0,17,0,70,,35669,28,0,17,0,30,,35670,28,0,17,0,70,,35671,28,0,17,0,30,,35672,28,0,17,0,100,,35673,28,0,17,0,100,,35674,28,0,17,0,100,,35675,28,0,17,0
721501,'1361',734,,35676,28,0,17,0,70,,35677,28,0,17,0,30,,35678,28,0,17,0,70,,35679,28,0,17,0,30,,35680,28,0,17,0,70,,35681,28,0,17,0,30,,35682,28,0,17,0,70,,35683,28,0,17,0,30,,35684,28,0,17,0,70,,35685,28,0,17,0,30,,35686,28,0,17,0,70,,35687,28,0,17,0,30,,35688,28,0,17,0,70,,35689,28,0,17,0,30,,35690,28,0,17,0,70,,35691,28,0,17,0,30,,35692,28,0,17,0,70,,35693,28,0,17,0,30,,35694,28,0,17,0,70,,35695,28,0,17,0,30,,35696,28,0,17,0,70,,35697,28,0,17,0,30,,35698,28,0,17,0,70,,35699,28,0,17,0,30,,35700,28,0,17,0,100,,35701,28,0,17,0,100,,35702,28,0,17,0,100,,35703,28,0,17,0
721502,'1355',929,,35714,28,0,16,0,100,,35713,28,0,16,0,100,,35712,28,0,16,0,100,,35711,28,0,16,0,100,,35710,28,0,16,0,100,,35709,28,0,16,0,100,,35708,28,0,16,0,100,,35707,28,0,16,0,100,,35706,28,0,16,0,100,,35705,28,0,16,0,100,,35704,28,0,16,0
721502,'1356',729,,35715,28,0,16,0,100,,35716,28,0,16,0,100,,35717,28,0,16,0,100,,35718,28,0,16,0,100,,35719,28,0,16,0,100,,35720,28,0,16,0,100,,35721,28,0,16,0,30,,35722,28,0,16,0,70,,35723,28,0,16,0,30,,35724,28,0,16,0,70,,35725,28,0,16,0,30,,35726,28,0,16,0,70,,35727,28,0,16,0,30,,35728,28,0,16,0,70,,35729,28,0,16,0,30,,35730,28,0,16,0,70,,35731,28,0,16,0,30,,35732,28,0,16,0,70,,35733,28,0,16,0
721502,'1357',729,,35735,28,0,16,0,30,,35736,28,0,16,0,70,,35737,28,0,16,0,30,,35738,28,0,16,0,70,,35739,28,0,16,0,30,,35740,28,0,16,0,70,,35741,28,0,16,0,30,,35742,28,0,16,0,70,,35743,28,0,16,0,30,,35744,28,0,16,0,70,,35745,28,0,16,0,30,,35746,28,0,16,0,70,,35747,28,0,16,0,30,,35748,28,0,16,0,70,,35749,28,0,16,0,30,,35750,28,0,16,0,70,,35751,28,0,16,0,30,,35752,28,0,16,0,70,,35753,28,0,16,0,30,,35754,28,0,16,0,70,,35755,28,0,16,0,30,,35756,28,0,16,0,70,,35757,28,0,16,0,30,,35758,28,0,16,0,70,,35759,28,0,16,0,100,,35760,28,0,16,0,100,,35761,28,0,16,0,100,,35762,28,0,16,0
721502,'1358',729,,35764,28,0,16,0,30,,35765,28,0,16,0,70,,35766,28,0,16,0,30,,35767,28,0,16,0,70,,35768,28,0,16,0,30,,35769,28,0,16,0,70,,35770,28,0,16,0,30,,35771,28,0,16,0,70,,35772,28,0,16,0,30,,35773,28,0,16,0,70,,35774,28,0,16,0,30,,35775,28,0,16,0,70,,35776,28,0,16,0,30,,35777,28,0,16,0,70,,35778,28,0,16,0,30,,35779,28,0,16,0,70,,35780,28,0,16,0,30,,35781,28,0,16,0,70,,35782,28,0,16,0,30,,35783,28,0,16,0,70,,35784,28,0,16,0,30,,35785,28,0,16,0,70,,35786,28,0,16,0,30,,35787,28,0,16,0,70,,35788,28,0,16,0,100,,35789,28,0,16,0,100,,35790,28,0,16,0,100,,35791,28,0,16,0
721502,'1359',729,,35793,28,0,16,0,30,,35794,28,0,16,0,70,,35795,28,0,16,0,30,,35796,28,0,16,0,70,,35797,28,0,16,0,30,,35798,28,0,16,0,70,,35799,28,0,16,0,30,,35800,28,0,16,0,70,,35801,28,0,16,0,30,,35802,28,0,16,0,70,,35803,28,0,16,0,30,,35804,28,0,16,0,70,,35805,28,0,16,0,30,,35806,28,0,16,0,70,,35807,28,0,16,0,30,,35808,28,0,16,0,70,,35809,28,0,16,0,30,,35810,28,0,16,0,70,,35811,28,0,16,0,30,,35812,28,0,16,0,70,,35813,28,0,16,0,30,,35814,28,0,16,0,70,,35815,28,0,16,0,30,,35816,28,0,16,0,70,,35817,28,0,16,0,100,,35818,28,0,16,0,100,,35819,28,0,16,0,100,,35820,28,0,16,0
721502,'1360',729,,35822,28,0,16,0,30,,35823,28,0,16,0,70,,35824,28,0,16,0,30,,35825,28,0,16,0,70,,35826,28,0,16,0,30,,35827,28,0,16,0,70,,35828,28,0,16,0,30,,35829,28,0,16,0,70,,35830,28,0,16,0,30,,35831,28,0,16,0,70,,35832,28,0,16,0,30,,35833,28,0,16,0,70,,35834,28,0,16,0,30,,35835,28,0,16,0,70,,35836,28,0,16,0,30,,35837,28,0,16,0,70,,35838,28,0,16,0,30,,35839,28,0,16,0,70,,35840,28,0,16,0,30,,35841,28,0,16,0,70,,35842,28,0,16,0,30,,35843,28,0,16,0,70,,35844,28,0,16,0,30,,35845,28,0,16,0,70,,35846,28,0,16,0,100,,35847,28,0,16,0,100,,35848,28,0,16,0,100,,35849,28,0,16,0
721502,'1361',729,,35851,28,0,16,0,30,,35852,28,0,16,0,70,,35853,28,0,16,0,30,,35854,28,0,16,0,70,,35855,28,0,16,0,30,,35856,28,0,16,0,70,,35857,28,0,16,0,30,,35858,28,0,16,0,70,,35859,28,0,16,0,30,,35860,28,0,16,0,70,,35861,28,0,16,0,30,,35862,28,0,16,0,70,,35863,28,0,16,0,30,,35864,28,0,16,0,70,,35865,28,0,16,0,30,,35866,28,0,16,0,70,,35867,28,0,16,0,30,,35868,28,0,16,0,70,,35869,28,0,16,0,30,,35870,28,0,16,0,70,,35871,28,0,16,0,30,,35872,28,0,16,0,70,,35873,28,0,16,0,30,,35874,28,0,16,0,70,,35875,28,0,16,0,100,,35876,28,0,16,0,100,,35877,28,0,16,0,100,,35878,28,0,16,0
