721304,'1348',823,,27831,40,0,14,0,80,,27832,40,0,14,0,40,,27833,40,0,14,0,80,,27834,40,0,14,0,80,,27835,40,0,14,0,40,,27836,40,0,14,0,80,,27837,40,0,14,0,80,,27838,40,0,14,0,40,,27839,40,0,14,0,80,,27840,40,0,14,0,80,,27841,40,0,14,0,40,,27842,40,0,14,0,80,,27843,40,0,14,0,80,,27844,40,0,14,0,40,,27845,40,0,14,0,80,,27846,40,0,14,0,80,,27847,40,0,14,0,40,,27848,40,0,14,0
721304,'1349',623,,27849,40,0,14,0,80,,27850,40,0,14,0,40,,27851,40,0,14,0,80,,27852,40,0,14,0,80,,27853,40,0,14,0,40,,27854,40,0,14,0,80,,27855,40,0,14,0,80,,27856,40,0,14,0,40,,27857,40,0,14,0,60,,27858,40,0,14,0,20,,27859,40,0,14,0,20,,27860,40,0,14,0,60,,27861,40,0,14,0,20,,27862,40,0,14,0,20,,27863,40,0,14,0,60,,27864,40,0,14,0,20,,27865,40,0,14,0,20,,27866,40,0,14,0,60,,27867,40,0,14,0,20,,27868,40,0,14,0,20,,27869,40,0,14,0,60,,27870,40,0,14,0,20,,27871,40,0,14,0,20,,27872,40,0,14,0,60,,27873,40,0,14,0,20,,27874,40,0,14,0,20,,27875,40,0,14,0,60,,27876,40,0,14,0,20,,27877,40,0,14,0,80,,27878,40,0,14,0,40,,27879,40,0,14,0,80,,27880,40,0,14,0,80,,27881,40,0,14,0,40,,27882,40,0,14,0,80,,27883,40,0,14,0,80,,27884,40,0,14,0
721304,'1350',557,,27893,40,0,14,0,85,,27892,40,0,14,0,60,,27891,40,0,14,0,25,,27890,40,0,14,0,20,,27889,40,0,14,0,65,,27888,40,0,14,0,20,,27887,40,0,14,0,25,,27886,40,0,14,0,60,,27885,40,0,14,0,25,,27894,40,0,14,0,60,,27895,40,0,14,0,25,,27896,40,0,14,0,20,,27897,40,0,14,0,65,,27898,40,0,14,0,20,,27899,40,0,14,0,25,,27900,40,0,14,0,60,,27901,40,0,14,0,25,,27902,40,0,14,0,60,,27903,40,0,14,0,25,,27904,40,0,14,0,20,,27905,40,0,14,0,65,,27906,40,0,14,0,20,,27907,40,0,14,0,25,,27908,40,0,14,0,60,,27909,40,0,14,0,25,,27910,40,0,14,0,60,,27911,40,0,14,0,25,,27912,40,0,14,0,20,,27913,40,0,14,0,65,,27914,40,0,14,0,20,,27915,40,0,14,0,25,,27916,40,0,14,0,60,,27917,40,0,14,0,30,,27918,40,0,14,0,76,,27919,40,0,14,0,80,,27920,40,0,14,0,40,,27921,40,0,14,0,80,,27922,40,0,14,0,80,,27923,40,0,14,0,40,,27924,40,0,14,0,80,,27925,40,0,14,0
721304,'1351',557,,27933,40,0,14,0,85,,27932,40,0,14,0,60,,27931,40,0,14,0,25,,27930,40,0,14,0,20,,27929,40,0,14,0,65,,27928,40,0,14,0,20,,27927,40,0,14,0,25,,27926,40,0,14,0,60,,27934,40,0,14,0,25,,27935,40,0,14,0,60,,27936,40,0,14,0,25,,27937,40,0,14,0,20,,27938,40,0,14,0,65,,27939,40,0,14,0,20,,27940,40,0,14,0,25,,27941,40,0,14,0,60,,27942,40,0,14,0,25,,27943,40,0,14,0,60,,27944,40,0,14,0,25,,27945,40,0,14,0,20,,27946,40,0,14,0,65,,27947,40,0,14,0,20,,27948,40,0,14,0,25,,27949,40,0,14,0,60,,27950,40,0,14,0,25,,27951,40,0,14,0,60,,27952,40,0,14,0,25,,27953,40,0,14,0,20,,27954,40,0,14,0,65,,27955,40,0,14,0,20,,27956,40,0,14,0,25,,27957,40,0,14,0,60,,27958,40,0,14,0,30,,27959,40,0,14,0,76,,27960,40,0,14,0,80,,27961,40,0,14,0,40,,27962,40,0,14,0,80,,27963,40,0,14,0,80,,27964,40,0,14,0,40,,27965,40,0,14,0,80,,27966,40,0,14,0
721304,'1352',557,,27974,40,0,14,0,85,,27973,40,0,14,0,60,,27972,40,0,14,0,25,,27971,40,0,14,0,20,,27970,40,0,14,0,65,,27969,40,0,14,0,20,,27968,40,0,14,0,25,,27967,40,0,14,0,60,,27975,40,0,14,0,25,,27976,40,0,14,0,60,,27977,40,0,14,0,25,,27978,40,0,14,0,20,,27979,40,0,14,0,65,,27980,40,0,14,0,20,,27981,40,0,14,0,25,,27982,40,0,14,0,60,,27983,40,0,14,0,25,,27984,40,0,14,0,60,,27985,40,0,14,0,25,,27986,40,0,14,0,20,,27987,40,0,14,0,65,,27988,40,0,14,0,20,,27989,40,0,14,0,25,,27990,40,0,14,0,60,,27991,40,0,14,0,25,,27992,40,0,14,0,60,,27993,40,0,14,0,25,,27994,40,0,14,0,20,,27995,40,0,14,0,65,,27996,40,0,14,0,20,,27997,40,0,14,0,25,,27998,40,0,14,0,60,,27999,40,0,14,0,30,,28000,40,0,14,0,76,,28001,40,0,14,0,80,,28002,40,0,14,0,40,,28003,40,0,14,0,80,,28004,40,0,14,0,80,,28005,40,0,14,0,40,,28006,40,0,14,0,80,,28007,40,0,14,0
721304,'1353',557,,28015,40,0,14,0,85,,28014,40,0,14,0,60,,28013,40,0,14,0,25,,28012,40,0,14,0,20,,28011,40,0,14,0,65,,28010,40,0,14,0,20,,28009,40,0,14,0,25,,28008,40,0,14,0,60,,28016,40,0,14,0,25,,28017,40,0,14,0,60,,28018,40,0,14,0,25,,28019,40,0,14,0,20,,28020,40,0,14,0,65,,28021,40,0,14,0,20,,28022,40,0,14,0,25,,28023,40,0,14,0,60,,28024,40,0,14,0,25,,28025,40,0,14,0,60,,28026,40,0,14,0,25,,28027,40,0,14,0,20,,28028,40,0,14,0,65,,28029,40,0,14,0,20,,28030,40,0,14,0,25,,28031,40,0,14,0,60,,28032,40,0,14,0,25,,28033,40,0,14,0,60,,28034,40,0,14,0,25,,28035,40,0,14,0,20,,28036,40,0,14,0,65,,28037,40,0,14,0,20,,28038,40,0,14,0,25,,28039,40,0,14,0,60,,28040,40,0,14,0,30,,28041,40,0,14,0,76,,28042,40,0,14,0,80,,28043,40,0,14,0,40,,28044,40,0,14,0,80,,28045,40,0,14,0,80,,28046,40,0,14,0,40,,28047,40,0,14,0,80,,28048,40,0,14,0
721304,'1354',557,,28056,40,0,14,0,85,,28055,40,0,14,0,60,,28054,40,0,14,0,25,,28053,40,0,14,0,20,,28052,40,0,14,0,65,,28051,40,0,14,0,20,,28050,40,0,14,0,25,,28049,40,0,14,0,60,,28057,40,0,14,0,25,,28058,40,0,14,0,60,,28059,40,0,14,0,25,,28060,40,0,14,0,20,,28061,40,0,14,0,65,,28062,40,0,14,0,20,,28063,40,0,14,0,25,,28064,40,0,14,0,60,,28065,40,0,14,0,25,,28066,40,0,14,0,60,,28067,40,0,14,0,25,,28068,40,0,14,0,20,,28069,40,0,14,0,65,,28070,40,0,14,0,20,,28071,40,0,14,0,25,,28072,40,0,14,0,60,,28073,40,0,14,0,25,,28074,40,0,14,0,60,,28075,40,0,14,0,25,,28076,40,0,14,0,20,,28077,40,0,14,0,65,,28078,40,0,14,0,20,,28079,40,0,14,0,25,,28080,40,0,14,0,60,,28081,40,0,14,0,30,,28082,40,0,14,0,76,,28083,40,0,14,0,80,,28084,40,0,14,0,40,,28085,40,0,14,0,80,,28086,40,0,14,0,80,,28087,40,0,14,0,40,,28088,40,0,14,0,80,,28089,40,0,14,0
722600,'1350',725,,28857,11,,,0,84,,28858,11,,,0,650,,28859,12,,,0,82,,28860,12,,,0
722600,'1351',725,,28861,11,,,0,84,,28862,11,,,0,650,,28863,12,,,0,82,,28864,12,,,0
722600,'1352',725,,28865,11,,,0,84,,28866,11,,,0,650,,28867,12,,,0,82,,28868,12,,,0
722600,'1353',725,,28869,11,,,0,84,,28870,11,,,0,650,,28871,12,,,0,82,,28872,12,,,0
722600,'1354',725,,28873,11,,,0,84,,28874,11,,,0,650,,28875,12,,,0,82,,28876,12,,,0
