70101,'1349',700,,25320,1,0,17,0,130,,25321,1,0,17,0,170,,25322,1,0,17,0,130,,25323,1,0,17,0,170,,25324,1,0,17,0,130,,25325,1,0,17,0,170,,25326,1,0,17,0,130,,25327,1,0,17,0
70101,'1350',700,,25328,1,0,17,0,45,,25329,1,0,17,0,85,,25330,1,0,17,0,85,,25331,1,0,17,0,85,,25332,1,0,17,0,130,,25333,1,0,17,0,170,,25334,1,0,17,0,45,,25335,1,0,17,0,85,,25336,1,0,17,0,85,,25337,1,0,17,0,85,,25338,1,0,17,0,45,,25339,1,0,17,0,85,,25340,1,0,17,0,85,,25341,1,0,17,0
70101,'1351',700,,25342,1,0,17,0,45,,25343,1,0,17,0,85,,25344,1,0,17,0,85,,25345,1,0,17,0,85,,25346,1,0,17,0,130,,25347,1,0,17,0,170,,25348,1,0,17,0,45,,25349,1,0,17,0,85,,25350,1,0,17,0,85,,25351,1,0,17,0,85,,25352,1,0,17,0,45,,25353,1,0,17,0,85,,25354,1,0,17,0,85,,25355,1,0,17,0
70101,'1352',700,,25356,1,0,17,0,45,,25357,1,0,17,0,85,,25358,1,0,17,0,85,,25359,1,0,17,0,85,,25360,1,0,17,0,130,,25361,1,0,17,0,170,,25362,1,0,17,0,45,,25363,1,0,17,0,85,,25364,1,0,17,0,85,,25365,1,0,17,0,85,,25366,1,0,17,0,45,,25367,1,0,17,0,85,,25368,1,0,17,0,85,,25369,1,0,17,0
70101,'1353',700,,25370,1,0,17,0,45,,25371,1,0,17,0,85,,25372,1,0,17,0,85,,25373,1,0,17,0,85,,25374,1,0,17,0,130,,25375,1,0,17,0,170,,25376,1,0,17,0,45,,25377,1,0,17,0,85,,25378,1,0,17,0,85,,25379,1,0,17,0,85,,25380,1,0,17,0,45,,25381,1,0,17,0,85,,25382,1,0,17,0,85,,25383,1,0,17,0
70101,'1354',700,,25384,1,0,17,0,45,,25385,1,0,17,0,85,,25386,1,0,17,0,85,,25387,1,0,17,0,85,,25388,1,0,17,0,130,,25389,1,0,17,0,170,,25390,1,0,17,0,45,,25391,1,0,17,0,85,,25392,1,0,17,0,85,,25393,1,0,17,0,85,,25394,1,0,17,0,45,,25395,1,0,17,0,85,,25396,1,0,17,0,85,,25397,1,0,17,0
70102,'1349',830,,25398,48,4,,0,170,,25399,48,4,,0,130,,25400,48,4,,0,170,,25401,48,4,,0,130,,25402,48,4,,0,170,,25403,48,4,,0,130,,25404,48,4,,0,170,,25405,48,4,,0
70102,'1350',745,,25406,48,4,,0,85,,25407,48,4,,0,85,,25408,48,4,,0,85,,25409,48,4,,0,45,,25410,48,4,,0,85,,25411,48,4,,0,170,,25412,48,4,,0,130,,25413,48,4,,0,85,,25414,48,4,,0,85,,25415,48,4,,0,45,,25416,48,4,,0,85,,25417,48,4,,0,85,,25418,48,4,,0,85,,25419,48,4,,0
70102,'1351',745,,25420,48,4,,0,85,,25421,48,4,,0,85,,25422,48,4,,0,85,,25423,48,4,,0,45,,25424,48,4,,0,85,,25425,48,4,,0,170,,25426,48,4,,0,130,,25427,48,4,,0,85,,25428,48,4,,0,85,,25429,48,4,,0,45,,25430,48,4,,0,85,,25431,48,4,,0,85,,25432,48,4,,0,85,,25433,48,4,,0
70102,'1352',745,,25434,48,4,,0,85,,25435,48,4,,0,85,,25436,48,4,,0,85,,25437,48,4,,0,45,,25438,48,4,,0,85,,25439,48,4,,0,170,,25440,48,4,,0,130,,25441,48,4,,0,85,,25442,48,4,,0,85,,25443,48,4,,0,45,,25444,48,4,,0,85,,25445,48,4,,0,85,,25446,48,4,,0,85,,25447,48,4,,0
70102,'1353',745,,25448,48,4,,0,85,,25449,48,4,,0,85,,25450,48,4,,0,85,,25451,48,4,,0,45,,25452,48,4,,0,85,,25453,48,4,,0,170,,25454,48,4,,0,130,,25455,48,4,,0,85,,25456,48,4,,0,85,,25457,48,4,,0,45,,25458,48,4,,0,85,,25459,48,4,,0,85,,25460,48,4,,0,85,,25461,48,4,,0
70102,'1354',745,,25462,48,4,,0,85,,25463,48,4,,0,85,,25464,48,4,,0,85,,25465,48,4,,0,45,,25466,48,4,,0,85,,25467,48,4,,0,170,,25468,48,4,,0,130,,25469,48,4,,0,85,,25470,48,4,,0,85,,25471,48,4,,0,45,,25472,48,4,,0,85,,25473,48,4,,0,85,,25474,48,4,,0,85,,25475,48,4,,0
