2000,'1348',918,,24502,5,,,0
2000,'1349',618,,24518,5,,,0
2000,'1350',543,,24558,5,,,0
2000,'1351',543,,24606,5,,,0
2000,'1352',543,,24654,5,,,0
2000,'1353',543,,24702,5,,,0
2000,'1354',543,,24750,5,,,0
2001,'1348',1004,,24801,73,,,0,45,,24800,73,,,0,85,,24799,73,,,0,85,,24798,73,,,0,85,,24797,73,,,0,45,,24796,73,,,0,85,,24792,73,,,0,85,,24803,73,,,0,85,,24802,73,,,0,45,,24795,73,,,0,85,,24794,73,,,0,85,,24793,73,,,0,85,,24791,73,,,0,45,,24790,73,,,0,85,,24789,73,,,0
2001,'1349',704,,24821,73,,,0,45,,24822,73,,,0,85,,24823,73,,,0,85,,24824,73,,,0,38,,24804,73,,,0,70,,24805,73,,,0,30,,24806,73,,,0,70,,24807,73,,,0,80,,24808,73,,,0,30,,24809,73,,,0,70,,24810,73,,,0,30,,24811,73,,,0,80,,24812,73,,,0,30,,24813,73,,,0,70,,24814,73,,,0,30,,24815,73,,,0,80,,24816,73,,,0,30,,24817,73,,,0,70,,24818,73,,,0,30,,24819,73,,,0,80,,24820,73,,,0,77,,24825,73,,,0,45,,24826,73,,,0,85,,24827,73,,,0,85,,24828,73,,,0,85,,24829,73,,,0,45,,24830,73,,,0,85,,24831,73,,,0,85,,24832,73,,,0,85,,24833,73,,,0
2001,'1350',644,,24834,73,,,0,60,,24835,73,,,0,20,,24836,73,,,0,20,,24837,73,,,0,60,,24838,73,,,0,20,,24839,73,,,0,20,,24840,73,,,0,60,,24841,73,,,0,20,,24842,73,,,0,20,,24843,73,,,0,60,,24844,73,,,0,20,,24845,73,,,0,20,,24846,73,,,0,60,,24847,73,,,0,20,,24848,73,,,0,20,,24849,73,,,0,60,,24850,73,,,0,20,,24851,73,,,0,20,,24852,73,,,0,60,,24853,73,,,0,20,,24854,73,,,0,20,,24855,73,,,0,60,,24856,73,,,0,20,,24857,73,,,0,20,,24858,73,,,0,60,,24859,73,,,0,20,,24860,73,,,0,20,,24861,73,,,0,60,,24862,73,,,0,20,,24863,73,,,0,20,,24864,73,,,0,60,,24865,73,,,0,20,,24866,73,,,0,20,,24867,73,,,0,60,,24868,73,,,0,20,,24869,73,,,0,20,,24870,73,,,0,60,,24871,73,,,0,45,,24872,73,,,0,85,,24873,73,,,0,85,,24874,73,,,0,85,,24875,73,,,0,45,,24876,73,,,0,85,,24877,73,,,0,85,,24878,73,,,0,85,,24879,73,,,0,45,,24880,73,,,0
2001,'1351',644,,24881,73,,,0,60,,24882,73,,,0,20,,24883,73,,,0,20,,24884,73,,,0,60,,24885,73,,,0,20,,24886,73,,,0,20,,24887,73,,,0,60,,24888,73,,,0,20,,24889,73,,,0,20,,24890,73,,,0,60,,24891,73,,,0,20,,24892,73,,,0,20,,24893,73,,,0,60,,24894,73,,,0,20,,24895,73,,,0,20,,24896,73,,,0,60,,24897,73,,,0,20,,24898,73,,,0,20,,24899,73,,,0,60,,24900,73,,,0,20,,24901,73,,,0,20,,24902,73,,,0,60,,24903,73,,,0,20,,24904,73,,,0,20,,24905,73,,,0,60,,24906,73,,,0,20,,24907,73,,,0,20,,24908,73,,,0,60,,24909,73,,,0,20,,24910,73,,,0,20,,24911,73,,,0,60,,24912,73,,,0,20,,24913,73,,,0,20,,24914,73,,,0,60,,24915,73,,,0,20,,24916,73,,,0,20,,24917,73,,,0,60,,24918,73,,,0,45,,24919,73,,,0,85,,24920,73,,,0,85,,24921,73,,,0,85,,24922,73,,,0,45,,24923,73,,,0,85,,24924,73,,,0,85,,24925,73,,,0,85,,24926,73,,,0,45,,24927,73,,,0
2001,'1352',644,,24928,73,,,0,60,,24929,73,,,0,20,,24930,73,,,0,20,,24931,73,,,0,60,,24932,73,,,0,20,,24933,73,,,0,20,,24934,73,,,0,60,,24935,73,,,0,20,,24936,73,,,0,20,,24937,73,,,0,60,,24938,73,,,0,20,,24939,73,,,0,20,,24940,73,,,0,60,,24941,73,,,0,20,,24942,73,,,0,20,,24943,73,,,0,60,,24944,73,,,0,20,,24945,73,,,0,20,,24946,73,,,0,60,,24947,73,,,0,20,,24948,73,,,0,20,,24949,73,,,0,60,,24950,73,,,0,20,,24951,73,,,0,20,,24952,73,,,0,60,,24953,73,,,0,20,,24954,73,,,0,20,,24955,73,,,0,60,,24956,73,,,0,20,,24957,73,,,0,20,,24958,73,,,0,60,,24959,73,,,0,20,,24960,73,,,0,20,,24961,73,,,0,60,,24962,73,,,0,20,,24963,73,,,0,20,,24964,73,,,0,60,,24965,73,,,0,45,,24966,73,,,0,85,,24967,73,,,0,85,,24968,73,,,0,85,,24969,73,,,0,45,,24970,73,,,0,85,,24971,73,,,0,85,,24972,73,,,0,85,,24973,73,,,0,45,,24974,73,,,0
2001,'1353',644,,24975,73,,,0,60,,24976,73,,,0,20,,24977,73,,,0,20,,24978,73,,,0,60,,24979,73,,,0,20,,24980,73,,,0,20,,24981,73,,,0,60,,24982,73,,,0,20,,24983,73,,,0,20,,24984,73,,,0,60,,24985,73,,,0,20,,24986,73,,,0,20,,24987,73,,,0,60,,24988,73,,,0,20,,24989,73,,,0,20,,24990,73,,,0,60,,24991,73,,,0,20,,24992,73,,,0,20,,24993,73,,,0,60,,24994,73,,,0,20,,24995,73,,,0,20,,24996,73,,,0,60,,24997,73,,,0,20,,24998,73,,,0,20,,24999,73,,,0,60,,25000,73,,,0,20,,25001,73,,,0,20,,25002,73,,,0,60,,25003,73,,,0,20,,25004,73,,,0,20,,25005,73,,,0,60,,25006,73,,,0,20,,25007,73,,,0,20,,25008,73,,,0,60,,25009,73,,,0,20,,25010,73,,,0,20,,25011,73,,,0,60,,25012,73,,,0,45,,25013,73,,,0,85,,25014,73,,,0,85,,25015,73,,,0,85,,25016,73,,,0,45,,25017,73,,,0,85,,25018,73,,,0,85,,25019,73,,,0,85,,25020,73,,,0,45,,25021,73,,,0
2001,'1354',644,,25022,73,,,0,60,,25023,73,,,0,20,,25024,73,,,0,20,,25025,73,,,0,60,,25026,73,,,0,20,,25027,73,,,0,20,,25028,73,,,0,60,,25029,73,,,0,20,,25030,73,,,0,20,,25031,73,,,0,60,,25032,73,,,0,20,,25033,73,,,0,20,,25034,73,,,0,60,,25035,73,,,0,20,,25036,73,,,0,20,,25037,73,,,0,60,,25038,73,,,0,20,,25039,73,,,0,20,,25040,73,,,0,60,,25041,73,,,0,20,,25042,73,,,0,20,,25043,73,,,0,60,,25044,73,,,0,20,,25045,73,,,0,20,,25046,73,,,0,60,,25047,73,,,0,20,,25048,73,,,0,20,,25049,73,,,0,60,,25050,73,,,0,20,,25051,73,,,0,20,,25052,73,,,0,60,,25053,73,,,0,20,,25054,73,,,0,20,,25055,73,,,0,60,,25056,73,,,0,20,,25057,73,,,0,20,,25058,73,,,0,60,,25059,73,,,0,45,,25060,73,,,0,85,,25061,73,,,0,85,,25062,73,,,0,85,,25063,73,,,0,45,,25064,73,,,0,85,,25065,73,,,0,85,,25066,73,,,0,85,,25067,73,,,0,45,,25068,73,,,0
