2801,'1342',826,,17993,17,,,0,110,,17994,17,,,0,110,,17995,17,,,0,110,,17996,17,,,0,150,,17997,17,,,0,110,,17998,17,,,0,110,,17999,17,,,0,110,,18000,17,,,0,110,,18001,17,,,0,110,,18002,17,,,0
2801,'1343',651,,18003,17,,,0,75,,18004,17,,,0,75,,18005,17,,,0,35,,18006,17,,,0,75,,18007,17,,,0,35,,18008,17,,,0,75,,18009,17,,,0,35,,18010,17,,,0,75,,18011,17,,,0,75,,18012,17,,,0,35,,18013,17,,,0,75,,18014,17,,,0,35,,18015,17,,,0,75,,18016,17,,,0,75,,18017,17,,,0,35,,18018,17,,,0,75,,18019,17,,,0,35,,18020,17,,,0,75,,18021,17,,,0,35,,18022,17,,,0,75,,18023,17,,,0,75,,18024,17,,,0,35,,18025,17,,,0
2801,'1344',651,,18026,17,,,0,75,,18027,17,,,0,75,,18028,17,,,0,35,,18029,17,,,0,75,,18030,17,,,0,35,,18031,17,,,0,75,,18032,17,,,0,35,,18033,17,,,0,75,,18034,17,,,0,75,,18035,17,,,0,35,,18036,17,,,0,75,,18037,17,,,0,35,,18038,17,,,0,75,,18039,17,,,0,75,,18040,17,,,0,35,,18041,17,,,0,75,,18042,17,,,0,35,,18043,17,,,0,75,,18044,17,,,0,35,,18045,17,,,0,75,,18046,17,,,0,75,,18047,17,,,0,35,,18048,17,,,0
2801,'1345',651,,18049,17,,,0,75,,18050,17,,,0,75,,18051,17,,,0,35,,18052,17,,,0,75,,18053,17,,,0,35,,18054,17,,,0,75,,18055,17,,,0,35,,18056,17,,,0,75,,18057,17,,,0,75,,18058,17,,,0,35,,18059,17,,,0,75,,18060,17,,,0,35,,18061,17,,,0,75,,18062,17,,,0,75,,18063,17,,,0,35,,18064,17,,,0,75,,18065,17,,,0,35,,18066,17,,,0,75,,18067,17,,,0,35,,18068,17,,,0,75,,18069,17,,,0,75,,18070,17,,,0,35,,18071,17,,,0
2801,'1346',651,,18072,17,,,0,75,,18073,17,,,0,75,,18074,17,,,0,35,,18075,17,,,0,75,,18076,17,,,0,35,,18077,17,,,0,75,,18078,17,,,0,35,,18079,17,,,0,75,,18080,17,,,0,75,,18081,17,,,0,35,,18082,17,,,0,75,,18083,17,,,0,35,,18084,17,,,0,75,,18085,17,,,0,75,,18086,17,,,0,35,,18087,17,,,0,75,,18088,17,,,0,35,,18089,17,,,0,75,,18090,17,,,0,35,,18091,17,,,0,75,,18092,17,,,0,75,,18093,17,,,0,35,,18094,17,,,0
2801,'1347',651,,18095,17,,,0,75,,18096,17,,,0,75,,18097,17,,,0,35,,18098,17,,,0,75,,18099,17,,,0,35,,18100,17,,,0,75,,18101,17,,,0,35,,18102,17,,,0,75,,18103,17,,,0,75,,18104,17,,,0,35,,18105,17,,,0,75,,18106,17,,,0,35,,18107,17,,,0,75,,18108,17,,,0,75,,18109,17,,,0,35,,18110,17,,,0,75,,18111,17,,,0,35,,18112,17,,,0,75,,18113,17,,,0,35,,18114,17,,,0,75,,18115,17,,,0,75,,18116,17,,,0,35,,18117,17,,,0
722501,'1343',555,,21475,43,0,17,0,160,,21476,43,0,17,0,100,,21477,43,0,17,0,100,,21478,43,0,17,0,100,,21479,43,0,17,0,100,,21480,43,0,17,0,100,,21481,43,0,17,0,100,,21482,43,0,17,0,100,,21483,43,0,17,0,100,,21484,43,0,17,0,100,,21485,43,0,17,0,100,,21486,43,0,17,0,100,,21487,43,0,17,0,100,,21488,43,0,17,0,100,,21489,43,0,17,0,100,,21490,43,0,17,0,100,,21491,43,0,17,0,100,,21492,43,0,17,0
722501,'1344',555,,21493,43,0,17,0,160,,21494,43,0,17,0,100,,21495,43,0,17,0,100,,21496,43,0,17,0,100,,21497,43,0,17,0,100,,21498,43,0,17,0,100,,21499,43,0,17,0,100,,21500,43,0,17,0,100,,21501,43,0,17,0,100,,21502,43,0,17,0,100,,21503,43,0,17,0,100,,21504,43,0,17,0,100,,21505,43,0,17,0,100,,21506,43,0,17,0,100,,21507,43,0,17,0,100,,21508,43,0,17,0,100,,21509,43,0,17,0,100,,21510,43,0,17,0
722501,'1345',555,,21511,43,0,17,0,160,,21512,43,0,17,0,100,,21513,43,0,17,0,100,,21514,43,0,17,0,100,,21515,43,0,17,0,100,,21516,43,0,17,0,100,,21517,43,0,17,0,100,,21518,43,0,17,0,100,,21519,43,0,17,0,100,,21520,43,0,17,0,100,,21521,43,0,17,0,100,,21522,43,0,17,0,100,,21523,43,0,17,0,100,,21524,43,0,17,0,100,,21525,43,0,17,0,100,,21526,43,0,17,0,100,,21527,43,0,17,0,100,,21528,43,0,17,0
722501,'1346',555,,21529,43,0,17,0,160,,21530,43,0,17,0,100,,21531,43,0,17,0,100,,21532,43,0,17,0,100,,21533,43,0,17,0,100,,21534,43,0,17,0,100,,21535,43,0,17,0,100,,21536,43,0,17,0,100,,21537,43,0,17,0,100,,21538,43,0,17,0,100,,21539,43,0,17,0,100,,21540,43,0,17,0,100,,21541,43,0,17,0,100,,21542,43,0,17,0,100,,21543,43,0,17,0,100,,21544,43,0,17,0,100,,21545,43,0,17,0,100,,21546,43,0,17,0
722501,'1347',555,,21547,43,0,17,0,160,,21548,43,0,17,0,100,,21549,43,0,17,0,100,,21550,43,0,17,0,100,,21551,43,0,17,0,100,,21552,43,0,17,0,100,,21553,43,0,17,0,100,,21554,43,0,17,0,100,,21555,43,0,17,0,100,,21556,43,0,17,0,100,,21557,43,0,17,0,100,,21558,43,0,17,0,100,,21559,43,0,17,0,100,,21560,43,0,17,0,100,,21561,43,0,17,0,100,,21562,43,0,17,0,100,,21563,43,0,17,0,100,,21564,43,0,17,0
