721404,'1355',930,,35420,43,0,14,0,110,,35419,43,0,14,0,110,,35418,43,0,14,0,150,,35417,43,0,14,0,110,,35416,43,0,14,0,110,,35415,43,0,14,0,110,,35414,43,0,14,0,110,,35413,43,0,14,0
721404,'1356',829,,35421,43,0,14,0,110,,35422,43,0,14,0,110,,35423,43,0,14,0,110,,35424,43,0,14,0,150,,35425,43,0,14,0,113,,35426,43,0,14,0,85,,35427,43,0,14,0,45,,35428,43,0,14,0,85,,35429,43,0,14,0,85,,35430,43,0,14,0,85,,35431,43,0,14,0,45,,35432,43,0,14,0,85,,35433,43,0,14,0
721404,'1357',654,,35434,43,0,14,0,97,,35435,43,0,14,0,85,,35436,43,0,14,0,85,,35437,43,0,14,0,85,,35438,43,0,14,0,45,,35439,43,0,14,0,85,,35440,43,0,14,0,85,,35441,43,0,14,0,85,,35442,43,0,14,0,45,,35443,43,0,14,0,85,,35444,43,0,14,0,85,,35445,43,0,14,0,85,,35446,43,0,14,0,45,,35447,43,0,14,0,85,,35448,43,0,14,0,85,,35449,43,0,14,0,85,,35450,43,0,14,0,45,,35451,43,0,14,0,85,,35452,43,0,14,0,85,,35453,43,0,14,0
721404,'1358',654,,35454,43,0,14,0,97,,35455,43,0,14,0,85,,35456,43,0,14,0,85,,35457,43,0,14,0,85,,35458,43,0,14,0,45,,35459,43,0,14,0,85,,35460,43,0,14,0,85,,35461,43,0,14,0,85,,35462,43,0,14,0,45,,35463,43,0,14,0,85,,35464,43,0,14,0,85,,35465,43,0,14,0,85,,35466,43,0,14,0,45,,35467,43,0,14,0,85,,35468,43,0,14,0,85,,35469,43,0,14,0,85,,35470,43,0,14,0,45,,35471,43,0,14,0,85,,35472,43,0,14,0,85,,35473,43,0,14,0
721404,'1359',654,,35474,43,0,14,0,97,,35475,43,0,14,0,85,,35476,43,0,14,0,85,,35477,43,0,14,0,85,,35478,43,0,14,0,45,,35479,43,0,14,0,85,,35480,43,0,14,0,85,,35481,43,0,14,0,85,,35482,43,0,14,0,45,,35483,43,0,14,0,85,,35484,43,0,14,0,85,,35485,43,0,14,0,85,,35486,43,0,14,0,45,,35487,43,0,14,0,85,,35488,43,0,14,0,85,,35489,43,0,14,0,85,,35490,43,0,14,0,45,,35491,43,0,14,0,85,,35492,43,0,14,0,85,,35493,43,0,14,0
721404,'1360',654,,35494,43,0,14,0,97,,35495,43,0,14,0,85,,35496,43,0,14,0,85,,35497,43,0,14,0,85,,35498,43,0,14,0,45,,35499,43,0,14,0,85,,35500,43,0,14,0,85,,35501,43,0,14,0,85,,35502,43,0,14,0,45,,35503,43,0,14,0,85,,35504,43,0,14,0,85,,35505,43,0,14,0,85,,35506,43,0,14,0,45,,35507,43,0,14,0,85,,35508,43,0,14,0,85,,35509,43,0,14,0,85,,35510,43,0,14,0,45,,35511,43,0,14,0,85,,35512,43,0,14,0,85,,35513,43,0,14,0
721404,'1361',654,,35514,43,0,14,0,97,,35515,43,0,14,0,85,,35516,43,0,14,0,85,,35517,43,0,14,0,85,,35518,43,0,14,0,45,,35519,43,0,14,0,85,,35520,43,0,14,0,85,,35521,43,0,14,0,85,,35522,43,0,14,0,45,,35523,43,0,14,0,85,,35524,43,0,14,0,85,,35525,43,0,14,0,85,,35526,43,0,14,0,45,,35527,43,0,14,0,85,,35528,43,0,14,0,85,,35529,43,0,14,0,85,,35530,43,0,14,0,45,,35531,43,0,14,0,85,,35532,43,0,14,0,85,,35533,43,0,14,0
722600,'1357',721,,36062,7,,,0,84,,36059,7,,,0,649,,36060,8,,,0,84,,36061,8,,,0
722600,'1358',721,,36066,7,,,0,84,,36063,7,,,0,649,,36064,8,,,0,84,,36065,8,,,0
722600,'1359',721,,36070,7,,,0,84,,36067,7,,,0,649,,36068,8,,,0,84,,36069,8,,,0
722600,'1360',721,,36074,7,,,0,84,,36071,7,,,0,649,,36072,8,,,0,84,,36073,8,,,0
722600,'1361',721,,36078,7,,,0,84,,36075,7,,,0,649,,36076,8,,,0,84,,36077,8,,,0
