552200,'1350',653,,25874,11,0,9,0,70,,25875,11,0,9,0,30,,25876,11,0,9,0,70,,25877,11,0,9,0,30,,25878,11,0,9,0,70,,25879,11,0,9,0,30,,25880,11,0,9,0,70,,25881,11,0,9,0,30,,25882,11,0,9,0,70,,25883,11,0,9,0,30,,25884,11,0,9,0,70,,25885,11,0,9,0,30,,25886,11,0,9,0,70,,25887,11,0,9,0,30,,25888,11,0,9,0,70,,25889,11,0,9,0,30,,25890,11,0,9,0,70,,25891,11,0,9,0,30,,25892,11,0,9,0,70,,25893,11,0,9,0,30,,25894,11,0,9,0,70,,25895,11,0,9,0,30,,25896,11,0,9,0
552200,'1351',653,,25897,11,0,9,0,70,,25898,11,0,9,0,30,,25899,11,0,9,0,70,,25900,11,0,9,0,30,,25901,11,0,9,0,70,,25902,11,0,9,0,30,,25903,11,0,9,0,70,,25904,11,0,9,0,30,,25905,11,0,9,0,70,,25906,11,0,9,0,30,,25907,11,0,9,0,70,,25908,11,0,9,0,30,,25909,11,0,9,0,70,,25910,11,0,9,0,30,,25911,11,0,9,0,70,,25912,11,0,9,0,30,,25913,11,0,9,0,70,,25914,11,0,9,0,30,,25915,11,0,9,0,70,,25916,11,0,9,0,30,,25917,11,0,9,0,70,,25918,11,0,9,0,30,,25919,11,0,9,0
552200,'1352',653,,25920,11,0,9,0,70,,25921,11,0,9,0,30,,25922,11,0,9,0,70,,25923,11,0,9,0,30,,25924,11,0,9,0,70,,25925,11,0,9,0,30,,25926,11,0,9,0,70,,25927,11,0,9,0,30,,25928,11,0,9,0,70,,25929,11,0,9,0,30,,25930,11,0,9,0,70,,25931,11,0,9,0,30,,25932,11,0,9,0,70,,25933,11,0,9,0,30,,25934,11,0,9,0,70,,25935,11,0,9,0,30,,25936,11,0,9,0,70,,25937,11,0,9,0,30,,25938,11,0,9,0,70,,25939,11,0,9,0,30,,25940,11,0,9,0,70,,25941,11,0,9,0,30,,25942,11,0,9,0
552200,'1353',653,,25943,11,0,9,0,70,,25944,11,0,9,0,30,,25945,11,0,9,0,70,,25946,11,0,9,0,30,,25947,11,0,9,0,70,,25948,11,0,9,0,30,,25949,11,0,9,0,70,,25950,11,0,9,0,30,,25951,11,0,9,0,70,,25952,11,0,9,0,30,,25953,11,0,9,0,70,,25954,11,0,9,0,30,,25955,11,0,9,0,70,,25956,11,0,9,0,30,,25957,11,0,9,0,70,,25958,11,0,9,0,30,,25959,11,0,9,0,70,,25960,11,0,9,0,30,,25961,11,0,9,0,70,,25962,11,0,9,0,30,,25963,11,0,9,0,70,,25964,11,0,9,0,30,,25965,11,0,9,0
552200,'1354',653,,25966,11,0,9,0,70,,25967,11,0,9,0,30,,25968,11,0,9,0,70,,25969,11,0,9,0,30,,25970,11,0,9,0,70,,25971,11,0,9,0,30,,25972,11,0,9,0,70,,25973,11,0,9,0,30,,25974,11,0,9,0,70,,25975,11,0,9,0,30,,25976,11,0,9,0,70,,25977,11,0,9,0,30,,25978,11,0,9,0,70,,25979,11,0,9,0,30,,25980,11,0,9,0,70,,25981,11,0,9,0,30,,25982,11,0,9,0,70,,25983,11,0,9,0,30,,25984,11,0,9,0,70,,25985,11,0,9,0,30,,25986,11,0,9,0,70,,25987,11,0,9,0,30,,25988,11,0,9,0
721203,'1348',1018,,27146,47,0,15,0,85,,27145,47,0,15,0,45,,27144,47,0,15,0,85,,27143,47,0,15,0,85,,27142,47,0,15,0,85,,27141,47,0,15,0,45,,27140,47,0,15,0,85,,27139,47,0,15,0,85,,27138,47,0,15,0,85,,27137,47,0,15,0,45,,27136,47,0,15,0,85,,27135,47,0,15,0,85,,27134,47,0,15,0,85,,27133,47,0,15,0
721203,'1349',718,,27147,47,0,15,0,85,,27148,47,0,15,0,45,,27149,47,0,15,0,85,,27150,47,0,15,0,85,,27151,47,0,15,0,85,,27152,47,0,15,0,30,,27153,47,0,15,0,70,,27154,47,0,15,0,30,,27155,47,0,15,0,70,,27156,47,0,15,0,30,,27157,47,0,15,0,70,,27158,47,0,15,0,30,,27159,47,0,15,0,70,,27160,47,0,15,0,30,,27161,47,0,15,0,70,,27162,47,0,15,0,30,,27163,47,0,15,0,70,,27164,47,0,15,0,30,,27165,47,0,15,0,70,,27166,47,0,15,0,30,,27167,47,0,15,0,70,,27168,47,0,15,0,45,,27169,47,0,15,0,85,,27170,47,0,15,0,85,,27171,47,0,15,0,85,,27172,47,0,15,0,45,,27173,47,0,15,0,85,,27174,47,0,15,0
721203,'1350',648,,27175,47,0,15,0,70,,27176,47,0,15,0,30,,27177,47,0,15,0,70,,27178,47,0,15,0,15,,27179,47,0,15,0,15,,27180,47,0,15,0,55,,27181,47,0,15,0,15,,27182,47,0,15,0,30,,27183,47,0,15,0,70,,27184,47,0,15,0,30,,27185,47,0,15,0,70,,27186,47,0,15,0,30,,27187,47,0,15,0,70,,27188,47,0,15,0,30,,27189,47,0,15,0,70,,27190,47,0,15,0,30,,27191,47,0,15,0,70,,27192,47,0,15,0,30,,27193,47,0,15,0,70,,27194,47,0,15,0,15,,27195,47,0,15,0,15,,27196,47,0,15,0,55,,27197,47,0,15,0,15,,27198,47,0,15,0,30,,27199,47,0,15,0,70,,27200,47,0,15,0,30,,27201,47,0,15,0,70,,27202,47,0,15,0,30,,27203,47,0,15,0,70,,27204,47,0,15,0,85,,27205,47,0,15,0,45,,27206,47,0,15,0,85,,27207,47,0,15,0,85,,27208,47,0,15,0,85,,27209,47,0,15,0,45,,27210,47,0,15,0
721203,'1351',648,,27211,47,0,15,0,70,,27212,47,0,15,0,30,,27213,47,0,15,0,70,,27214,47,0,15,0,15,,27215,47,0,15,0,15,,27216,47,0,15,0,55,,27217,47,0,15,0,15,,27218,47,0,15,0,30,,27219,47,0,15,0,70,,27220,47,0,15,0,30,,27221,47,0,15,0,70,,27222,47,0,15,0,30,,27223,47,0,15,0,70,,27224,47,0,15,0,30,,27225,47,0,15,0,70,,27226,47,0,15,0,30,,27227,47,0,15,0,70,,27228,47,0,15,0,30,,27229,47,0,15,0,70,,27230,47,0,15,0,15,,27231,47,0,15,0,15,,27232,47,0,15,0,55,,27233,47,0,15,0,15,,27234,47,0,15,0,30,,27235,47,0,15,0,70,,27236,47,0,15,0,30,,27237,47,0,15,0,70,,27238,47,0,15,0,30,,27239,47,0,15,0,70,,27240,47,0,15,0,85,,27241,47,0,15,0,45,,27242,47,0,15,0,85,,27243,47,0,15,0,85,,27244,47,0,15,0,85,,27245,47,0,15,0,45,,27246,47,0,15,0
721203,'1352',648,,27247,47,0,15,0,70,,27248,47,0,15,0,30,,27249,47,0,15,0,70,,27250,47,0,15,0,15,,27251,47,0,15,0,15,,27252,47,0,15,0,55,,27253,47,0,15,0,15,,27254,47,0,15,0,30,,27255,47,0,15,0,70,,27256,47,0,15,0,30,,27257,47,0,15,0,70,,27258,47,0,15,0,30,,27259,47,0,15,0,70,,27260,47,0,15,0,30,,27261,47,0,15,0,70,,27262,47,0,15,0,30,,27263,47,0,15,0,70,,27264,47,0,15,0,30,,27265,47,0,15,0,70,,27266,47,0,15,0,15,,27267,47,0,15,0,15,,27268,47,0,15,0,55,,27269,47,0,15,0,15,,27270,47,0,15,0,30,,27271,47,0,15,0,70,,27272,47,0,15,0,30,,27273,47,0,15,0,70,,27274,47,0,15,0,30,,27275,47,0,15,0,70,,27276,47,0,15,0,85,,27277,47,0,15,0,45,,27278,47,0,15,0,85,,27279,47,0,15,0,85,,27280,47,0,15,0,85,,27281,47,0,15,0,45,,27282,47,0,15,0
721203,'1353',648,,27283,47,0,15,0,70,,27284,47,0,15,0,30,,27285,47,0,15,0,70,,27286,47,0,15,0,15,,27287,47,0,15,0,15,,27288,47,0,15,0,55,,27289,47,0,15,0,15,,27290,47,0,15,0,30,,27291,47,0,15,0,70,,27292,47,0,15,0,30,,27293,47,0,15,0,70,,27294,47,0,15,0,30,,27295,47,0,15,0,70,,27296,47,0,15,0,30,,27297,47,0,15,0,70,,27298,47,0,15,0,30,,27299,47,0,15,0,70,,27300,47,0,15,0,30,,27301,47,0,15,0,70,,27302,47,0,15,0,15,,27303,47,0,15,0,15,,27304,47,0,15,0,55,,27305,47,0,15,0,15,,27306,47,0,15,0,30,,27307,47,0,15,0,70,,27308,47,0,15,0,30,,27309,47,0,15,0,70,,27310,47,0,15,0,30,,27311,47,0,15,0,70,,27312,47,0,15,0,85,,27313,47,0,15,0,45,,27314,47,0,15,0,85,,27315,47,0,15,0,85,,27316,47,0,15,0,85,,27317,47,0,15,0,45,,27318,47,0,15,0
721203,'1354',648,,27319,47,0,15,0,70,,27320,47,0,15,0,30,,27321,47,0,15,0,70,,27322,47,0,15,0,15,,27323,47,0,15,0,15,,27324,47,0,15,0,55,,27325,47,0,15,0,15,,27326,47,0,15,0,30,,27327,47,0,15,0,70,,27328,47,0,15,0,30,,27329,47,0,15,0,70,,27330,47,0,15,0,30,,27331,47,0,15,0,70,,27332,47,0,15,0,30,,27333,47,0,15,0,70,,27334,47,0,15,0,30,,27335,47,0,15,0,70,,27336,47,0,15,0,30,,27337,47,0,15,0,70,,27338,47,0,15,0,15,,27339,47,0,15,0,15,,27340,47,0,15,0,55,,27341,47,0,15,0,15,,27342,47,0,15,0,30,,27343,47,0,15,0,70,,27344,47,0,15,0,30,,27345,47,0,15,0,70,,27346,47,0,15,0,30,,27347,47,0,15,0,70,,27348,47,0,15,0,85,,27349,47,0,15,0,45,,27350,47,0,15,0,85,,27351,47,0,15,0,85,,27352,47,0,15,0,85,,27353,47,0,15,0,45,,27354,47,0,15,0
