721403,'1348',1008,,28094,48,4,,0,110,,28093,48,4,,0,110,,28092,48,4,,0,110,,28091,48,4,,0,110,,28090,48,4,,0,110,,28097,48,4,,0,150,,28096,48,4,,0,110,,28095,48,4,,0
721403,'1349',908,,28098,48,4,,0,110,,28099,48,4,,0,110,,28100,48,4,,0,110,,28101,48,4,,0,118,,28102,48,4,,0,155,,28103,48,4,,0,45,,28104,48,4,,0,85,,28105,48,4,,0,85,,28106,48,4,,0,85,,28107,48,4,,0,45,,28108,48,4,,0,85,,28109,48,4,,0,85,,28110,48,4,,0
721403,'1350',741,,28111,48,4,,0,100,,28112,48,4,,0,85,,28113,48,4,,0,85,,28114,48,4,,0,45,,28115,48,4,,0,85,,28116,48,4,,0,85,,28117,48,4,,0,85,,28118,48,4,,0,45,,28119,48,4,,0,85,,28120,48,4,,0,85,,28121,48,4,,0,85,,28122,48,4,,0,45,,28123,48,4,,0,85,,28124,48,4,,0,85,,28125,48,4,,0,85,,28126,48,4,,0,45,,28127,48,4,,0,85,,28128,48,4,,0,85,,28129,48,4,,0,85,,28130,48,4,,0
721403,'1351',741,,28131,48,4,,0,100,,28132,48,4,,0,85,,28133,48,4,,0,85,,28134,48,4,,0,45,,28135,48,4,,0,85,,28136,48,4,,0,85,,28137,48,4,,0,85,,28138,48,4,,0,45,,28139,48,4,,0,85,,28140,48,4,,0,85,,28141,48,4,,0,85,,28142,48,4,,0,45,,28143,48,4,,0,85,,28144,48,4,,0,85,,28145,48,4,,0,85,,28146,48,4,,0,45,,28147,48,4,,0,85,,28148,48,4,,0,85,,28149,48,4,,0,85,,28150,48,4,,0
721403,'1352',741,,28151,48,4,,0,100,,28152,48,4,,0,85,,28153,48,4,,0,85,,28154,48,4,,0,45,,28155,48,4,,0,85,,28156,48,4,,0,85,,28157,48,4,,0,85,,28158,48,4,,0,45,,28159,48,4,,0,85,,28160,48,4,,0,85,,28161,48,4,,0,85,,28162,48,4,,0,45,,28163,48,4,,0,85,,28164,48,4,,0,85,,28165,48,4,,0,85,,28166,48,4,,0,45,,28167,48,4,,0,85,,28168,48,4,,0,85,,28169,48,4,,0,85,,28170,48,4,,0
721403,'1353',741,,28171,48,4,,0,100,,28172,48,4,,0,85,,28173,48,4,,0,85,,28174,48,4,,0,45,,28175,48,4,,0,85,,28176,48,4,,0,85,,28177,48,4,,0,85,,28178,48,4,,0,45,,28179,48,4,,0,85,,28180,48,4,,0,85,,28181,48,4,,0,85,,28182,48,4,,0,45,,28183,48,4,,0,85,,28184,48,4,,0,85,,28185,48,4,,0,85,,28186,48,4,,0,45,,28187,48,4,,0,85,,28188,48,4,,0,85,,28189,48,4,,0,85,,28190,48,4,,0
721403,'1354',741,,28191,48,4,,0,100,,28192,48,4,,0,85,,28193,48,4,,0,85,,28194,48,4,,0,45,,28195,48,4,,0,85,,28196,48,4,,0,85,,28197,48,4,,0,85,,28198,48,4,,0,45,,28199,48,4,,0,85,,28200,48,4,,0,85,,28201,48,4,,0,85,,28202,48,4,,0,45,,28203,48,4,,0,85,,28204,48,4,,0,85,,28205,48,4,,0,85,,28206,48,4,,0,45,,28207,48,4,,0,85,,28208,48,4,,0,85,,28209,48,4,,0,85,,28210,48,4,,0
721404,'1348',900,,28217,1,0,14,0,110,,28216,1,0,14,0,110,,28215,1,0,14,0,110,,28218,1,0,14,0,110,,28214,1,0,14,0,110,,28213,1,0,14,0,150,,28212,1,0,14,0,110,,28211,1,0,14,0
721404,'1349',800,,28219,1,0,14,0,110,,28220,1,0,14,0,110,,28221,1,0,14,0,110,,28222,1,0,14,0,110,,28223,1,0,14,0,105,,28224,1,0,14,0,85,,28225,1,0,14,0,85,,28226,1,0,14,0,85,,28227,1,0,14,0,45,,28228,1,0,14,0,85,,28229,1,0,14,0,85,,28230,1,0,14,0,85,,28231,1,0,14,0
721404,'1350',620,,28232,1,0,14,0,95,,28233,1,0,14,0,85,,28234,1,0,14,0,45,,28235,1,0,14,0,85,,28236,1,0,14,0,85,,28237,1,0,14,0,85,,28238,1,0,14,0,45,,28239,1,0,14,0,85,,28240,1,0,14,0,85,,28241,1,0,14,0,85,,28242,1,0,14,0,45,,28243,1,0,14,0,85,,28244,1,0,14,0,85,,28245,1,0,14,0,85,,28246,1,0,14,0,45,,28247,1,0,14,0,85,,28248,1,0,14,0,85,,28249,1,0,14,0,85,,28250,1,0,14,0,45,,28251,1,0,14,0
721404,'1351',620,,28252,1,0,14,0,95,,28253,1,0,14,0,85,,28254,1,0,14,0,45,,28255,1,0,14,0,85,,28256,1,0,14,0,85,,28257,1,0,14,0,85,,28258,1,0,14,0,45,,28259,1,0,14,0,85,,28260,1,0,14,0,85,,28261,1,0,14,0,85,,28262,1,0,14,0,45,,28263,1,0,14,0,85,,28264,1,0,14,0,85,,28265,1,0,14,0,85,,28266,1,0,14,0,45,,28267,1,0,14,0,85,,28268,1,0,14,0,85,,28269,1,0,14,0,85,,28270,1,0,14,0,45,,28271,1,0,14,0
721404,'1352',620,,28272,1,0,14,0,95,,28273,1,0,14,0,85,,28274,1,0,14,0,45,,28275,1,0,14,0,85,,28276,1,0,14,0,85,,28277,1,0,14,0,85,,28278,1,0,14,0,45,,28279,1,0,14,0,85,,28280,1,0,14,0,85,,28281,1,0,14,0,85,,28282,1,0,14,0,45,,28283,1,0,14,0,85,,28284,1,0,14,0,85,,28285,1,0,14,0,85,,28286,1,0,14,0,45,,28287,1,0,14,0,85,,28288,1,0,14,0,85,,28289,1,0,14,0,85,,28290,1,0,14,0,45,,28291,1,0,14,0
721404,'1353',620,,28292,1,0,14,0,95,,28293,1,0,14,0,85,,28294,1,0,14,0,45,,28295,1,0,14,0,85,,28296,1,0,14,0,85,,28297,1,0,14,0,85,,28298,1,0,14,0,45,,28299,1,0,14,0,85,,28300,1,0,14,0,85,,28301,1,0,14,0,85,,28302,1,0,14,0,45,,28303,1,0,14,0,85,,28304,1,0,14,0,85,,28305,1,0,14,0,85,,28306,1,0,14,0,45,,28307,1,0,14,0,85,,28308,1,0,14,0,85,,28309,1,0,14,0,85,,28310,1,0,14,0,45,,28311,1,0,14,0
721404,'1354',620,,28312,1,0,14,0,95,,28313,1,0,14,0,85,,28314,1,0,14,0,45,,28315,1,0,14,0,85,,28316,1,0,14,0,85,,28317,1,0,14,0,85,,28318,1,0,14,0,45,,28319,1,0,14,0,85,,28320,1,0,14,0,85,,28321,1,0,14,0,85,,28322,1,0,14,0,45,,28323,1,0,14,0,85,,28324,1,0,14,0,85,,28325,1,0,14,0,85,,28326,1,0,14,0,45,,28327,1,0,14,0,85,,28328,1,0,14,0,85,,28329,1,0,14,0,85,,28330,1,0,14,0,45,,28331,1,0,14,0
