1900,'1348',925,,24095,45,,,0,100,,24094,45,,,0,100,,24093,45,,,0,100,,24092,45,,,0,100,,24091,45,,,0,100,,24090,45,,,0,100,,24089,45,,,0,100,,24088,45,,,0,100,,24097,45,,,0,100,,24096,45,,,0,100,,24086,45,,,0,100,,24087,45,,,0
1900,'1349',825,,24098,45,,,0,100,,24099,45,,,0,100,,24100,45,,,0,30,,24101,45,,,0,70,,24102,45,,,0,30,,24103,45,,,0,70,,24104,45,,,0,30,,24105,45,,,0,70,,24106,45,,,0,30,,24107,45,,,0,70,,24108,45,,,0,30,,24109,45,,,0,70,,24110,45,,,0,30,,24111,45,,,0,70,,24112,45,,,0,30,,24113,45,,,0,70,,24114,45,,,0,30,,24115,45,,,0,70,,24116,45,,,0,30,,24117,45,,,0,70,,24118,45,,,0,30,,24119,45,,,0,70,,24120,45,,,0,100,,24121,45,,,0,100,,24122,45,,,0,100,,24123,45,,,0
1900,'1350',625,,24124,45,,,0,30,,24125,45,,,0,70,,24126,45,,,0,30,,24127,45,,,0,70,,24128,45,,,0,30,,24129,45,,,0,70,,24130,45,,,0,30,,24131,45,,,0,70,,24132,45,,,0,30,,24133,45,,,0,70,,24134,45,,,0,30,,24135,45,,,0,70,,24136,45,,,0,30,,24137,45,,,0,70,,24138,45,,,0,30,,24139,45,,,0,70,,24140,45,,,0,30,,24141,45,,,0,70,,24142,45,,,0,30,,24143,45,,,0,70,,24144,45,,,0,30,,24145,45,,,0,70,,24146,45,,,0,30,,24147,45,,,0,70,,24148,45,,,0,30,,24149,45,,,0,70,,24150,45,,,0,30,,24151,45,,,0,70,,24152,45,,,0,30,,24153,45,,,0,70,,24154,45,,,0,30,,24155,45,,,0,100,,24156,45,,,0,100,,24157,45,,,0
1900,'1351',625,,24158,45,,,0,30,,24159,45,,,0,70,,24160,45,,,0,30,,24161,45,,,0,70,,24162,45,,,0,30,,24163,45,,,0,70,,24164,45,,,0,30,,24165,45,,,0,70,,24166,45,,,0,30,,24167,45,,,0,70,,24168,45,,,0,30,,24169,45,,,0,70,,24170,45,,,0,30,,24171,45,,,0,70,,24172,45,,,0,30,,24173,45,,,0,70,,24174,45,,,0,30,,24175,45,,,0,70,,24176,45,,,0,30,,24177,45,,,0,70,,24178,45,,,0,30,,24179,45,,,0,70,,24180,45,,,0,30,,24181,45,,,0,70,,24182,45,,,0,30,,24183,45,,,0,70,,24184,45,,,0,30,,24185,45,,,0,70,,24186,45,,,0,30,,24187,45,,,0,70,,24188,45,,,0,30,,24189,45,,,0,100,,24190,45,,,0,100,,24191,45,,,0
1900,'1352',625,,24192,45,,,0,30,,24193,45,,,0,70,,24194,45,,,0,30,,24195,45,,,0,70,,24196,45,,,0,30,,24197,45,,,0,70,,24198,45,,,0,30,,24199,45,,,0,70,,24200,45,,,0,30,,24201,45,,,0,70,,24202,45,,,0,30,,24203,45,,,0,70,,24204,45,,,0,30,,24205,45,,,0,70,,24206,45,,,0,30,,24207,45,,,0,70,,24208,45,,,0,30,,24209,45,,,0,70,,24210,45,,,0,30,,24211,45,,,0,70,,24212,45,,,0,30,,24213,45,,,0,70,,24214,45,,,0,30,,24215,45,,,0,70,,24216,45,,,0,30,,24217,45,,,0,70,,24218,45,,,0,30,,24219,45,,,0,70,,24220,45,,,0,30,,24221,45,,,0,70,,24222,45,,,0,30,,24223,45,,,0,100,,24224,45,,,0,100,,24225,45,,,0
1900,'1353',625,,24226,45,,,0,30,,24227,45,,,0,70,,24228,45,,,0,30,,24229,45,,,0,70,,24230,45,,,0,30,,24231,45,,,0,70,,24232,45,,,0,30,,24233,45,,,0,70,,24234,45,,,0,30,,24235,45,,,0,70,,24236,45,,,0,30,,24237,45,,,0,70,,24238,45,,,0,30,,24239,45,,,0,70,,24240,45,,,0,30,,24241,45,,,0,70,,24242,45,,,0,30,,24243,45,,,0,70,,24244,45,,,0,30,,24245,45,,,0,70,,24246,45,,,0,30,,24247,45,,,0,70,,24248,45,,,0,30,,24249,45,,,0,70,,24250,45,,,0,30,,24251,45,,,0,70,,24252,45,,,0,30,,24253,45,,,0,70,,24254,45,,,0,30,,24255,45,,,0,70,,24256,45,,,0,30,,24257,45,,,0,100,,24258,45,,,0,100,,24259,45,,,0
1900,'1354',625,,24260,45,,,0,30,,24261,45,,,0,70,,24262,45,,,0,30,,24263,45,,,0,70,,24264,45,,,0,30,,24265,45,,,0,70,,24266,45,,,0,30,,24267,45,,,0,70,,24268,45,,,0,30,,24269,45,,,0,70,,24270,45,,,0,30,,24271,45,,,0,70,,24272,45,,,0,30,,24273,45,,,0,70,,24274,45,,,0,30,,24275,45,,,0,70,,24276,45,,,0,30,,24277,45,,,0,70,,24278,45,,,0,30,,24279,45,,,0,70,,24280,45,,,0,30,,24281,45,,,0,70,,24282,45,,,0,30,,24283,45,,,0,70,,24284,45,,,0,30,,24285,45,,,0,70,,24286,45,,,0,30,,24287,45,,,0,70,,24288,45,,,0,30,,24289,45,,,0,70,,24290,45,,,0,30,,24291,45,,,0,100,,24292,45,,,0,100,,24293,45,,,0
721403,'1348',1001,,28094,38,0,15,0,110,,28093,38,0,15,0,110,,28092,38,0,15,0,110,,28091,38,0,15,0,110,,28090,38,0,15,0,110,,28097,38,0,15,0,150,,28096,38,0,15,0,110,,28095,38,0,15,0
721403,'1349',900,,28098,38,0,15,0,110,,28099,38,0,15,0,110,,28100,38,0,15,0,110,,28101,38,0,15,0,117,,28102,38,0,15,0,155,,28103,38,0,15,0,45,,28104,38,0,15,0,85,,28105,38,0,15,0,85,,28106,38,0,15,0,85,,28107,38,0,15,0,45,,28108,38,0,15,0,85,,28109,38,0,15,0,85,,28110,38,0,15,0
721403,'1350',732,,28111,38,0,15,0,100,,28112,38,0,15,0,85,,28113,38,0,15,0,85,,28114,38,0,15,0,45,,28115,38,0,15,0,85,,28116,38,0,15,0,85,,28117,38,0,15,0,85,,28118,38,0,15,0,45,,28119,38,0,15,0,85,,28120,38,0,15,0,85,,28121,38,0,15,0,85,,28122,38,0,15,0,45,,28123,38,0,15,0,85,,28124,38,0,15,0,85,,28125,38,0,15,0,85,,28126,38,0,15,0,45,,28127,38,0,15,0,85,,28128,38,0,15,0,85,,28129,38,0,15,0,85,,28130,38,0,15,0
721403,'1351',732,,28131,38,0,15,0,100,,28132,38,0,15,0,85,,28133,38,0,15,0,85,,28134,38,0,15,0,45,,28135,38,0,15,0,85,,28136,38,0,15,0,85,,28137,38,0,15,0,85,,28138,38,0,15,0,45,,28139,38,0,15,0,85,,28140,38,0,15,0,85,,28141,38,0,15,0,85,,28142,38,0,15,0,45,,28143,38,0,15,0,85,,28144,38,0,15,0,85,,28145,38,0,15,0,85,,28146,38,0,15,0,45,,28147,38,0,15,0,85,,28148,38,0,15,0,85,,28149,38,0,15,0,85,,28150,38,0,15,0
721403,'1352',732,,28151,38,0,15,0,100,,28152,38,0,15,0,85,,28153,38,0,15,0,85,,28154,38,0,15,0,45,,28155,38,0,15,0,85,,28156,38,0,15,0,85,,28157,38,0,15,0,85,,28158,38,0,15,0,45,,28159,38,0,15,0,85,,28160,38,0,15,0,85,,28161,38,0,15,0,85,,28162,38,0,15,0,45,,28163,38,0,15,0,85,,28164,38,0,15,0,85,,28165,38,0,15,0,85,,28166,38,0,15,0,45,,28167,38,0,15,0,85,,28168,38,0,15,0,85,,28169,38,0,15,0,85,,28170,38,0,15,0
721403,'1353',732,,28171,38,0,15,0,100,,28172,38,0,15,0,85,,28173,38,0,15,0,85,,28174,38,0,15,0,45,,28175,38,0,15,0,85,,28176,38,0,15,0,85,,28177,38,0,15,0,85,,28178,38,0,15,0,45,,28179,38,0,15,0,85,,28180,38,0,15,0,85,,28181,38,0,15,0,85,,28182,38,0,15,0,45,,28183,38,0,15,0,85,,28184,38,0,15,0,85,,28185,38,0,15,0,85,,28186,38,0,15,0,45,,28187,38,0,15,0,85,,28188,38,0,15,0,85,,28189,38,0,15,0,85,,28190,38,0,15,0
721403,'1354',732,,28191,38,0,15,0,100,,28192,38,0,15,0,85,,28193,38,0,15,0,85,,28194,38,0,15,0,45,,28195,38,0,15,0,85,,28196,38,0,15,0,85,,28197,38,0,15,0,85,,28198,38,0,15,0,45,,28199,38,0,15,0,85,,28200,38,0,15,0,85,,28201,38,0,15,0,85,,28202,38,0,15,0,45,,28203,38,0,15,0,85,,28204,38,0,15,0,85,,28205,38,0,15,0,85,,28206,38,0,15,0,45,,28207,38,0,15,0,85,,28208,38,0,15,0,85,,28209,38,0,15,0,85,,28210,38,0,15,0
