'1114',643503,102900,4,'',0,10000,4,'',0,10000,4,'',0,10000,4,'',0,10000,4,'',0,10000,4,'',0,10000,4,'',0,10000,4,'',0,10000,4,'',0,10000,4,'',0
'1114',643504,93000,,'',0,10000,,'',0,10000,,'',0,10000,,'',0,10000,,'',0,10000,,'',0,10000,,'',0,10000,,'',0,10000,,'',0,10000,,'',0
'1115',643503,81400,4,'',0,10000,4,'',0,10000,4,'',0,10000,4,'',0,10000,4,'',0,3000,4,'',0,7000,4,'',0,3000,4,'',0,7000,4,'',0,3000,4,'',0,7000,4,'',0,3000,4,'',0,7000,4,'',0,3000,4,'',0,7000,4,'',0,3000,4,'',0,7000,4,'',0,3000,4,'',0,7000,4,'',0,3000,4,'',0,7000,4,'',0
'1115',643504,71500,,'',0,10000,,'',0,10000,,'',0,10000,,'',0,10000,,'',0,3000,,'',0,7000,,'',0,3000,,'',0,7000,,'',0,3000,,'',0,7000,,'',0,3000,,'',0,7000,,'',0,3000,,'',0,7000,,'',0,3000,,'',0,7000,,'',0,3000,,'',0,7000,,'',0,3000,,'',0,7000,,'',0,3000,,'',0
'1116',643503,102900,4,'',0,10000,4,'',0,10000,4,'',0,10000,4,'',0,10000,4,'',0,10000,4,'',0,10000,4,'',0,10000,4,'',0,10000,4,'',0,10000,4,'',0
'1116',643504,93000,,'',0,10000,,'',0,10000,,'',0,10000,,'',0,10000,,'',0,10000,,'',0,10000,,'',0,10000,,'',0,10000,,'',0,10000,,'',0
'1117',643503,71500,4,'',0,2000,4,'',0,2000,4,'',0,6000,4,'',0,2000,4,'',0,2000,4,'',0,6000,4,'',0,2000,4,'',0,2000,4,'',0,6000,4,'',0,2000,4,'',0,2000,4,'',0,6000,4,'',0,2000,4,'',0,2000,4,'',0,6000,4,'',0,2000,4,'',0,2000,4,'',0,6000,4,'',0,2000,4,'',0,2000,4,'',0,6000,4,'',0,2000,4,'',0,2000,4,'',0,6000,4,'',0,2000,4,'',0,2000,4,'',0,6000,4,'',0,2000,4,'',0,1800,4,'',0,6200,4,'',0,2000,4,'',0,2000,4,'',0,6000,4,'',0,2000,4,'',0,2000,4,'',0,6000,4,'',0,2000,4,'',0,2000,4,'',0,6000,4,'',0,2000,4,'',0,2000,4,'',0,6000,4,'',0,2000,4,'',0,2000,4,'',0,6000,4,'',0,2000,4,'',0,2000,4,'',0,6000,4,'',0,2000,4,'',0,2000,4,'',0,6000,4,'',0
'1117',643504,60000,,'',0,2000,,'',0,2000,,'',0,6000,,'',0,2000,,'',0,2000,,'',0,6000,,'',0,2000,,'',0,2000,,'',0,6000,,'',0,2000,,'',0,2000,,'',0,6000,,'',0,2000,,'',0,2000,,'',0,6000,,'',0,2000,,'',0,2000,,'',0,6000,,'',0,2000,,'',0,2000,,'',0,6000,,'',0,2000,,'',0,2000,,'',0,6000,,'',0,2000,,'',0,2000,,'',0,6000,,'',0,2000,,'',0,2000,,'',0,6000,,'',0,2000,,'',0,2000,,'',0,6000,,'',0,2000,,'',0,2000,,'',0,6000,,'',0,2000,,'',0,2000,,'',0,6000,,'',0,2000,,'',0,2000,,'',0,6000,,'',0,2000,,'',0,2000,,'',0,6000,,'',0,2000,,'',0,2000,,'',0,6000,,'',0,2000,,'',0,2000,,'',0,6000,,'',0,2000,,'',0
'1118',643503,71500,4,'',0,2000,4,'',0,2000,4,'',0,6000,4,'',0,2000,4,'',0,2000,4,'',0,6000,4,'',0,2000,4,'',0,2000,4,'',0,6000,4,'',0,2000,4,'',0,2000,4,'',0,6000,4,'',0,2000,4,'',0,2000,4,'',0,6000,4,'',0,2000,4,'',0,2000,4,'',0,6000,4,'',0,2000,4,'',0,2000,4,'',0,6000,4,'',0,2000,4,'',0,2000,4,'',0,6000,4,'',0,2000,4,'',0,2000,4,'',0,6000,4,'',0,2000,4,'',0,1800,4,'',0,6200,4,'',0,2000,4,'',0,2000,4,'',0,6000,4,'',0,2000,4,'',0,2000,4,'',0,6000,4,'',0,2000,4,'',0,2000,4,'',0,6000,4,'',0,2000,4,'',0,2000,4,'',0,6000,4,'',0,2000,4,'',0,2000,4,'',0,6000,4,'',0,2000,4,'',0,2000,4,'',0,6000,4,'',0,2000,4,'',0,2000,4,'',0,6000,4,'',0
'1118',643504,60000,,'',0,2000,,'',0,2000,,'',0,6000,,'',0,2000,,'',0,2000,,'',0,6000,,'',0,2000,,'',0,2000,,'',0,6000,,'',0,2000,,'',0,2000,,'',0,6000,,'',0,2000,,'',0,2000,,'',0,6000,,'',0,2000,,'',0,2000,,'',0,6000,,'',0,2000,,'',0,2000,,'',0,6000,,'',0,2000,,'',0,2000,,'',0,6000,,'',0,2000,,'',0,2000,,'',0,6000,,'',0,2000,,'',0,2000,,'',0,6000,,'',0,2000,,'',0,2000,,'',0,6000,,'',0,2000,,'',0,2000,,'',0,6000,,'',0,2000,,'',0,2000,,'',0,6000,,'',0,2000,,'',0,2000,,'',0,6000,,'',0,2000,,'',0,2000,,'',0,6000,,'',0,2000,,'',0,2000,,'',0,6000,,'',0,2000,,'',0,2000,,'',0,6000,,'',0,2000,,'',0
'1119',643503,71500,4,'',0,2000,4,'',0,2000,4,'',0,6000,4,'',0,2000,4,'',0,2000,4,'',0,6000,4,'',0,2000,4,'',0,2000,4,'',0,6000,4,'',0,2000,4,'',0,2000,4,'',0,6000,4,'',0,2000,4,'',0,2000,4,'',0,6000,4,'',0,2000,4,'',0,2000,4,'',0,6000,4,'',0,2000,4,'',0,2000,4,'',0,6000,4,'',0,2000,4,'',0,2000,4,'',0,6000,4,'',0,2000,4,'',0,2000,4,'',0,6000,4,'',0,2000,4,'',0,1800,4,'',0,6200,4,'',0,2000,4,'',0,2000,4,'',0,6000,4,'',0,2000,4,'',0,2000,4,'',0,6000,4,'',0,2000,4,'',0,2000,4,'',0,6000,4,'',0,2000,4,'',0,2000,4,'',0,6000,4,'',0,2000,4,'',0,2000,4,'',0,6000,4,'',0,2000,4,'',0,2000,4,'',0,6000,4,'',0,2000,4,'',0,2000,4,'',0,6000,4,'',0
'1119',643504,60000,,'',0,2000,,'',0,2000,,'',0,6000,,'',0,2000,,'',0,2000,,'',0,6000,,'',0,2000,,'',0,2000,,'',0,6000,,'',0,2000,,'',0,2000,,'',0,6000,,'',0,2000,,'',0,2000,,'',0,6000,,'',0,2000,,'',0,2000,,'',0,6000,,'',0,2000,,'',0,2000,,'',0,6000,,'',0,2000,,'',0,2000,,'',0,6000,,'',0,2000,,'',0,2000,,'',0,6000,,'',0,2000,,'',0,2000,,'',0,6000,,'',0,2000,,'',0,2000,,'',0,6000,,'',0,2000,,'',0,2000,,'',0,6000,,'',0,2000,,'',0,2000,,'',0,6000,,'',0,2000,,'',0,2000,,'',0,6000,,'',0,2000,,'',0,2000,,'',0,6000,,'',0,2000,,'',0,2000,,'',0,6000,,'',0,2000,,'',0,2000,,'',0,6000,,'',0,2000,,'',0
'1120',643503,71500,4,'',0,2000,4,'',0,2000,4,'',0,6000,4,'',0,2000,4,'',0,2000,4,'',0,6000,4,'',0,2000,4,'',0,2000,4,'',0,6000,4,'',0,2000,4,'',0,2000,4,'',0,6000,4,'',0,2000,4,'',0,2000,4,'',0,6000,4,'',0,2000,4,'',0,2000,4,'',0,6000,4,'',0,2000,4,'',0,2000,4,'',0,6000,4,'',0,2000,4,'',0,2000,4,'',0,6000,4,'',0,2000,4,'',0,2000,4,'',0,6000,4,'',0,2000,4,'',0,1800,4,'',0,6200,4,'',0,2000,4,'',0,2000,4,'',0,6000,4,'',0,2000,4,'',0,2000,4,'',0,6000,4,'',0,2000,4,'',0,2000,4,'',0,6000,4,'',0,2000,4,'',0,2000,4,'',0,6000,4,'',0,2000,4,'',0,2000,4,'',0,6000,4,'',0,2000,4,'',0,2000,4,'',0,6000,4,'',0,2000,4,'',0,2000,4,'',0,6000,4,'',0
'1120',643504,60000,,'',0,2000,,'',0,2000,,'',0,6000,,'',0,2000,,'',0,2000,,'',0,6000,,'',0,2000,,'',0,2000,,'',0,6000,,'',0,2000,,'',0,2000,,'',0,6000,,'',0,2000,,'',0,2000,,'',0,6000,,'',0,2000,,'',0,2000,,'',0,6000,,'',0,2000,,'',0,2000,,'',0,6000,,'',0,2000,,'',0,2000,,'',0,6000,,'',0,2000,,'',0,2000,,'',0,6000,,'',0,2000,,'',0,2000,,'',0,6000,,'',0,2000,,'',0,2000,,'',0,6000,,'',0,2000,,'',0,2000,,'',0,6000,,'',0,2000,,'',0,2000,,'',0,6000,,'',0,2000,,'',0,2000,,'',0,6000,,'',0,2000,,'',0,2000,,'',0,6000,,'',0,2000,,'',0,2000,,'',0,6000,,'',0,2000,,'',0,2000,,'',0,6000,,'',0,2000,,'',0
'1121',643503,71500,4,'',0,2000,4,'',0,2000,4,'',0,6000,4,'',0,2000,4,'',0,2000,4,'',0,6000,4,'',0,2000,4,'',0,2000,4,'',0,6000,4,'',0,2000,4,'',0,2000,4,'',0,6000,4,'',0,2000,4,'',0,2000,4,'',0,6000,4,'',0,2000,4,'',0,2000,4,'',0,6000,4,'',0,2000,4,'',0,2000,4,'',0,6000,4,'',0,2000,4,'',0,2000,4,'',0,6000,4,'',0,2000,4,'',0,2000,4,'',0,6000,4,'',0,2000,4,'',0,1800,4,'',0,6200,4,'',0,2000,4,'',0,2000,4,'',0,6000,4,'',0,2000,4,'',0,2000,4,'',0,6000,4,'',0,2000,4,'',0,2000,4,'',0,6000,4,'',0,2000,4,'',0,2000,4,'',0,6000,4,'',0,2000,4,'',0,2000,4,'',0,6000,4,'',0,2000,4,'',0,2000,4,'',0,6000,4,'',0,2000,4,'',0,2000,4,'',0,6000,4,'',0
'1121',643504,60000,,'',0,2000,,'',0,2000,,'',0,6000,,'',0,2000,,'',0,2000,,'',0,6000,,'',0,2000,,'',0,2000,,'',0,6000,,'',0,2000,,'',0,2000,,'',0,6000,,'',0,2000,,'',0,2000,,'',0,6000,,'',0,2000,,'',0,2000,,'',0,6000,,'',0,2000,,'',0,2000,,'',0,6000,,'',0,2000,,'',0,2000,,'',0,6000,,'',0,2000,,'',0,2000,,'',0,6000,,'',0,2000,,'',0,2000,,'',0,6000,,'',0,2000,,'',0,2000,,'',0,6000,,'',0,2000,,'',0,2000,,'',0,6000,,'',0,2000,,'',0,2000,,'',0,6000,,'',0,2000,,'',0,2000,,'',0,6000,,'',0,2000,,'',0,2000,,'',0,6000,,'',0,2000,,'',0,2000,,'',0,6000,,'',0,2000,,'',0,2000,,'',0,6000,,'',0,2000,,'',0
