400100,'1348',942,,25479,3,0,11,0,75,,25478,3,0,11,0,35,,25477,3,0,11,0,75,,25476,3,0,11,0,75,,25491,3,0,11,0,35,,25490,3,0,11,0,75,,25489,3,0,11,0,35,,25488,3,0,11,0,75,,25487,3,0,11,0,35,,25486,3,0,11,0,75,,25485,3,0,11,0,75,,25484,3,0,11,0,35,,25483,3,0,11,0,75,,25482,3,0,11,0,35,,25481,3,0,11,0,75,,25480,3,0,11,0
400100,'1349',807,,25492,3,0,11,0,35,,25493,3,0,11,0,75,,25494,3,0,11,0,35,,25495,3,0,11,0,75,,25496,3,0,11,0,75,,25497,3,0,11,0,35,,25498,3,0,11,0,75,,25499,3,0,11,0,35,,25500,3,0,11,0,75,,25501,3,0,11,0,35,,25502,3,0,11,0,75,,25503,3,0,11,0,75,,25504,3,0,11,0,35,,25505,3,0,11,0,75,,25506,3,0,11,0,35,,25507,3,0,11,0,75,,25508,3,0,11,0,75,,25509,3,0,11,0,35,,25510,3,0,11,0,75,,25511,3,0,11,0
400100,'1350',707,,25538,3,0,11,0,35,,25537,3,0,11,0,75,,25536,3,0,11,0,35,,25535,3,0,11,0,75,,25534,3,0,11,0,75,,25533,3,0,11,0,35,,25532,3,0,11,0,75,,25531,3,0,11,0,35,,25530,3,0,11,0,75,,25529,3,0,11,0,35,,25528,3,0,11,0,75,,25527,3,0,11,0,75,,25526,3,0,11,0,35,,25525,3,0,11,0,75,,25524,3,0,11,0,35,,25523,3,0,11,0,75,,25522,3,0,11,0,75,,25521,3,0,11,0,35,,25512,3,0,11,0,75,,25513,3,0,11,0,35,,25514,3,0,11,0,75,,25515,3,0,11,0,35,,25516,3,0,11,0,75,,25517,3,0,11,0,75,,25518,3,0,11,0,35,,25519,3,0,11,0,75,,25520,3,0,11,0
400100,'1351',707,,25565,3,0,11,0,35,,25564,3,0,11,0,75,,25563,3,0,11,0,35,,25562,3,0,11,0,75,,25561,3,0,11,0,75,,25560,3,0,11,0,35,,25559,3,0,11,0,75,,25558,3,0,11,0,35,,25557,3,0,11,0,75,,25556,3,0,11,0,35,,25555,3,0,11,0,75,,25554,3,0,11,0,75,,25553,3,0,11,0,35,,25552,3,0,11,0,75,,25551,3,0,11,0,35,,25550,3,0,11,0,75,,25549,3,0,11,0,75,,25548,3,0,11,0,35,,25539,3,0,11,0,75,,25540,3,0,11,0,35,,25541,3,0,11,0,75,,25542,3,0,11,0,35,,25543,3,0,11,0,75,,25544,3,0,11,0,75,,25545,3,0,11,0,35,,25546,3,0,11,0,75,,25547,3,0,11,0
400100,'1352',707,,25592,3,0,11,0,35,,25591,3,0,11,0,75,,25590,3,0,11,0,35,,25589,3,0,11,0,75,,25588,3,0,11,0,75,,25587,3,0,11,0,35,,25586,3,0,11,0,75,,25585,3,0,11,0,35,,25584,3,0,11,0,75,,25583,3,0,11,0,35,,25582,3,0,11,0,75,,25581,3,0,11,0,75,,25580,3,0,11,0,35,,25579,3,0,11,0,75,,25578,3,0,11,0,35,,25577,3,0,11,0,75,,25576,3,0,11,0,75,,25575,3,0,11,0,35,,25566,3,0,11,0,75,,25567,3,0,11,0,35,,25568,3,0,11,0,75,,25569,3,0,11,0,35,,25570,3,0,11,0,75,,25571,3,0,11,0,75,,25572,3,0,11,0,35,,25573,3,0,11,0,75,,25574,3,0,11,0
400100,'1353',707,,25619,3,0,11,0,35,,25618,3,0,11,0,75,,25617,3,0,11,0,35,,25616,3,0,11,0,75,,25615,3,0,11,0,75,,25614,3,0,11,0,35,,25613,3,0,11,0,75,,25612,3,0,11,0,35,,25611,3,0,11,0,75,,25610,3,0,11,0,35,,25609,3,0,11,0,75,,25608,3,0,11,0,75,,25607,3,0,11,0,35,,25606,3,0,11,0,75,,25605,3,0,11,0,35,,25604,3,0,11,0,75,,25603,3,0,11,0,75,,25602,3,0,11,0,35,,25593,3,0,11,0,75,,25594,3,0,11,0,35,,25595,3,0,11,0,75,,25596,3,0,11,0,35,,25597,3,0,11,0,75,,25598,3,0,11,0,75,,25599,3,0,11,0,35,,25600,3,0,11,0,75,,25601,3,0,11,0
400100,'1354',707,,25646,3,0,11,0,35,,25645,3,0,11,0,75,,25644,3,0,11,0,35,,25643,3,0,11,0,75,,25642,3,0,11,0,75,,25641,3,0,11,0,35,,25640,3,0,11,0,75,,25639,3,0,11,0,35,,25638,3,0,11,0,75,,25637,3,0,11,0,35,,25636,3,0,11,0,75,,25635,3,0,11,0,75,,25634,3,0,11,0,35,,25633,3,0,11,0,75,,25632,3,0,11,0,35,,25631,3,0,11,0,75,,25630,3,0,11,0,75,,25629,3,0,11,0,35,,25620,3,0,11,0,75,,25621,3,0,11,0,35,,25622,3,0,11,0,75,,25623,3,0,11,0,35,,25624,3,0,11,0,75,,25625,3,0,11,0,75,,25626,3,0,11,0,35,,25627,3,0,11,0,75,,25628,3,0,11,0
721204,'1348',919,,27368,24,0,14,0,85,,27367,24,0,14,0,45,,27366,24,0,14,0,85,,27365,24,0,14,0,85,,27364,24,0,14,0,85,,27363,24,0,14,0,45,,27362,24,0,14,0,85,,27361,24,0,14,0,85,,27360,24,0,14,0,85,,27359,24,0,14,0,45,,27358,24,0,14,0,85,,27357,24,0,14,0,85,,27356,24,0,14,0,85,,27355,24,0,14,0
721204,'1349',619,,27369,24,0,14,0,85,,27370,24,0,14,0,45,,27371,24,0,14,0,85,,27372,24,0,14,0,85,,27373,24,0,14,0,85,,27374,24,0,14,0,30,,27375,24,0,14,0,70,,27376,24,0,14,0,30,,27377,24,0,14,0,70,,27378,24,0,14,0,30,,27379,24,0,14,0,70,,27380,24,0,14,0,30,,27381,24,0,14,0,70,,27382,24,0,14,0,30,,27383,24,0,14,0,70,,27384,24,0,14,0,30,,27385,24,0,14,0,70,,27386,24,0,14,0,30,,27387,24,0,14,0,70,,27388,24,0,14,0,30,,27389,24,0,14,0,70,,27390,24,0,14,0,45,,27391,24,0,14,0,85,,27392,24,0,14,0,85,,27393,24,0,14,0,85,,27394,24,0,14,0,45,,27395,24,0,14,0,85,,27396,24,0,14,0
721204,'1350',619,,27397,24,0,14,0,30,,27398,24,0,14,0,70,,27399,24,0,14,0,15,,27400,24,0,14,0,15,,27401,24,0,14,0,55,,27402,24,0,14,0,15,,27403,24,0,14,0,30,,27404,24,0,14,0,70,,27405,24,0,14,0,30,,27406,24,0,14,0,70,,27407,24,0,14,0,30,,27408,24,0,14,0,70,,27409,24,0,14,0,30,,27410,24,0,14,0,70,,27411,24,0,14,0,30,,27412,24,0,14,0,70,,27413,24,0,14,0,30,,27414,24,0,14,0,70,,27415,24,0,14,0,15,,27416,24,0,14,0,15,,27417,24,0,14,0,55,,27418,24,0,14,0,15,,27419,24,0,14,0,30,,27420,24,0,14,0,70,,27421,24,0,14,0,30,,27422,24,0,14,0,70,,27423,24,0,14,0,30,,27424,24,0,14,0,70,,27425,24,0,14,0,85,,27426,24,0,14,0,45,,27427,24,0,14,0,85,,27428,24,0,14,0,85,,27429,24,0,14,0,85,,27430,24,0,14,0,45,,27431,24,0,14,0
721204,'1351',619,,27432,24,0,14,0,30,,27433,24,0,14,0,70,,27434,24,0,14,0,15,,27435,24,0,14,0,15,,27436,24,0,14,0,55,,27437,24,0,14,0,15,,27438,24,0,14,0,30,,27439,24,0,14,0,70,,27440,24,0,14,0,30,,27441,24,0,14,0,70,,27442,24,0,14,0,30,,27443,24,0,14,0,70,,27444,24,0,14,0,30,,27445,24,0,14,0,70,,27446,24,0,14,0,30,,27447,24,0,14,0,70,,27448,24,0,14,0,30,,27449,24,0,14,0,70,,27450,24,0,14,0,15,,27451,24,0,14,0,15,,27452,24,0,14,0,55,,27453,24,0,14,0,15,,27454,24,0,14,0,30,,27455,24,0,14,0,70,,27456,24,0,14,0,30,,27457,24,0,14,0,70,,27458,24,0,14,0,30,,27459,24,0,14,0,70,,27460,24,0,14,0,85,,27461,24,0,14,0,45,,27462,24,0,14,0,85,,27463,24,0,14,0,85,,27464,24,0,14,0,85,,27465,24,0,14,0,45,,27466,24,0,14,0
721204,'1352',619,,27467,24,0,14,0,30,,27468,24,0,14,0,70,,27469,24,0,14,0,15,,27470,24,0,14,0,15,,27471,24,0,14,0,55,,27472,24,0,14,0,15,,27473,24,0,14,0,30,,27474,24,0,14,0,70,,27475,24,0,14,0,30,,27476,24,0,14,0,70,,27477,24,0,14,0,30,,27478,24,0,14,0,70,,27479,24,0,14,0,30,,27480,24,0,14,0,70,,27481,24,0,14,0,30,,27482,24,0,14,0,70,,27483,24,0,14,0,30,,27484,24,0,14,0,70,,27485,24,0,14,0,15,,27486,24,0,14,0,15,,27487,24,0,14,0,55,,27488,24,0,14,0,15,,27489,24,0,14,0,30,,27490,24,0,14,0,70,,27491,24,0,14,0,30,,27492,24,0,14,0,70,,27493,24,0,14,0,30,,27494,24,0,14,0,70,,27495,24,0,14,0,85,,27496,24,0,14,0,45,,27497,24,0,14,0,85,,27498,24,0,14,0,85,,27499,24,0,14,0,85,,27500,24,0,14,0,45,,27501,24,0,14,0
721204,'1353',619,,27502,24,0,14,0,30,,27503,24,0,14,0,70,,27504,24,0,14,0,15,,27505,24,0,14,0,15,,27506,24,0,14,0,55,,27507,24,0,14,0,15,,27508,24,0,14,0,30,,27509,24,0,14,0,70,,27510,24,0,14,0,30,,27511,24,0,14,0,70,,27512,24,0,14,0,30,,27513,24,0,14,0,70,,27514,24,0,14,0,30,,27515,24,0,14,0,70,,27516,24,0,14,0,30,,27517,24,0,14,0,70,,27518,24,0,14,0,30,,27519,24,0,14,0,70,,27520,24,0,14,0,15,,27521,24,0,14,0,15,,27522,24,0,14,0,55,,27523,24,0,14,0,15,,27524,24,0,14,0,30,,27525,24,0,14,0,70,,27526,24,0,14,0,30,,27527,24,0,14,0,70,,27528,24,0,14,0,30,,27529,24,0,14,0,70,,27530,24,0,14,0,85,,27531,24,0,14,0,45,,27532,24,0,14,0,85,,27533,24,0,14,0,85,,27534,24,0,14,0,85,,27535,24,0,14,0,45,,27536,24,0,14,0
721204,'1354',619,,27537,24,0,14,0,30,,27538,24,0,14,0,70,,27539,24,0,14,0,15,,27540,24,0,14,0,15,,27541,24,0,14,0,55,,27542,24,0,14,0,15,,27543,24,0,14,0,30,,27544,24,0,14,0,70,,27545,24,0,14,0,30,,27546,24,0,14,0,70,,27547,24,0,14,0,30,,27548,24,0,14,0,70,,27549,24,0,14,0,30,,27550,24,0,14,0,70,,27551,24,0,14,0,30,,27552,24,0,14,0,70,,27553,24,0,14,0,30,,27554,24,0,14,0,70,,27555,24,0,14,0,15,,27556,24,0,14,0,15,,27557,24,0,14,0,55,,27558,24,0,14,0,15,,27559,24,0,14,0,30,,27560,24,0,14,0,70,,27561,24,0,14,0,30,,27562,24,0,14,0,70,,27563,24,0,14,0,30,,27564,24,0,14,0,70,,27565,24,0,14,0,85,,27566,24,0,14,0,45,,27567,24,0,14,0,85,,27568,24,0,14,0,85,,27569,24,0,14,0,85,,27570,24,0,14,0,45,,27571,24,0,14,0
