722501,'1343',543,,21475,40,0,17,0,160,,21476,40,0,17,0,100,,21477,40,0,17,0,100,,21478,40,0,17,0,100,,21479,40,0,17,0,100,,21480,40,0,17,0,100,,21481,40,0,17,0,100,,21482,40,0,17,0,100,,21483,40,0,17,0,100,,21484,40,0,17,0,100,,21485,40,0,17,0,100,,21486,40,0,17,0,100,,21487,40,0,17,0,100,,21488,40,0,17,0,100,,21489,40,0,17,0,100,,21490,40,0,17,0,100,,21491,40,0,17,0,100,,21492,40,0,17,0
722501,'1344',543,,21493,40,0,17,0,160,,21494,40,0,17,0,100,,21495,40,0,17,0,100,,21496,40,0,17,0,100,,21497,40,0,17,0,100,,21498,40,0,17,0,100,,21499,40,0,17,0,100,,21500,40,0,17,0,100,,21501,40,0,17,0,100,,21502,40,0,17,0,100,,21503,40,0,17,0,100,,21504,40,0,17,0,100,,21505,40,0,17,0,100,,21506,40,0,17,0,100,,21507,40,0,17,0,100,,21508,40,0,17,0,100,,21509,40,0,17,0,100,,21510,40,0,17,0
722501,'1345',543,,21511,40,0,17,0,160,,21512,40,0,17,0,100,,21513,40,0,17,0,100,,21514,40,0,17,0,100,,21515,40,0,17,0,100,,21516,40,0,17,0,100,,21517,40,0,17,0,100,,21518,40,0,17,0,100,,21519,40,0,17,0,100,,21520,40,0,17,0,100,,21521,40,0,17,0,100,,21522,40,0,17,0,100,,21523,40,0,17,0,100,,21524,40,0,17,0,100,,21525,40,0,17,0,100,,21526,40,0,17,0,100,,21527,40,0,17,0,100,,21528,40,0,17,0
722501,'1346',543,,21529,40,0,17,0,160,,21530,40,0,17,0,100,,21531,40,0,17,0,100,,21532,40,0,17,0,100,,21533,40,0,17,0,100,,21534,40,0,17,0,100,,21535,40,0,17,0,100,,21536,40,0,17,0,100,,21537,40,0,17,0,100,,21538,40,0,17,0,100,,21539,40,0,17,0,100,,21540,40,0,17,0,100,,21541,40,0,17,0,100,,21542,40,0,17,0,100,,21543,40,0,17,0,100,,21544,40,0,17,0,100,,21545,40,0,17,0,100,,21546,40,0,17,0
722501,'1347',543,,21547,40,0,17,0,160,,21548,40,0,17,0,100,,21549,40,0,17,0,100,,21550,40,0,17,0,100,,21551,40,0,17,0,100,,21552,40,0,17,0,100,,21553,40,0,17,0,100,,21554,40,0,17,0,100,,21555,40,0,17,0,100,,21556,40,0,17,0,100,,21557,40,0,17,0,100,,21558,40,0,17,0,100,,21559,40,0,17,0,100,,21560,40,0,17,0,100,,21561,40,0,17,0,100,,21562,40,0,17,0,100,,21563,40,0,17,0,100,,21564,40,0,17,0
722502,'1343',555,,21565,23,0,16,0,100,,21566,23,0,16,0,100,,21567,23,0,16,0,100,,21568,23,0,16,0,100,,21569,23,0,16,0,100,,21570,23,0,16,0,100,,21571,23,0,16,0,100,,21572,23,0,16,0,100,,21573,23,0,16,0,100,,21574,23,0,16,0,100,,21575,23,0,16,0,100,,21576,23,0,16,0,100,,21577,23,0,16,0,100,,21578,23,0,16,0,100,,21579,23,0,16,0,100,,21580,23,0,16,0,100,,21581,23,0,16,0,100,,21582,23,0,16,0
722502,'1344',555,,21583,23,0,16,0,100,,21584,23,0,16,0,100,,21585,23,0,16,0,100,,21586,23,0,16,0,100,,21587,23,0,16,0,100,,21588,23,0,16,0,100,,21589,23,0,16,0,100,,21590,23,0,16,0,100,,21591,23,0,16,0,100,,21592,23,0,16,0,100,,21593,23,0,16,0,100,,21594,23,0,16,0,100,,21595,23,0,16,0,100,,21596,23,0,16,0,100,,21597,23,0,16,0,100,,21598,23,0,16,0,100,,21599,23,0,16,0,100,,21600,23,0,16,0
722502,'1345',555,,21601,23,0,16,0,100,,21602,23,0,16,0,100,,21603,23,0,16,0,100,,21604,23,0,16,0,100,,21605,23,0,16,0,100,,21606,23,0,16,0,100,,21607,23,0,16,0,100,,21608,23,0,16,0,100,,21609,23,0,16,0,100,,21610,23,0,16,0,100,,21611,23,0,16,0,100,,21612,23,0,16,0,100,,21613,23,0,16,0,100,,21614,23,0,16,0,100,,21615,23,0,16,0,100,,21616,23,0,16,0,100,,21617,23,0,16,0,100,,21618,23,0,16,0
722502,'1346',555,,21619,23,0,16,0,100,,21620,23,0,16,0,100,,21621,23,0,16,0,100,,21622,23,0,16,0,100,,21623,23,0,16,0,100,,21624,23,0,16,0,100,,21625,23,0,16,0,100,,21626,23,0,16,0,100,,21627,23,0,16,0,100,,21628,23,0,16,0,100,,21629,23,0,16,0,100,,21630,23,0,16,0,100,,21631,23,0,16,0,100,,21632,23,0,16,0,100,,21633,23,0,16,0,100,,21634,23,0,16,0,100,,21635,23,0,16,0,100,,21636,23,0,16,0
722502,'1347',555,,21637,23,0,16,0,100,,21638,23,0,16,0,100,,21639,23,0,16,0,100,,21640,23,0,16,0,100,,21641,23,0,16,0,100,,21642,23,0,16,0,100,,21643,23,0,16,0,100,,21644,23,0,16,0,100,,21645,23,0,16,0,100,,21646,23,0,16,0,100,,21647,23,0,16,0,100,,21648,23,0,16,0,100,,21649,23,0,16,0,100,,21650,23,0,16,0,100,,21651,23,0,16,0,100,,21652,23,0,16,0,100,,21653,23,0,16,0,100,,21654,23,0,16,0
