70101,'1356',714,,32522,29,0,17,0,130,,32523,29,0,17,0,170,,32524,29,0,17,0,130,,32525,29,0,17,0,170,,32526,29,0,17,0,130,,32527,29,0,17,0,170,,32528,29,0,17,0,130,,32529,29,0,17,0
70101,'1357',714,,32530,29,0,17,0,45,,32531,29,0,17,0,85,,32532,29,0,17,0,85,,32533,29,0,17,0,85,,32534,29,0,17,0,130,,32535,29,0,17,0,170,,32536,29,0,17,0,45,,32537,29,0,17,0,85,,32538,29,0,17,0,85,,32539,29,0,17,0,85,,32540,29,0,17,0,45,,32541,29,0,17,0,85,,32542,29,0,17,0,85,,32543,29,0,17,0
70101,'1358',714,,32544,29,0,17,0,45,,32545,29,0,17,0,85,,32546,29,0,17,0,85,,32547,29,0,17,0,85,,32548,29,0,17,0,130,,32549,29,0,17,0,170,,32550,29,0,17,0,45,,32551,29,0,17,0,85,,32552,29,0,17,0,85,,32553,29,0,17,0,85,,32554,29,0,17,0,45,,32555,29,0,17,0,85,,32556,29,0,17,0,85,,32557,29,0,17,0
70101,'1359',714,,32558,29,0,17,0,45,,32559,29,0,17,0,85,,32560,29,0,17,0,85,,32561,29,0,17,0,85,,32562,29,0,17,0,130,,32563,29,0,17,0,170,,32564,29,0,17,0,45,,32565,29,0,17,0,85,,32566,29,0,17,0,85,,32567,29,0,17,0,85,,32568,29,0,17,0,45,,32569,29,0,17,0,85,,32570,29,0,17,0,85,,32571,29,0,17,0
70101,'1360',714,,32572,29,0,17,0,45,,32573,29,0,17,0,85,,32574,29,0,17,0,85,,32575,29,0,17,0,85,,32576,29,0,17,0,130,,32577,29,0,17,0,170,,32578,29,0,17,0,45,,32579,29,0,17,0,85,,32580,29,0,17,0,85,,32581,29,0,17,0,85,,32582,29,0,17,0,45,,32583,29,0,17,0,85,,32584,29,0,17,0,85,,32585,29,0,17,0
70101,'1361',714,,32586,29,0,17,0,45,,32587,29,0,17,0,85,,32588,29,0,17,0,85,,32589,29,0,17,0,85,,32590,29,0,17,0,130,,32591,29,0,17,0,170,,32592,29,0,17,0,45,,32593,29,0,17,0,85,,32594,29,0,17,0,85,,32595,29,0,17,0,85,,32596,29,0,17,0,45,,32597,29,0,17,0,85,,32598,29,0,17,0,85,,32599,29,0,17,0
70102,'1356',812,,32600,30,0,16,0,130,,32601,30,0,16,0,170,,32602,30,0,16,0,130,,32603,30,0,16,0,170,,32604,30,0,16,0,130,,32605,30,0,16,0,170,,32606,30,0,16,0,130,,32607,30,0,16,0
70102,'1357',727,,32608,30,0,16,0,85,,32609,30,0,16,0,45,,32610,30,0,16,0,85,,32611,30,0,16,0,85,,32612,30,0,16,0,85,,32613,30,0,16,0,130,,32614,30,0,16,0,170,,32615,30,0,16,0,45,,32616,30,0,16,0,85,,32617,30,0,16,0,85,,32618,30,0,16,0,85,,32619,30,0,16,0,45,,32620,30,0,16,0,85,,32621,30,0,16,0
70102,'1358',727,,32622,30,0,16,0,85,,32623,30,0,16,0,45,,32624,30,0,16,0,85,,32625,30,0,16,0,85,,32626,30,0,16,0,85,,32627,30,0,16,0,130,,32628,30,0,16,0,170,,32629,30,0,16,0,45,,32630,30,0,16,0,85,,32631,30,0,16,0,85,,32632,30,0,16,0,85,,32633,30,0,16,0,45,,32634,30,0,16,0,85,,32635,30,0,16,0
70102,'1359',727,,32636,30,0,16,0,85,,32637,30,0,16,0,45,,32638,30,0,16,0,85,,32639,30,0,16,0,85,,32640,30,0,16,0,85,,32641,30,0,16,0,130,,32642,30,0,16,0,170,,32643,30,0,16,0,45,,32644,30,0,16,0,85,,32645,30,0,16,0,85,,32646,30,0,16,0,85,,32647,30,0,16,0,45,,32648,30,0,16,0,85,,32649,30,0,16,0
70102,'1360',727,,32650,30,0,16,0,85,,32651,30,0,16,0,45,,32652,30,0,16,0,85,,32653,30,0,16,0,85,,32654,30,0,16,0,85,,32655,30,0,16,0,130,,32656,30,0,16,0,170,,32657,30,0,16,0,45,,32658,30,0,16,0,85,,32659,30,0,16,0,85,,32660,30,0,16,0,85,,32661,30,0,16,0,45,,32662,30,0,16,0,85,,32663,30,0,16,0
70102,'1361',727,,32664,30,0,16,0,85,,32665,30,0,16,0,45,,32666,30,0,16,0,85,,32667,30,0,16,0,85,,32668,30,0,16,0,85,,32669,30,0,16,0,130,,32670,30,0,16,0,170,,32671,30,0,16,0,45,,32672,30,0,16,0,85,,32673,30,0,16,0,85,,32674,30,0,16,0,85,,32675,30,0,16,0,45,,32676,30,0,16,0,85,,32677,30,0,16,0
