722501,'1343',543,,21475,38,0,17,0,160,,21476,38,0,17,0,100,,21477,38,0,17,0,100,,21478,38,0,17,0,100,,21479,38,0,17,0,100,,21480,38,0,17,0,100,,21481,38,0,17,0,100,,21482,38,0,17,0,100,,21483,38,0,17,0,100,,21484,38,0,17,0,100,,21485,38,0,17,0,100,,21486,38,0,17,0,100,,21487,38,0,17,0,100,,21488,38,0,17,0,100,,21489,38,0,17,0,100,,21490,38,0,17,0,100,,21491,38,0,17,0,100,,21492,38,0,17,0
722501,'1344',543,,21493,38,0,17,0,160,,21494,38,0,17,0,100,,21495,38,0,17,0,100,,21496,38,0,17,0,100,,21497,38,0,17,0,100,,21498,38,0,17,0,100,,21499,38,0,17,0,100,,21500,38,0,17,0,100,,21501,38,0,17,0,100,,21502,38,0,17,0,100,,21503,38,0,17,0,100,,21504,38,0,17,0,100,,21505,38,0,17,0,100,,21506,38,0,17,0,100,,21507,38,0,17,0,100,,21508,38,0,17,0,100,,21509,38,0,17,0,100,,21510,38,0,17,0
722501,'1345',543,,21511,38,0,17,0,160,,21512,38,0,17,0,100,,21513,38,0,17,0,100,,21514,38,0,17,0,100,,21515,38,0,17,0,100,,21516,38,0,17,0,100,,21517,38,0,17,0,100,,21518,38,0,17,0,100,,21519,38,0,17,0,100,,21520,38,0,17,0,100,,21521,38,0,17,0,100,,21522,38,0,17,0,100,,21523,38,0,17,0,100,,21524,38,0,17,0,100,,21525,38,0,17,0,100,,21526,38,0,17,0,100,,21527,38,0,17,0,100,,21528,38,0,17,0
722501,'1346',543,,21529,38,0,17,0,160,,21530,38,0,17,0,100,,21531,38,0,17,0,100,,21532,38,0,17,0,100,,21533,38,0,17,0,100,,21534,38,0,17,0,100,,21535,38,0,17,0,100,,21536,38,0,17,0,100,,21537,38,0,17,0,100,,21538,38,0,17,0,100,,21539,38,0,17,0,100,,21540,38,0,17,0,100,,21541,38,0,17,0,100,,21542,38,0,17,0,100,,21543,38,0,17,0,100,,21544,38,0,17,0,100,,21545,38,0,17,0,100,,21546,38,0,17,0
722501,'1347',543,,21547,38,0,17,0,160,,21548,38,0,17,0,100,,21549,38,0,17,0,100,,21550,38,0,17,0,100,,21551,38,0,17,0,100,,21552,38,0,17,0,100,,21553,38,0,17,0,100,,21554,38,0,17,0,100,,21555,38,0,17,0,100,,21556,38,0,17,0,100,,21557,38,0,17,0,100,,21558,38,0,17,0,100,,21559,38,0,17,0,100,,21560,38,0,17,0,100,,21561,38,0,17,0,100,,21562,38,0,17,0,100,,21563,38,0,17,0,100,,21564,38,0,17,0
722502,'1343',554,,21565,21,0,16,0,100,,21566,21,0,16,0,100,,21567,21,0,16,0,100,,21568,21,0,16,0,100,,21569,21,0,16,0,100,,21570,21,0,16,0,100,,21571,21,0,16,0,100,,21572,21,0,16,0,100,,21573,21,0,16,0,100,,21574,21,0,16,0,100,,21575,21,0,16,0,100,,21576,21,0,16,0,100,,21577,21,0,16,0,100,,21578,21,0,16,0,100,,21579,21,0,16,0,100,,21580,21,0,16,0,100,,21581,21,0,16,0,100,,21582,21,0,16,0
722502,'1344',554,,21583,21,0,16,0,100,,21584,21,0,16,0,100,,21585,21,0,16,0,100,,21586,21,0,16,0,100,,21587,21,0,16,0,100,,21588,21,0,16,0,100,,21589,21,0,16,0,100,,21590,21,0,16,0,100,,21591,21,0,16,0,100,,21592,21,0,16,0,100,,21593,21,0,16,0,100,,21594,21,0,16,0,100,,21595,21,0,16,0,100,,21596,21,0,16,0,100,,21597,21,0,16,0,100,,21598,21,0,16,0,100,,21599,21,0,16,0,100,,21600,21,0,16,0
722502,'1345',554,,21601,21,0,16,0,100,,21602,21,0,16,0,100,,21603,21,0,16,0,100,,21604,21,0,16,0,100,,21605,21,0,16,0,100,,21606,21,0,16,0,100,,21607,21,0,16,0,100,,21608,21,0,16,0,100,,21609,21,0,16,0,100,,21610,21,0,16,0,100,,21611,21,0,16,0,100,,21612,21,0,16,0,100,,21613,21,0,16,0,100,,21614,21,0,16,0,100,,21615,21,0,16,0,100,,21616,21,0,16,0,100,,21617,21,0,16,0,100,,21618,21,0,16,0
722502,'1346',554,,21619,21,0,16,0,100,,21620,21,0,16,0,100,,21621,21,0,16,0,100,,21622,21,0,16,0,100,,21623,21,0,16,0,100,,21624,21,0,16,0,100,,21625,21,0,16,0,100,,21626,21,0,16,0,100,,21627,21,0,16,0,100,,21628,21,0,16,0,100,,21629,21,0,16,0,100,,21630,21,0,16,0,100,,21631,21,0,16,0,100,,21632,21,0,16,0,100,,21633,21,0,16,0,100,,21634,21,0,16,0,100,,21635,21,0,16,0,100,,21636,21,0,16,0
722502,'1347',554,,21637,21,0,16,0,100,,21638,21,0,16,0,100,,21639,21,0,16,0,100,,21640,21,0,16,0,100,,21641,21,0,16,0,100,,21642,21,0,16,0,100,,21643,21,0,16,0,100,,21644,21,0,16,0,100,,21645,21,0,16,0,100,,21646,21,0,16,0,100,,21647,21,0,16,0,100,,21648,21,0,16,0,100,,21649,21,0,16,0,100,,21650,21,0,16,0,100,,21651,21,0,16,0,100,,21652,21,0,16,0,100,,21653,21,0,16,0,100,,21654,21,0,16,0
