721304,'1355',824,,35050,41,0,14,0,80,,35049,41,0,14,0,40,,35048,41,0,14,0,80,,35047,41,0,14,0,80,,35046,41,0,14,0,40,,35045,41,0,14,0,80,,35044,41,0,14,0,80,,35043,41,0,14,0,40,,35042,41,0,14,0,80,,35041,41,0,14,0,80,,35040,41,0,14,0,40,,35039,41,0,14,0,80,,35038,41,0,14,0,80,,35037,41,0,14,0,40,,35036,41,0,14,0,80,,35035,41,0,14,0,80,,35034,41,0,14,0,40,,35033,41,0,14,0
721304,'1356',624,,35051,41,0,14,0,80,,35052,41,0,14,0,40,,35053,41,0,14,0,80,,35054,41,0,14,0,80,,35055,41,0,14,0,40,,35056,41,0,14,0,80,,35057,41,0,14,0,80,,35058,41,0,14,0,40,,35059,41,0,14,0,60,,35060,41,0,14,0,20,,35061,41,0,14,0,20,,35062,41,0,14,0,60,,35063,41,0,14,0,20,,35064,41,0,14,0,20,,35065,41,0,14,0,60,,35066,41,0,14,0,20,,35067,41,0,14,0,20,,35068,41,0,14,0,60,,35069,41,0,14,0,20,,35070,41,0,14,0,20,,35071,41,0,14,0,60,,35072,41,0,14,0,20,,35073,41,0,14,0,20,,35074,41,0,14,0,60,,35075,41,0,14,0,20,,35076,41,0,14,0,20,,35077,41,0,14,0,60,,35078,41,0,14,0,20,,35079,41,0,14,0,80,,35080,41,0,14,0,40,,35081,41,0,14,0,80,,35082,41,0,14,0,80,,35083,41,0,14,0,40,,35084,41,0,14,0,80,,35085,41,0,14,0,80,,35086,41,0,14,0
721304,'1357',558,,35087,41,0,14,0,85,,35088,41,0,14,0,60,,35089,41,0,14,0,25,,35090,41,0,14,0,20,,35091,41,0,14,0,65,,35092,41,0,14,0,20,,35093,41,0,14,0,25,,35094,41,0,14,0,60,,35095,41,0,14,0,25,,35096,41,0,14,0,60,,35097,41,0,14,0,25,,35098,41,0,14,0,20,,35099,41,0,14,0,65,,35100,41,0,14,0,20,,35101,41,0,14,0,25,,35102,41,0,14,0,60,,35103,41,0,14,0,25,,35104,41,0,14,0,60,,35105,41,0,14,0,25,,35106,41,0,14,0,20,,35107,41,0,14,0,65,,35108,41,0,14,0,20,,35109,41,0,14,0,25,,35110,41,0,14,0,60,,35111,41,0,14,0,25,,35112,41,0,14,0,60,,35113,41,0,14,0,25,,35114,41,0,14,0,20,,35115,41,0,14,0,65,,35116,41,0,14,0,20,,35117,41,0,14,0,25,,35118,41,0,14,0,60,,35119,41,0,14,0,30,,35120,41,0,14,0,76,,35121,41,0,14,0,80,,35122,41,0,14,0,40,,35123,41,0,14,0,80,,35124,41,0,14,0,80,,35125,41,0,14,0,40,,35126,41,0,14,0,80,,35127,41,0,14,0
721304,'1358',558,,35128,41,0,14,0,85,,35129,41,0,14,0,60,,35130,41,0,14,0,25,,35131,41,0,14,0,20,,35132,41,0,14,0,65,,35133,41,0,14,0,20,,35134,41,0,14,0,25,,35135,41,0,14,0,60,,35136,41,0,14,0,25,,35137,41,0,14,0,60,,35138,41,0,14,0,25,,35139,41,0,14,0,20,,35140,41,0,14,0,65,,35141,41,0,14,0,20,,35142,41,0,14,0,25,,35143,41,0,14,0,60,,35144,41,0,14,0,25,,35145,41,0,14,0,60,,35146,41,0,14,0,25,,35147,41,0,14,0,20,,35148,41,0,14,0,65,,35149,41,0,14,0,20,,35150,41,0,14,0,25,,35151,41,0,14,0,60,,35152,41,0,14,0,25,,35153,41,0,14,0,60,,35154,41,0,14,0,25,,35155,41,0,14,0,20,,35156,41,0,14,0,65,,35157,41,0,14,0,20,,35158,41,0,14,0,25,,35159,41,0,14,0,60,,35160,41,0,14,0,30,,35161,41,0,14,0,76,,35162,41,0,14,0,80,,35163,41,0,14,0,40,,35164,41,0,14,0,80,,35165,41,0,14,0,80,,35166,41,0,14,0,40,,35167,41,0,14,0,80,,35168,41,0,14,0
721304,'1359',558,,35169,41,0,14,0,85,,35170,41,0,14,0,60,,35171,41,0,14,0,25,,35172,41,0,14,0,20,,35173,41,0,14,0,65,,35174,41,0,14,0,20,,35175,41,0,14,0,25,,35176,41,0,14,0,60,,35177,41,0,14,0,25,,35178,41,0,14,0,60,,35179,41,0,14,0,25,,35180,41,0,14,0,20,,35181,41,0,14,0,65,,35182,41,0,14,0,20,,35183,41,0,14,0,25,,35184,41,0,14,0,60,,35185,41,0,14,0,25,,35186,41,0,14,0,60,,35187,41,0,14,0,25,,35188,41,0,14,0,20,,35189,41,0,14,0,65,,35190,41,0,14,0,20,,35191,41,0,14,0,25,,35192,41,0,14,0,60,,35193,41,0,14,0,25,,35194,41,0,14,0,60,,35195,41,0,14,0,25,,35196,41,0,14,0,20,,35197,41,0,14,0,65,,35198,41,0,14,0,20,,35199,41,0,14,0,25,,35200,41,0,14,0,60,,35201,41,0,14,0,30,,35202,41,0,14,0,76,,35203,41,0,14,0,80,,35204,41,0,14,0,40,,35205,41,0,14,0,80,,35206,41,0,14,0,80,,35207,41,0,14,0,40,,35208,41,0,14,0,80,,35209,41,0,14,0
721304,'1360',558,,35210,41,0,14,0,85,,35211,41,0,14,0,60,,35212,41,0,14,0,25,,35213,41,0,14,0,20,,35214,41,0,14,0,65,,35215,41,0,14,0,20,,35216,41,0,14,0,25,,35217,41,0,14,0,60,,35218,41,0,14,0,25,,35219,41,0,14,0,60,,35220,41,0,14,0,25,,35221,41,0,14,0,20,,35222,41,0,14,0,65,,35223,41,0,14,0,20,,35224,41,0,14,0,25,,35225,41,0,14,0,60,,35226,41,0,14,0,25,,35227,41,0,14,0,60,,35228,41,0,14,0,25,,35229,41,0,14,0,20,,35230,41,0,14,0,65,,35231,41,0,14,0,20,,35232,41,0,14,0,25,,35233,41,0,14,0,60,,35234,41,0,14,0,25,,35235,41,0,14,0,60,,35236,41,0,14,0,25,,35237,41,0,14,0,20,,35238,41,0,14,0,65,,35239,41,0,14,0,20,,35240,41,0,14,0,25,,35241,41,0,14,0,60,,35242,41,0,14,0,30,,35243,41,0,14,0,76,,35244,41,0,14,0,80,,35245,41,0,14,0,40,,35246,41,0,14,0,80,,35247,41,0,14,0,80,,35248,41,0,14,0,40,,35249,41,0,14,0,80,,35250,41,0,14,0
721304,'1361',558,,35251,41,0,14,0,85,,35252,41,0,14,0,60,,35253,41,0,14,0,25,,35254,41,0,14,0,20,,35255,41,0,14,0,65,,35256,41,0,14,0,20,,35257,41,0,14,0,25,,35258,41,0,14,0,60,,35259,41,0,14,0,25,,35260,41,0,14,0,60,,35261,41,0,14,0,25,,35262,41,0,14,0,20,,35263,41,0,14,0,65,,35264,41,0,14,0,20,,35265,41,0,14,0,25,,35266,41,0,14,0,60,,35267,41,0,14,0,25,,35268,41,0,14,0,60,,35269,41,0,14,0,25,,35270,41,0,14,0,20,,35271,41,0,14,0,65,,35272,41,0,14,0,20,,35273,41,0,14,0,25,,35274,41,0,14,0,60,,35275,41,0,14,0,25,,35276,41,0,14,0,60,,35277,41,0,14,0,25,,35278,41,0,14,0,20,,35279,41,0,14,0,65,,35280,41,0,14,0,20,,35281,41,0,14,0,25,,35282,41,0,14,0,60,,35283,41,0,14,0,30,,35284,41,0,14,0,76,,35285,41,0,14,0,80,,35286,41,0,14,0,40,,35287,41,0,14,0,80,,35288,41,0,14,0,80,,35289,41,0,14,0,40,,35290,41,0,14,0,80,,35291,41,0,14,0
722600,'1357',725,,36062,12,,,0,85,,36059,12,,,0,690,,36060,13,,,0,42,,36061,13,,,0
722600,'1358',725,,36066,12,,,0,85,,36063,12,,,0,690,,36064,13,,,0,42,,36065,13,,,0
722600,'1359',725,,36070,12,,,0,85,,36067,12,,,0,690,,36068,13,,,0,42,,36069,13,,,0
722600,'1360',725,,36074,12,,,0,85,,36071,12,,,0,690,,36072,13,,,0,42,,36073,13,,,0
722600,'1361',725,,36078,12,,,0,85,,36075,12,,,0,690,,36076,13,,,0,42,,36077,13,,,0
