721404,'1348',929,,28217,42,0,14,0,110,,28216,42,0,14,0,110,,28215,42,0,14,0,110,,28218,42,0,14,0,150,,28214,42,0,14,0,110,,28213,42,0,14,0,110,,28212,42,0,14,0,110,,28211,42,0,14,0
721404,'1349',829,,28219,42,0,14,0,110,,28220,42,0,14,0,110,,28221,42,0,14,0,110,,28222,42,0,14,0,150,,28223,42,0,14,0,112,,28224,42,0,14,0,85,,28225,42,0,14,0,45,,28226,42,0,14,0,85,,28227,42,0,14,0,85,,28228,42,0,14,0,85,,28229,42,0,14,0,45,,28230,42,0,14,0,85,,28231,42,0,14,0
721404,'1350',653,,28232,42,0,14,0,97,,28233,42,0,14,0,85,,28234,42,0,14,0,85,,28235,42,0,14,0,85,,28236,42,0,14,0,45,,28237,42,0,14,0,85,,28238,42,0,14,0,85,,28239,42,0,14,0,85,,28240,42,0,14,0,45,,28241,42,0,14,0,85,,28242,42,0,14,0,85,,28243,42,0,14,0,85,,28244,42,0,14,0,45,,28245,42,0,14,0,85,,28246,42,0,14,0,85,,28247,42,0,14,0,85,,28248,42,0,14,0,45,,28249,42,0,14,0,85,,28250,42,0,14,0,85,,28251,42,0,14,0
721404,'1351',653,,28252,42,0,14,0,97,,28253,42,0,14,0,85,,28254,42,0,14,0,85,,28255,42,0,14,0,85,,28256,42,0,14,0,45,,28257,42,0,14,0,85,,28258,42,0,14,0,85,,28259,42,0,14,0,85,,28260,42,0,14,0,45,,28261,42,0,14,0,85,,28262,42,0,14,0,85,,28263,42,0,14,0,85,,28264,42,0,14,0,45,,28265,42,0,14,0,85,,28266,42,0,14,0,85,,28267,42,0,14,0,85,,28268,42,0,14,0,45,,28269,42,0,14,0,85,,28270,42,0,14,0,85,,28271,42,0,14,0
721404,'1352',653,,28272,42,0,14,0,97,,28273,42,0,14,0,85,,28274,42,0,14,0,85,,28275,42,0,14,0,85,,28276,42,0,14,0,45,,28277,42,0,14,0,85,,28278,42,0,14,0,85,,28279,42,0,14,0,85,,28280,42,0,14,0,45,,28281,42,0,14,0,85,,28282,42,0,14,0,85,,28283,42,0,14,0,85,,28284,42,0,14,0,45,,28285,42,0,14,0,85,,28286,42,0,14,0,85,,28287,42,0,14,0,85,,28288,42,0,14,0,45,,28289,42,0,14,0,85,,28290,42,0,14,0,85,,28291,42,0,14,0
721404,'1353',653,,28292,42,0,14,0,97,,28293,42,0,14,0,85,,28294,42,0,14,0,85,,28295,42,0,14,0,85,,28296,42,0,14,0,45,,28297,42,0,14,0,85,,28298,42,0,14,0,85,,28299,42,0,14,0,85,,28300,42,0,14,0,45,,28301,42,0,14,0,85,,28302,42,0,14,0,85,,28303,42,0,14,0,85,,28304,42,0,14,0,45,,28305,42,0,14,0,85,,28306,42,0,14,0,85,,28307,42,0,14,0,85,,28308,42,0,14,0,45,,28309,42,0,14,0,85,,28310,42,0,14,0,85,,28311,42,0,14,0
721404,'1354',653,,28312,42,0,14,0,97,,28313,42,0,14,0,85,,28314,42,0,14,0,85,,28315,42,0,14,0,85,,28316,42,0,14,0,45,,28317,42,0,14,0,85,,28318,42,0,14,0,85,,28319,42,0,14,0,85,,28320,42,0,14,0,45,,28321,42,0,14,0,85,,28322,42,0,14,0,85,,28323,42,0,14,0,85,,28324,42,0,14,0,45,,28325,42,0,14,0,85,,28326,42,0,14,0,85,,28327,42,0,14,0,85,,28328,42,0,14,0,45,,28329,42,0,14,0,85,,28330,42,0,14,0,85,,28331,42,0,14,0
722600,'1350',720,,28857,6,,,0,85,,28858,6,,,0,649,,28859,7,,,0,83,,28860,7,,,0
722600,'1351',720,,28861,6,,,0,85,,28862,6,,,0,649,,28863,7,,,0,83,,28864,7,,,0
722600,'1352',720,,28865,6,,,0,85,,28866,6,,,0,649,,28867,7,,,0,83,,28868,7,,,0
722600,'1353',720,,28869,6,,,0,85,,28870,6,,,0,649,,28871,7,,,0,83,,28872,7,,,0
722600,'1354',720,,28873,6,,,0,85,,28874,6,,,0,649,,28875,7,,,0,83,,28876,7,,,0
