721203,'1341',1006,,19944,30,0,15,0,45,,19943,30,0,15,0,85,,19942,30,0,15,0,85,,19941,30,0,15,0,85,,19940,30,0,15,0,45,,19939,30,0,15,0,85,,19938,30,0,15,0,85,,19937,30,0,15,0,85,,19936,30,0,15,0,45,,19935,30,0,15,0,85,,19934,30,0,15,0,85,,19933,30,0,15,0,85,,19932,30,0,15,0,45,,19931,30,0,15,0
721203,'1342',706,,19945,30,0,15,0,45,,19946,30,0,15,0,85,,19947,30,0,15,0,85,,19948,30,0,15,0,85,,19949,30,0,15,0,45,,19950,30,0,15,0,70,,19951,30,0,15,0,30,,19952,30,0,15,0,70,,19953,30,0,15,0,30,,19954,30,0,15,0,70,,19955,30,0,15,0,30,,19956,30,0,15,0,70,,19957,30,0,15,0,30,,19958,30,0,15,0,70,,19959,30,0,15,0,30,,19960,30,0,15,0,70,,19961,30,0,15,0,30,,19962,30,0,15,0,70,,19963,30,0,15,0,30,,19964,30,0,15,0,70,,19965,30,0,15,0,30,,19966,30,0,15,0,85,,19967,30,0,15,0,85,,19968,30,0,15,0,85,,19969,30,0,15,0,45,,19970,30,0,15,0,85,,19971,30,0,15,0,85,,19972,30,0,15,0
721203,'1343',636,,19973,30,0,15,0,70,,19974,30,0,15,0,30,,19975,30,0,15,0,70,,19976,30,0,15,0,15,,19977,30,0,15,0,15,,19978,30,0,15,0,15,,19979,30,0,15,0,55,,19980,30,0,15,0,30,,19981,30,0,15,0,70,,19982,30,0,15,0,30,,19983,30,0,15,0,70,,19984,30,0,15,0,30,,19985,30,0,15,0,70,,19986,30,0,15,0,30,,19987,30,0,15,0,70,,19988,30,0,15,0,30,,19989,30,0,15,0,70,,19990,30,0,15,0,30,,19991,30,0,15,0,70,,19992,30,0,15,0,15,,19993,30,0,15,0,15,,19994,30,0,15,0,15,,19995,30,0,15,0,55,,19996,30,0,15,0,30,,19997,30,0,15,0,70,,19998,30,0,15,0,30,,19999,30,0,15,0,70,,20000,30,0,15,0,30,,20001,30,0,15,0,70,,20002,30,0,15,0,45,,20003,30,0,15,0,85,,20004,30,0,15,0,85,,20005,30,0,15,0,85,,20006,30,0,15,0,45,,20007,30,0,15,0,85,,20008,30,0,15,0
721203,'1344',636,,20009,30,0,15,0,70,,20010,30,0,15,0,30,,20011,30,0,15,0,70,,20012,30,0,15,0,15,,20013,30,0,15,0,15,,20014,30,0,15,0,15,,20015,30,0,15,0,55,,20016,30,0,15,0,30,,20017,30,0,15,0,70,,20018,30,0,15,0,30,,20019,30,0,15,0,70,,20020,30,0,15,0,30,,20021,30,0,15,0,70,,20022,30,0,15,0,30,,20023,30,0,15,0,70,,20024,30,0,15,0,30,,20025,30,0,15,0,70,,20026,30,0,15,0,30,,20027,30,0,15,0,70,,20028,30,0,15,0,15,,20029,30,0,15,0,15,,20030,30,0,15,0,15,,20031,30,0,15,0,55,,20032,30,0,15,0,30,,20033,30,0,15,0,70,,20034,30,0,15,0,30,,20035,30,0,15,0,70,,20036,30,0,15,0,30,,20037,30,0,15,0,70,,20038,30,0,15,0,45,,20039,30,0,15,0,85,,20040,30,0,15,0,85,,20041,30,0,15,0,85,,20042,30,0,15,0,45,,20043,30,0,15,0,85,,20044,30,0,15,0
721203,'1345',636,,20045,30,0,15,0,70,,20046,30,0,15,0,30,,20047,30,0,15,0,70,,20048,30,0,15,0,15,,20049,30,0,15,0,15,,20050,30,0,15,0,15,,20051,30,0,15,0,55,,20052,30,0,15,0,30,,20053,30,0,15,0,70,,20054,30,0,15,0,30,,20055,30,0,15,0,70,,20056,30,0,15,0,30,,20057,30,0,15,0,70,,20058,30,0,15,0,30,,20059,30,0,15,0,70,,20060,30,0,15,0,30,,20061,30,0,15,0,70,,20062,30,0,15,0,30,,20063,30,0,15,0,70,,20064,30,0,15,0,15,,20065,30,0,15,0,15,,20066,30,0,15,0,15,,20067,30,0,15,0,55,,20068,30,0,15,0,30,,20069,30,0,15,0,70,,20070,30,0,15,0,30,,20071,30,0,15,0,70,,20072,30,0,15,0,30,,20073,30,0,15,0,70,,20074,30,0,15,0,45,,20075,30,0,15,0,85,,20076,30,0,15,0,85,,20077,30,0,15,0,85,,20078,30,0,15,0,45,,20079,30,0,15,0,85,,20080,30,0,15,0
721203,'1346',636,,20081,30,0,15,0,70,,20082,30,0,15,0,30,,20083,30,0,15,0,70,,20084,30,0,15,0,15,,20085,30,0,15,0,15,,20086,30,0,15,0,15,,20087,30,0,15,0,55,,20088,30,0,15,0,30,,20089,30,0,15,0,70,,20090,30,0,15,0,30,,20091,30,0,15,0,70,,20092,30,0,15,0,30,,20093,30,0,15,0,70,,20094,30,0,15,0,30,,20095,30,0,15,0,70,,20096,30,0,15,0,30,,20097,30,0,15,0,70,,20098,30,0,15,0,30,,20099,30,0,15,0,70,,20100,30,0,15,0,15,,20101,30,0,15,0,15,,20102,30,0,15,0,15,,20103,30,0,15,0,55,,20104,30,0,15,0,30,,20105,30,0,15,0,70,,20106,30,0,15,0,30,,20107,30,0,15,0,70,,20108,30,0,15,0,30,,20109,30,0,15,0,70,,20110,30,0,15,0,45,,20111,30,0,15,0,85,,20112,30,0,15,0,85,,20113,30,0,15,0,85,,20114,30,0,15,0,45,,20115,30,0,15,0,85,,20116,30,0,15,0
721203,'1347',636,,20117,30,0,15,0,70,,20118,30,0,15,0,30,,20119,30,0,15,0,70,,20120,30,0,15,0,15,,20121,30,0,15,0,15,,20122,30,0,15,0,15,,20123,30,0,15,0,55,,20124,30,0,15,0,30,,20125,30,0,15,0,70,,20126,30,0,15,0,30,,20127,30,0,15,0,70,,20128,30,0,15,0,30,,20129,30,0,15,0,70,,20130,30,0,15,0,30,,20131,30,0,15,0,70,,20132,30,0,15,0,30,,20133,30,0,15,0,70,,20134,30,0,15,0,30,,20135,30,0,15,0,70,,20136,30,0,15,0,15,,20137,30,0,15,0,15,,20138,30,0,15,0,15,,20139,30,0,15,0,55,,20140,30,0,15,0,30,,20141,30,0,15,0,70,,20142,30,0,15,0,30,,20143,30,0,15,0,70,,20144,30,0,15,0,30,,20145,30,0,15,0,70,,20146,30,0,15,0,45,,20147,30,0,15,0,85,,20148,30,0,15,0,85,,20149,30,0,15,0,85,,20150,30,0,15,0,45,,20151,30,0,15,0,85,,20152,30,0,15,0
721502,'1341',916,,21310,19,0,16,0,100,,21309,19,0,16,0,100,,21308,19,0,16,0,100,,21307,19,0,16,0,100,,21306,19,0,16,0,100,,21305,19,0,16,0,100,,21304,19,0,16,0,100,,21303,19,0,16,0,100,,21302,19,0,16,0,100,,21301,19,0,16,0,100,,21300,19,0,16,0
721502,'1342',716,,21311,19,0,16,0,100,,21312,19,0,16,0,100,,21313,19,0,16,0,100,,21314,19,0,16,0,100,,21315,19,0,16,0,100,,21316,19,0,16,0,100,,21317,19,0,16,0,30,,21318,19,0,16,0,70,,21319,19,0,16,0,30,,21320,19,0,16,0,70,,21321,19,0,16,0,30,,21322,19,0,16,0,70,,21323,19,0,16,0,30,,21324,19,0,16,0,70,,21325,19,0,16,0,30,,21326,19,0,16,0,70,,21327,19,0,16,0,30,,21328,19,0,16,0,70,,21329,19,0,16,0
721502,'1343',716,,21331,19,0,16,0,30,,21332,19,0,16,0,70,,21333,19,0,16,0,30,,21334,19,0,16,0,70,,21335,19,0,16,0,30,,21336,19,0,16,0,70,,21337,19,0,16,0,30,,21338,19,0,16,0,70,,21339,19,0,16,0,30,,21340,19,0,16,0,70,,21341,19,0,16,0,30,,21342,19,0,16,0,70,,21343,19,0,16,0,30,,21344,19,0,16,0,70,,21345,19,0,16,0,30,,21346,19,0,16,0,70,,21347,19,0,16,0,30,,21348,19,0,16,0,70,,21349,19,0,16,0,30,,21350,19,0,16,0,70,,21351,19,0,16,0,30,,21352,19,0,16,0,70,,21353,19,0,16,0,30,,21354,19,0,16,0,70,,21355,19,0,16,0,100,,21356,19,0,16,0,100,,21357,19,0,16,0,100,,21358,19,0,16,0
721502,'1344',716,,21360,19,0,16,0,30,,21361,19,0,16,0,70,,21362,19,0,16,0,30,,21363,19,0,16,0,70,,21364,19,0,16,0,30,,21365,19,0,16,0,70,,21366,19,0,16,0,30,,21367,19,0,16,0,70,,21368,19,0,16,0,30,,21369,19,0,16,0,70,,21370,19,0,16,0,30,,21371,19,0,16,0,70,,21372,19,0,16,0,30,,21373,19,0,16,0,70,,21374,19,0,16,0,30,,21375,19,0,16,0,70,,21376,19,0,16,0,30,,21377,19,0,16,0,70,,21378,19,0,16,0,30,,21379,19,0,16,0,70,,21380,19,0,16,0,30,,21381,19,0,16,0,70,,21382,19,0,16,0,30,,21383,19,0,16,0,70,,21384,19,0,16,0,100,,21385,19,0,16,0,100,,21386,19,0,16,0,100,,21387,19,0,16,0
721502,'1345',716,,21389,19,0,16,0,30,,21390,19,0,16,0,70,,21391,19,0,16,0,30,,21392,19,0,16,0,70,,21393,19,0,16,0,30,,21394,19,0,16,0,70,,21395,19,0,16,0,30,,21396,19,0,16,0,70,,21397,19,0,16,0,30,,21398,19,0,16,0,70,,21399,19,0,16,0,30,,21400,19,0,16,0,70,,21401,19,0,16,0,30,,21402,19,0,16,0,70,,21403,19,0,16,0,30,,21404,19,0,16,0,70,,21405,19,0,16,0,30,,21406,19,0,16,0,70,,21407,19,0,16,0,30,,21408,19,0,16,0,70,,21409,19,0,16,0,30,,21410,19,0,16,0,70,,21411,19,0,16,0,30,,21412,19,0,16,0,70,,21413,19,0,16,0,100,,21414,19,0,16,0,100,,21415,19,0,16,0,100,,21416,19,0,16,0
721502,'1346',716,,21418,19,0,16,0,30,,21419,19,0,16,0,70,,21420,19,0,16,0,30,,21421,19,0,16,0,70,,21422,19,0,16,0,30,,21423,19,0,16,0,70,,21424,19,0,16,0,30,,21425,19,0,16,0,70,,21426,19,0,16,0,30,,21427,19,0,16,0,70,,21428,19,0,16,0,30,,21429,19,0,16,0,70,,21430,19,0,16,0,30,,21431,19,0,16,0,70,,21432,19,0,16,0,30,,21433,19,0,16,0,70,,21434,19,0,16,0,30,,21435,19,0,16,0,70,,21436,19,0,16,0,30,,21437,19,0,16,0,70,,21438,19,0,16,0,30,,21439,19,0,16,0,70,,21440,19,0,16,0,30,,21441,19,0,16,0,70,,21442,19,0,16,0,100,,21443,19,0,16,0,100,,21444,19,0,16,0,100,,21445,19,0,16,0
721502,'1347',716,,21447,19,0,16,0,30,,21448,19,0,16,0,70,,21449,19,0,16,0,30,,21450,19,0,16,0,70,,21451,19,0,16,0,30,,21452,19,0,16,0,70,,21453,19,0,16,0,30,,21454,19,0,16,0,70,,21455,19,0,16,0,30,,21456,19,0,16,0,70,,21457,19,0,16,0,30,,21458,19,0,16,0,70,,21459,19,0,16,0,30,,21460,19,0,16,0,70,,21461,19,0,16,0,30,,21462,19,0,16,0,70,,21463,19,0,16,0,30,,21464,19,0,16,0,70,,21465,19,0,16,0,30,,21466,19,0,16,0,70,,21467,19,0,16,0,30,,21468,19,0,16,0,70,,21469,19,0,16,0,30,,21470,19,0,16,0,70,,21471,19,0,16,0,100,,21472,19,0,16,0,100,,21473,19,0,16,0,100,,21474,19,0,16,0
