721403,'1348',936,,28094,2,0,15,0,110,,28093,2,0,15,0,110,,28092,2,0,15,0,150,,28091,2,0,15,0,110,,28090,2,0,15,0,110,,28097,2,0,15,0,110,,28096,2,0,15,0,110,,28095,2,0,15,0
721403,'1349',836,,28098,2,0,15,0,110,,28099,2,0,15,0,110,,28100,2,0,15,0,150,,28101,2,0,15,0,111,,28102,2,0,15,0,115,,28103,2,0,15,0,85,,28104,2,0,15,0,85,,28105,2,0,15,0,45,,28106,2,0,15,0,85,,28107,2,0,15,0,85,,28108,2,0,15,0,85,,28109,2,0,15,0,45,,28110,2,0,15,0
721403,'1350',702,,28111,2,0,15,0,100,,28112,2,0,15,0,45,,28113,2,0,15,0,85,,28114,2,0,15,0,85,,28115,2,0,15,0,85,,28116,2,0,15,0,45,,28117,2,0,15,0,85,,28118,2,0,15,0,85,,28119,2,0,15,0,85,,28120,2,0,15,0,45,,28121,2,0,15,0,85,,28122,2,0,15,0,85,,28123,2,0,15,0,85,,28124,2,0,15,0,45,,28125,2,0,15,0,85,,28126,2,0,15,0,85,,28127,2,0,15,0,85,,28128,2,0,15,0,45,,28129,2,0,15,0,85,,28130,2,0,15,0
721403,'1351',702,,28131,2,0,15,0,100,,28132,2,0,15,0,45,,28133,2,0,15,0,85,,28134,2,0,15,0,85,,28135,2,0,15,0,85,,28136,2,0,15,0,45,,28137,2,0,15,0,85,,28138,2,0,15,0,85,,28139,2,0,15,0,85,,28140,2,0,15,0,45,,28141,2,0,15,0,85,,28142,2,0,15,0,85,,28143,2,0,15,0,85,,28144,2,0,15,0,45,,28145,2,0,15,0,85,,28146,2,0,15,0,85,,28147,2,0,15,0,85,,28148,2,0,15,0,45,,28149,2,0,15,0,85,,28150,2,0,15,0
721403,'1352',702,,28151,2,0,15,0,100,,28152,2,0,15,0,45,,28153,2,0,15,0,85,,28154,2,0,15,0,85,,28155,2,0,15,0,85,,28156,2,0,15,0,45,,28157,2,0,15,0,85,,28158,2,0,15,0,85,,28159,2,0,15,0,85,,28160,2,0,15,0,45,,28161,2,0,15,0,85,,28162,2,0,15,0,85,,28163,2,0,15,0,85,,28164,2,0,15,0,45,,28165,2,0,15,0,85,,28166,2,0,15,0,85,,28167,2,0,15,0,85,,28168,2,0,15,0,45,,28169,2,0,15,0,85,,28170,2,0,15,0
721403,'1353',702,,28171,2,0,15,0,100,,28172,2,0,15,0,45,,28173,2,0,15,0,85,,28174,2,0,15,0,85,,28175,2,0,15,0,85,,28176,2,0,15,0,45,,28177,2,0,15,0,85,,28178,2,0,15,0,85,,28179,2,0,15,0,85,,28180,2,0,15,0,45,,28181,2,0,15,0,85,,28182,2,0,15,0,85,,28183,2,0,15,0,85,,28184,2,0,15,0,45,,28185,2,0,15,0,85,,28186,2,0,15,0,85,,28187,2,0,15,0,85,,28188,2,0,15,0,45,,28189,2,0,15,0,85,,28190,2,0,15,0
721403,'1354',702,,28191,2,0,15,0,100,,28192,2,0,15,0,45,,28193,2,0,15,0,85,,28194,2,0,15,0,85,,28195,2,0,15,0,85,,28196,2,0,15,0,45,,28197,2,0,15,0,85,,28198,2,0,15,0,85,,28199,2,0,15,0,85,,28200,2,0,15,0,45,,28201,2,0,15,0,85,,28202,2,0,15,0,85,,28203,2,0,15,0,85,,28204,2,0,15,0,45,,28205,2,0,15,0,85,,28206,2,0,15,0,85,,28207,2,0,15,0,85,,28208,2,0,15,0,45,,28209,2,0,15,0,85,,28210,2,0,15,0
721501,'1348',950,,28342,42,0,17,0,100,,28341,42,0,17,0,100,,28333,42,0,17,0,100,,28332,42,0,17,0,100,,28338,42,0,17,0,100,,28337,42,0,17,0,100,,28336,42,0,17,0,100,,28335,42,0,17,0,100,,28334,42,0,17,0,100,,28340,42,0,17,0,100,,28339,42,0,17,0
721501,'1349',750,,28343,42,0,17,0,100,,28344,42,0,17,0,100,,28345,42,0,17,0,100,,28346,42,0,17,0,100,,28347,42,0,17,0,100,,28348,42,0,17,0,70,,28349,42,0,17,0,30,,28350,42,0,17,0,70,,28351,42,0,17,0,30,,28352,42,0,17,0,70,,28353,42,0,17,0,30,,28354,42,0,17,0,70,,28355,42,0,17,0,30,,28356,42,0,17,0,70,,28357,42,0,17,0,30,,28358,42,0,17,0,70,,28359,42,0,17,0,30,,28360,42,0,17,0,100,,28361,42,0,17,0
721501,'1350',750,,28362,42,0,17,0,70,,28363,42,0,17,0,30,,28364,42,0,17,0,70,,28365,42,0,17,0,30,,28366,42,0,17,0,70,,28367,42,0,17,0,30,,28368,42,0,17,0,70,,28369,42,0,17,0,30,,28370,42,0,17,0,70,,28371,42,0,17,0,30,,28372,42,0,17,0,70,,28373,42,0,17,0,30,,28374,42,0,17,0,70,,28375,42,0,17,0,30,,28376,42,0,17,0,70,,28377,42,0,17,0,30,,28378,42,0,17,0,70,,28379,42,0,17,0,30,,28380,42,0,17,0,70,,28381,42,0,17,0,30,,28382,42,0,17,0,70,,28383,42,0,17,0,30,,28384,42,0,17,0,70,,28385,42,0,17,0,30,,28386,42,0,17,0,100,,28387,42,0,17,0,100,,28388,42,0,17,0,100,,28389,42,0,17,0
721501,'1351',750,,28390,42,0,17,0,70,,28391,42,0,17,0,30,,28392,42,0,17,0,70,,28393,42,0,17,0,30,,28394,42,0,17,0,70,,28395,42,0,17,0,30,,28396,42,0,17,0,70,,28397,42,0,17,0,30,,28398,42,0,17,0,70,,28399,42,0,17,0,30,,28400,42,0,17,0,70,,28401,42,0,17,0,30,,28402,42,0,17,0,70,,28403,42,0,17,0,30,,28404,42,0,17,0,70,,28405,42,0,17,0,30,,28406,42,0,17,0,70,,28407,42,0,17,0,30,,28408,42,0,17,0,70,,28409,42,0,17,0,30,,28410,42,0,17,0,70,,28411,42,0,17,0,30,,28412,42,0,17,0,70,,28413,42,0,17,0,30,,28414,42,0,17,0,100,,28415,42,0,17,0,100,,28416,42,0,17,0,100,,28417,42,0,17,0
721501,'1352',750,,28418,42,0,17,0,70,,28419,42,0,17,0,30,,28420,42,0,17,0,70,,28421,42,0,17,0,30,,28422,42,0,17,0,70,,28423,42,0,17,0,30,,28424,42,0,17,0,70,,28425,42,0,17,0,30,,28426,42,0,17,0,70,,28427,42,0,17,0,30,,28428,42,0,17,0,70,,28429,42,0,17,0,30,,28430,42,0,17,0,70,,28431,42,0,17,0,30,,28432,42,0,17,0,70,,28433,42,0,17,0,30,,28434,42,0,17,0,70,,28435,42,0,17,0,30,,28436,42,0,17,0,70,,28437,42,0,17,0,30,,28438,42,0,17,0,70,,28439,42,0,17,0,30,,28440,42,0,17,0,70,,28441,42,0,17,0,30,,28442,42,0,17,0,100,,28443,42,0,17,0,100,,28444,42,0,17,0,100,,28445,42,0,17,0
721501,'1353',750,,28446,42,0,17,0,70,,28447,42,0,17,0,30,,28448,42,0,17,0,70,,28449,42,0,17,0,30,,28450,42,0,17,0,70,,28451,42,0,17,0,30,,28452,42,0,17,0,70,,28453,42,0,17,0,30,,28454,42,0,17,0,70,,28455,42,0,17,0,30,,28456,42,0,17,0,70,,28457,42,0,17,0,30,,28458,42,0,17,0,70,,28459,42,0,17,0,30,,28460,42,0,17,0,70,,28461,42,0,17,0,30,,28462,42,0,17,0,70,,28463,42,0,17,0,30,,28464,42,0,17,0,70,,28465,42,0,17,0,30,,28466,42,0,17,0,70,,28467,42,0,17,0,30,,28468,42,0,17,0,70,,28469,42,0,17,0,30,,28470,42,0,17,0,100,,28471,42,0,17,0,100,,28472,42,0,17,0,100,,28473,42,0,17,0
721501,'1354',750,,28474,42,0,17,0,70,,28475,42,0,17,0,30,,28476,42,0,17,0,70,,28477,42,0,17,0,30,,28478,42,0,17,0,70,,28479,42,0,17,0,30,,28480,42,0,17,0,70,,28481,42,0,17,0,30,,28482,42,0,17,0,70,,28483,42,0,17,0,30,,28484,42,0,17,0,70,,28485,42,0,17,0,30,,28486,42,0,17,0,70,,28487,42,0,17,0,30,,28488,42,0,17,0,70,,28489,42,0,17,0,30,,28490,42,0,17,0,70,,28491,42,0,17,0,30,,28492,42,0,17,0,70,,28493,42,0,17,0,30,,28494,42,0,17,0,70,,28495,42,0,17,0,30,,28496,42,0,17,0,70,,28497,42,0,17,0,30,,28498,42,0,17,0,100,,28499,42,0,17,0,100,,28500,42,0,17,0,100,,28501,42,0,17,0
