2000,'1327',919,,10044,4,,0,1,,10059,0,,0,85,,10058,0,,0,45,,10057,0,,0,85,,10056,0,,0,85,,10055,0,,0,85,,10054,0,,0,45,,10053,0,,0,85,,10052,0,,0,85,,10051,0,,0,85,,10050,0,,0,45,,10049,0,,0,85,,10048,0,,0,85,,10047,0,,0,85,,10046,0,,0,45,,10045,0,,0
2000,'1328',619,,10090,4,,0,1,,10060,0,,0,85,,10061,0,,0,45,,10062,0,,0,85,,10063,0,,0,15,,10064,0,,0,70,,10065,0,,0,80,,10066,0,,0,30,,10067,0,,0,70,,10068,0,,0,30,,10069,0,,0,80,,10070,0,,0,30,,10071,0,,0,70,,10072,0,,0,30,,10073,0,,0,80,,10074,0,,0,30,,10075,0,,0,70,,10076,0,,0,30,,10077,0,,0,80,,10078,0,,0,70,,10079,0,,0,30,,10080,0,,0,70,,10081,0,,0,40,,10082,0,,0,75,,10083,0,,0,85,,10084,0,,0,45,,10085,0,,0,85,,10086,0,,0,85,,10087,0,,0,85,,10088,0,,0,45,,10089,0,,0
2000,'1329',544,,10138,4,,0,1,,10100,0,,0,60,,10101,0,,0,20,,10102,0,,0,20,,10103,0,,0,60,,10104,0,,0,20,,10105,0,,0,20,,10106,0,,0,60,,10107,0,,0,20,,10108,0,,0,20,,10109,0,,0,60,,10110,0,,0,20,,10111,0,,0,20,,10112,0,,0,60,,10113,0,,0,20,,10114,0,,0,20,,10115,0,,0,60,,10116,0,,0,20,,10117,0,,0,20,,10118,0,,0,60,,10119,0,,0,20,,10120,0,,0,20,,10121,0,,0,60,,10122,0,,0,20,,10123,0,,0,20,,10124,0,,0,60,,10125,0,,0,20,,10126,0,,0,20,,10127,0,,0,60,,10128,0,,0,20,,10129,0,,0,20,,10130,0,,0,60,,10131,0,,0,20,,10132,0,,0,20,,10133,0,,0,60,,10134,0,,0,20,,10135,0,,0,20,,10136,0,,0,60,,10137,0,,0,20,,10091,0,,0,80,,10092,0,,0,45,,10093,0,,0,85,,10094,0,,0,85,,10095,0,,0,85,,10096,0,,0,45,,10097,0,,0,85,,10098,0,,0,85,,10099,0,,0
2000,'1330',544,,10186,4,,0,1,,10148,0,,0,60,,10149,0,,0,20,,10150,0,,0,20,,10151,0,,0,60,,10152,0,,0,20,,10153,0,,0,20,,10154,0,,0,60,,10155,0,,0,20,,10156,0,,0,20,,10157,0,,0,60,,10158,0,,0,20,,10159,0,,0,20,,10160,0,,0,60,,10161,0,,0,20,,10162,0,,0,20,,10163,0,,0,60,,10164,0,,0,20,,10165,0,,0,20,,10166,0,,0,60,,10167,0,,0,20,,10168,0,,0,20,,10169,0,,0,60,,10170,0,,0,20,,10171,0,,0,20,,10172,0,,0,60,,10173,0,,0,20,,10174,0,,0,20,,10175,0,,0,60,,10176,0,,0,20,,10177,0,,0,20,,10178,0,,0,60,,10179,0,,0,20,,10180,0,,0,20,,10181,0,,0,60,,10182,0,,0,20,,10183,0,,0,20,,10184,0,,0,60,,10185,0,,0,20,,10139,0,,0,80,,10140,0,,0,45,,10141,0,,0,85,,10142,0,,0,85,,10143,0,,0,85,,10144,0,,0,45,,10145,0,,0,85,,10146,0,,0,85,,10147,0,,0
2000,'1331',544,,10234,4,,0,1,,10196,0,,0,60,,10197,0,,0,20,,10198,0,,0,20,,10199,0,,0,60,,10200,0,,0,20,,10201,0,,0,20,,10202,0,,0,60,,10203,0,,0,20,,10204,0,,0,20,,10205,0,,0,60,,10206,0,,0,20,,10207,0,,0,20,,10208,0,,0,60,,10209,0,,0,20,,10210,0,,0,20,,10211,0,,0,60,,10212,0,,0,20,,10213,0,,0,20,,10214,0,,0,60,,10215,0,,0,20,,10216,0,,0,20,,10217,0,,0,60,,10218,0,,0,20,,10219,0,,0,20,,10220,0,,0,60,,10221,0,,0,20,,10222,0,,0,20,,10223,0,,0,60,,10224,0,,0,20,,10225,0,,0,20,,10226,0,,0,60,,10227,0,,0,20,,10228,0,,0,20,,10229,0,,0,60,,10230,0,,0,20,,10231,0,,0,20,,10232,0,,0,60,,10233,0,,0,20,,10187,0,,0,80,,10188,0,,0,45,,10189,0,,0,85,,10190,0,,0,85,,10191,0,,0,85,,10192,0,,0,45,,10193,0,,0,85,,10194,0,,0,85,,10195,0,,0
2000,'1332',544,,10282,4,,0,1,,10244,0,,0,60,,10245,0,,0,20,,10246,0,,0,20,,10247,0,,0,60,,10248,0,,0,20,,10249,0,,0,20,,10250,0,,0,60,,10251,0,,0,20,,10252,0,,0,20,,10253,0,,0,60,,10254,0,,0,20,,10255,0,,0,20,,10256,0,,0,60,,10257,0,,0,20,,10258,0,,0,20,,10259,0,,0,60,,10260,0,,0,20,,10261,0,,0,20,,10262,0,,0,60,,10263,0,,0,20,,10264,0,,0,20,,10265,0,,0,60,,10266,0,,0,20,,10267,0,,0,20,,10268,0,,0,60,,10269,0,,0,20,,10270,0,,0,20,,10271,0,,0,60,,10272,0,,0,20,,10273,0,,0,20,,10274,0,,0,60,,10275,0,,0,20,,10276,0,,0,20,,10277,0,,0,60,,10278,0,,0,20,,10279,0,,0,20,,10280,0,,0,60,,10281,0,,0,20,,10235,0,,0,80,,10236,0,,0,45,,10237,0,,0,85,,10238,0,,0,85,,10239,0,,0,85,,10240,0,,0,45,,10241,0,,0,85,,10242,0,,0,85,,10243,0,,0
2000,'1333',544,,10330,4,,0,1,,10292,0,,0,60,,10293,0,,0,20,,10294,0,,0,20,,10295,0,,0,60,,10296,0,,0,20,,10297,0,,0,20,,10298,0,,0,60,,10299,0,,0,20,,10300,0,,0,20,,10301,0,,0,60,,10302,0,,0,20,,10303,0,,0,20,,10304,0,,0,60,,10305,0,,0,20,,10306,0,,0,20,,10307,0,,0,60,,10308,0,,0,20,,10309,0,,0,20,,10310,0,,0,60,,10311,0,,0,20,,10312,0,,0,20,,10313,0,,0,60,,10314,0,,0,20,,10315,0,,0,20,,10316,0,,0,60,,10317,0,,0,20,,10318,0,,0,20,,10319,0,,0,60,,10320,0,,0,20,,10321,0,,0,20,,10322,0,,0,60,,10323,0,,0,20,,10324,0,,0,20,,10325,0,,0,60,,10326,0,,0,20,,10327,0,,0,20,,10328,0,,0,60,,10329,0,,0,20,,10283,0,,0,80,,10284,0,,0,45,,10285,0,,0,85,,10286,0,,0,85,,10287,0,,0,85,,10288,0,,0,45,,10289,0,,0,85,,10290,0,,0,85,,10291,0,,0
2001,'1327',1005,,10345,4,,0,45,,10344,4,,0,85,,10343,4,,0,85,,10342,4,,0,85,,10341,4,,0,45,,10340,4,,0,85,,10339,4,,0,85,,10338,4,,0,85,,10337,4,,0,45,,10336,4,,0,85,,10335,4,,0,85,,10334,4,,0,85,,10333,4,,0,45,,10332,4,,0,85,,10331,4,,0
2001,'1328',705,,10346,4,,0,45,,10347,4,,0,85,,10348,4,,0,85,,10349,4,,0,38,,10359,4,,0,70,,10360,4,,0,30,,10361,4,,0,70,,10362,4,,0,80,,10363,4,,0,30,,10364,4,,0,70,,10365,4,,0,30,,10366,4,,0,80,,10367,4,,0,30,,10368,4,,0,70,,10369,4,,0,30,,10370,4,,0,80,,10371,4,,0,30,,10372,4,,0,70,,10373,4,,0,30,,10374,4,,0,80,,10375,4,,0,77,,10350,4,,0,85,,10351,4,,0,45,,10352,4,,0,85,,10353,4,,0,85,,10354,4,,0,85,,10355,4,,0,45,,10356,4,,0,85,,10357,4,,0,85,,10358,4,,0
2001,'1329',645,,10376,4,,0,60,,10377,4,,0,20,,10378,4,,0,20,,10379,4,,0,60,,10380,4,,0,20,,10381,4,,0,20,,10382,4,,0,60,,10383,4,,0,20,,10384,4,,0,20,,10385,4,,0,60,,10386,4,,0,20,,10387,4,,0,20,,10388,4,,0,60,,10389,4,,0,20,,10390,4,,0,20,,10391,4,,0,60,,10392,4,,0,20,,10393,4,,0,20,,10394,4,,0,60,,10395,4,,0,20,,10396,4,,0,20,,10397,4,,0,60,,10398,4,,0,20,,10399,4,,0,20,,10400,4,,0,60,,10401,4,,0,20,,10402,4,,0,20,,10403,4,,0,60,,10404,4,,0,20,,10405,4,,0,20,,10406,4,,0,60,,10407,4,,0,20,,10408,4,,0,20,,10409,4,,0,60,,10410,4,,0,20,,10411,4,,0,20,,10412,4,,0,60,,10413,4,,0,45,,10414,4,,0,85,,10415,4,,0,85,,10416,4,,0,85,,10417,4,,0,45,,10418,4,,0,85,,10419,4,,0,85,,10420,4,,0,85,,10421,4,,0,45,,10422,4,,0
2001,'1330',645,,10423,4,,0,60,,10424,4,,0,20,,10425,4,,0,20,,10426,4,,0,60,,10427,4,,0,20,,10428,4,,0,20,,10429,4,,0,60,,10430,4,,0,20,,10431,4,,0,20,,10432,4,,0,60,,10433,4,,0,20,,10434,4,,0,20,,10435,4,,0,60,,10436,4,,0,20,,10437,4,,0,20,,10438,4,,0,60,,10439,4,,0,20,,10440,4,,0,20,,10441,4,,0,60,,10442,4,,0,20,,10443,4,,0,20,,10444,4,,0,60,,10445,4,,0,20,,10446,4,,0,20,,10447,4,,0,60,,10448,4,,0,20,,10449,4,,0,20,,10450,4,,0,60,,10451,4,,0,20,,10452,4,,0,20,,10453,4,,0,60,,10454,4,,0,20,,10455,4,,0,20,,10456,4,,0,60,,10457,4,,0,20,,10458,4,,0,20,,10459,4,,0,60,,10460,4,,0,45,,10461,4,,0,85,,10462,4,,0,85,,10463,4,,0,85,,10464,4,,0,45,,10465,4,,0,85,,10466,4,,0,85,,10467,4,,0,85,,10468,4,,0,45,,10469,4,,0
2001,'1331',645,,10470,4,,0,60,,10471,4,,0,20,,10472,4,,0,20,,10473,4,,0,60,,10474,4,,0,20,,10475,4,,0,20,,10476,4,,0,60,,10477,4,,0,20,,10478,4,,0,20,,10479,4,,0,60,,10480,4,,0,20,,10481,4,,0,20,,10482,4,,0,60,,10483,4,,0,20,,10484,4,,0,20,,10485,4,,0,60,,10486,4,,0,20,,10487,4,,0,20,,10488,4,,0,60,,10489,4,,0,20,,10490,4,,0,20,,10491,4,,0,60,,10492,4,,0,20,,10493,4,,0,20,,10494,4,,0,60,,10495,4,,0,20,,10496,4,,0,20,,10497,4,,0,60,,10498,4,,0,20,,10499,4,,0,20,,10500,4,,0,60,,10501,4,,0,20,,10502,4,,0,20,,10503,4,,0,60,,10504,4,,0,20,,10505,4,,0,20,,10506,4,,0,60,,10507,4,,0,45,,10508,4,,0,85,,10509,4,,0,85,,10510,4,,0,85,,10511,4,,0,45,,10512,4,,0,85,,10513,4,,0,85,,10514,4,,0,85,,10515,4,,0,45,,10516,4,,0
2001,'1332',645,,10517,4,,0,60,,10518,4,,0,20,,10519,4,,0,20,,10520,4,,0,60,,10521,4,,0,20,,10522,4,,0,20,,10523,4,,0,60,,10524,4,,0,20,,10525,4,,0,20,,10526,4,,0,60,,10527,4,,0,20,,10528,4,,0,20,,10529,4,,0,60,,10530,4,,0,20,,10531,4,,0,20,,10532,4,,0,60,,10533,4,,0,20,,10534,4,,0,20,,10535,4,,0,60,,10536,4,,0,20,,10537,4,,0,20,,10538,4,,0,60,,10539,4,,0,20,,10540,4,,0,20,,10541,4,,0,60,,10542,4,,0,20,,10543,4,,0,20,,10544,4,,0,60,,10545,4,,0,20,,10546,4,,0,20,,10547,4,,0,60,,10548,4,,0,20,,10549,4,,0,20,,10550,4,,0,60,,10551,4,,0,20,,10552,4,,0,20,,10553,4,,0,60,,10554,4,,0,45,,10555,4,,0,85,,10556,4,,0,85,,10557,4,,0,85,,10558,4,,0,45,,10559,4,,0,85,,10560,4,,0,85,,10561,4,,0,85,,10562,4,,0,45,,10563,4,,0
2001,'1333',645,,10564,4,,0,60,,10565,4,,0,20,,10566,4,,0,20,,10567,4,,0,60,,10568,4,,0,20,,10569,4,,0,20,,10570,4,,0,60,,10571,4,,0,20,,10572,4,,0,20,,10573,4,,0,60,,10574,4,,0,20,,10575,4,,0,20,,10576,4,,0,60,,10577,4,,0,20,,10578,4,,0,20,,10579,4,,0,60,,10580,4,,0,20,,10581,4,,0,20,,10582,4,,0,60,,10583,4,,0,20,,10584,4,,0,20,,10585,4,,0,60,,10586,4,,0,20,,10587,4,,0,20,,10588,4,,0,60,,10589,4,,0,20,,10590,4,,0,20,,10591,4,,0,60,,10592,4,,0,20,,10593,4,,0,20,,10594,4,,0,60,,10595,4,,0,20,,10596,4,,0,20,,10597,4,,0,60,,10598,4,,0,20,,10599,4,,0,20,,10600,4,,0,60,,10601,4,,0,45,,10602,4,,0,85,,10603,4,,0,85,,10604,4,,0,85,,10605,4,,0,45,,10606,4,,0,85,,10607,4,,0,85,,10608,4,,0,85,,10609,4,,0,45,,10610,4,,0
