2000,'1348',917,,24502,3,,,0
2000,'1349',617,,24518,3,,,0
2000,'1350',542,,24558,3,,,0
2000,'1351',542,,24606,3,,,0
2000,'1352',542,,24654,3,,,0
2000,'1353',542,,24702,3,,,0
2000,'1354',542,,24750,3,,,0
2001,'1348',1002,,24801,71,,,0,45,,24800,71,,,0,85,,24799,71,,,0,85,,24798,71,,,0,85,,24797,71,,,0,45,,24796,71,,,0,85,,24792,71,,,0,85,,24803,71,,,0,85,,24802,71,,,0,45,,24795,71,,,0,87,,24794,71,,,0,83,,24793,71,,,0,85,,24791,71,,,0,45,,24790,71,,,0,85,,24789,71,,,0
2001,'1349',702,,24821,71,,,0,45,,24822,71,,,0,85,,24823,71,,,0,85,,24824,71,,,0,39,,24804,71,,,0,70,,24805,71,,,0,30,,24806,71,,,0,70,,24807,71,,,0,80,,24808,71,,,0,30,,24809,71,,,0,70,,24810,71,,,0,30,,24811,71,,,0,80,,24812,71,,,0,30,,24813,71,,,0,70,,24814,71,,,0,30,,24815,71,,,0,80,,24816,71,,,0,30,,24817,71,,,0,70,,24818,71,,,0,30,,24819,71,,,0,80,,24820,71,,,0,76,,24825,71,,,0,45,,24826,71,,,0,85,,24827,71,,,0,85,,24828,71,,,0,85,,24829,71,,,0,45,,24830,71,,,0,85,,24831,71,,,0,85,,24832,71,,,0,85,,24833,71,,,0
2001,'1350',642,,24834,71,,,0,60,,24835,71,,,0,20,,24836,71,,,0,20,,24837,71,,,0,60,,24838,71,,,0,20,,24839,71,,,0,20,,24840,71,,,0,60,,24841,71,,,0,20,,24842,71,,,0,20,,24843,71,,,0,60,,24844,71,,,0,20,,24845,71,,,0,20,,24846,71,,,0,60,,24847,71,,,0,20,,24848,71,,,0,20,,24849,71,,,0,60,,24850,71,,,0,20,,24851,71,,,0,20,,24852,71,,,0,60,,24853,71,,,0,20,,24854,71,,,0,20,,24855,71,,,0,60,,24856,71,,,0,20,,24857,71,,,0,20,,24858,71,,,0,60,,24859,71,,,0,20,,24860,71,,,0,20,,24861,71,,,0,60,,24862,71,,,0,20,,24863,71,,,0,20,,24864,71,,,0,60,,24865,71,,,0,20,,24866,71,,,0,20,,24867,71,,,0,60,,24868,71,,,0,20,,24869,71,,,0,20,,24870,71,,,0,60,,24871,71,,,0,45,,24872,71,,,0,85,,24873,71,,,0,85,,24874,71,,,0,85,,24875,71,,,0,45,,24876,71,,,0,85,,24877,71,,,0,85,,24878,71,,,0,85,,24879,71,,,0,45,,24880,71,,,0
2001,'1351',642,,24881,71,,,0,60,,24882,71,,,0,20,,24883,71,,,0,20,,24884,71,,,0,60,,24885,71,,,0,20,,24886,71,,,0,20,,24887,71,,,0,60,,24888,71,,,0,20,,24889,71,,,0,20,,24890,71,,,0,60,,24891,71,,,0,20,,24892,71,,,0,20,,24893,71,,,0,60,,24894,71,,,0,20,,24895,71,,,0,20,,24896,71,,,0,60,,24897,71,,,0,20,,24898,71,,,0,20,,24899,71,,,0,60,,24900,71,,,0,20,,24901,71,,,0,20,,24902,71,,,0,60,,24903,71,,,0,20,,24904,71,,,0,20,,24905,71,,,0,60,,24906,71,,,0,20,,24907,71,,,0,20,,24908,71,,,0,60,,24909,71,,,0,20,,24910,71,,,0,20,,24911,71,,,0,60,,24912,71,,,0,20,,24913,71,,,0,20,,24914,71,,,0,60,,24915,71,,,0,20,,24916,71,,,0,20,,24917,71,,,0,60,,24918,71,,,0,45,,24919,71,,,0,85,,24920,71,,,0,85,,24921,71,,,0,85,,24922,71,,,0,45,,24923,71,,,0,85,,24924,71,,,0,85,,24925,71,,,0,85,,24926,71,,,0,45,,24927,71,,,0
2001,'1352',642,,24928,71,,,0,60,,24929,71,,,0,20,,24930,71,,,0,20,,24931,71,,,0,60,,24932,71,,,0,20,,24933,71,,,0,20,,24934,71,,,0,60,,24935,71,,,0,20,,24936,71,,,0,20,,24937,71,,,0,60,,24938,71,,,0,20,,24939,71,,,0,20,,24940,71,,,0,60,,24941,71,,,0,20,,24942,71,,,0,20,,24943,71,,,0,60,,24944,71,,,0,20,,24945,71,,,0,20,,24946,71,,,0,60,,24947,71,,,0,20,,24948,71,,,0,20,,24949,71,,,0,60,,24950,71,,,0,20,,24951,71,,,0,20,,24952,71,,,0,60,,24953,71,,,0,20,,24954,71,,,0,20,,24955,71,,,0,60,,24956,71,,,0,20,,24957,71,,,0,20,,24958,71,,,0,60,,24959,71,,,0,20,,24960,71,,,0,20,,24961,71,,,0,60,,24962,71,,,0,20,,24963,71,,,0,20,,24964,71,,,0,60,,24965,71,,,0,45,,24966,71,,,0,85,,24967,71,,,0,85,,24968,71,,,0,85,,24969,71,,,0,45,,24970,71,,,0,85,,24971,71,,,0,85,,24972,71,,,0,85,,24973,71,,,0,45,,24974,71,,,0
2001,'1353',642,,24975,71,,,0,60,,24976,71,,,0,20,,24977,71,,,0,20,,24978,71,,,0,60,,24979,71,,,0,20,,24980,71,,,0,20,,24981,71,,,0,60,,24982,71,,,0,20,,24983,71,,,0,20,,24984,71,,,0,60,,24985,71,,,0,20,,24986,71,,,0,20,,24987,71,,,0,60,,24988,71,,,0,20,,24989,71,,,0,20,,24990,71,,,0,60,,24991,71,,,0,20,,24992,71,,,0,20,,24993,71,,,0,60,,24994,71,,,0,20,,24995,71,,,0,20,,24996,71,,,0,60,,24997,71,,,0,20,,24998,71,,,0,20,,24999,71,,,0,60,,25000,71,,,0,20,,25001,71,,,0,20,,25002,71,,,0,60,,25003,71,,,0,20,,25004,71,,,0,20,,25005,71,,,0,60,,25006,71,,,0,20,,25007,71,,,0,20,,25008,71,,,0,60,,25009,71,,,0,20,,25010,71,,,0,20,,25011,71,,,0,60,,25012,71,,,0,45,,25013,71,,,0,85,,25014,71,,,0,85,,25015,71,,,0,85,,25016,71,,,0,45,,25017,71,,,0,85,,25018,71,,,0,85,,25019,71,,,0,85,,25020,71,,,0,45,,25021,71,,,0
2001,'1354',642,,25022,71,,,0,60,,25023,71,,,0,20,,25024,71,,,0,20,,25025,71,,,0,60,,25026,71,,,0,20,,25027,71,,,0,20,,25028,71,,,0,60,,25029,71,,,0,20,,25030,71,,,0,20,,25031,71,,,0,60,,25032,71,,,0,20,,25033,71,,,0,20,,25034,71,,,0,60,,25035,71,,,0,20,,25036,71,,,0,20,,25037,71,,,0,60,,25038,71,,,0,20,,25039,71,,,0,20,,25040,71,,,0,60,,25041,71,,,0,20,,25042,71,,,0,20,,25043,71,,,0,60,,25044,71,,,0,20,,25045,71,,,0,20,,25046,71,,,0,60,,25047,71,,,0,20,,25048,71,,,0,20,,25049,71,,,0,60,,25050,71,,,0,20,,25051,71,,,0,20,,25052,71,,,0,60,,25053,71,,,0,20,,25054,71,,,0,20,,25055,71,,,0,60,,25056,71,,,0,20,,25057,71,,,0,20,,25058,71,,,0,60,,25059,71,,,0,45,,25060,71,,,0,85,,25061,71,,,0,85,,25062,71,,,0,85,,25063,71,,,0,45,,25064,71,,,0,85,,25065,71,,,0,85,,25066,71,,,0,85,,25067,71,,,0,45,,25068,71,,,0
