721203,'1348',948,,27146,4,0,15,0,85,,27145,4,0,15,0,85,,27144,4,0,15,0,85,,27143,4,0,15,0,45,,27142,4,0,15,0,85,,27141,4,0,15,0,85,,27140,4,0,15,0,85,,27139,4,0,15,0,45,,27138,4,0,15,0,85,,27137,4,0,15,0,85,,27136,4,0,15,0,85,,27135,4,0,15,0,45,,27134,4,0,15,0,85,,27133,4,0,15,0
721203,'1349',648,,27147,4,0,15,0,85,,27148,4,0,15,0,85,,27149,4,0,15,0,85,,27150,4,0,15,0,45,,27151,4,0,15,0,85,,27152,4,0,15,0,70,,27153,4,0,15,0,30,,27154,4,0,15,0,70,,27155,4,0,15,0,30,,27156,4,0,15,0,70,,27157,4,0,15,0,30,,27158,4,0,15,0,70,,27159,4,0,15,0,30,,27160,4,0,15,0,70,,27161,4,0,15,0,30,,27162,4,0,15,0,70,,27163,4,0,15,0,30,,27164,4,0,15,0,70,,27165,4,0,15,0,30,,27166,4,0,15,0,70,,27167,4,0,15,0,30,,27168,4,0,15,0,85,,27169,4,0,15,0,85,,27170,4,0,15,0,45,,27171,4,0,15,0,85,,27172,4,0,15,0,85,,27173,4,0,15,0,85,,27174,4,0,15,0
721203,'1350',618,,27175,4,0,15,0,30,,27176,4,0,15,0,70,,27177,4,0,15,0,30,,27178,4,0,15,0,55,,27179,4,0,15,0,15,,27180,4,0,15,0,15,,27181,4,0,15,0,15,,27182,4,0,15,0,70,,27183,4,0,15,0,30,,27184,4,0,15,0,70,,27185,4,0,15,0,30,,27186,4,0,15,0,70,,27187,4,0,15,0,30,,27188,4,0,15,0,70,,27189,4,0,15,0,30,,27190,4,0,15,0,70,,27191,4,0,15,0,30,,27192,4,0,15,0,70,,27193,4,0,15,0,30,,27194,4,0,15,0,55,,27195,4,0,15,0,15,,27196,4,0,15,0,15,,27197,4,0,15,0,15,,27198,4,0,15,0,70,,27199,4,0,15,0,30,,27200,4,0,15,0,70,,27201,4,0,15,0,30,,27202,4,0,15,0,70,,27203,4,0,15,0,30,,27204,4,0,15,0,85,,27205,4,0,15,0,85,,27206,4,0,15,0,85,,27207,4,0,15,0,45,,27208,4,0,15,0,85,,27209,4,0,15,0,85,,27210,4,0,15,0
721203,'1351',618,,27211,4,0,15,0,30,,27212,4,0,15,0,70,,27213,4,0,15,0,30,,27214,4,0,15,0,55,,27215,4,0,15,0,15,,27216,4,0,15,0,15,,27217,4,0,15,0,15,,27218,4,0,15,0,70,,27219,4,0,15,0,30,,27220,4,0,15,0,70,,27221,4,0,15,0,30,,27222,4,0,15,0,70,,27223,4,0,15,0,30,,27224,4,0,15,0,70,,27225,4,0,15,0,30,,27226,4,0,15,0,70,,27227,4,0,15,0,30,,27228,4,0,15,0,70,,27229,4,0,15,0,30,,27230,4,0,15,0,55,,27231,4,0,15,0,15,,27232,4,0,15,0,15,,27233,4,0,15,0,15,,27234,4,0,15,0,70,,27235,4,0,15,0,30,,27236,4,0,15,0,70,,27237,4,0,15,0,30,,27238,4,0,15,0,70,,27239,4,0,15,0,30,,27240,4,0,15,0,85,,27241,4,0,15,0,85,,27242,4,0,15,0,85,,27243,4,0,15,0,45,,27244,4,0,15,0,85,,27245,4,0,15,0,85,,27246,4,0,15,0
721203,'1352',618,,27247,4,0,15,0,30,,27248,4,0,15,0,70,,27249,4,0,15,0,30,,27250,4,0,15,0,55,,27251,4,0,15,0,15,,27252,4,0,15,0,15,,27253,4,0,15,0,15,,27254,4,0,15,0,70,,27255,4,0,15,0,30,,27256,4,0,15,0,70,,27257,4,0,15,0,30,,27258,4,0,15,0,70,,27259,4,0,15,0,30,,27260,4,0,15,0,70,,27261,4,0,15,0,30,,27262,4,0,15,0,70,,27263,4,0,15,0,30,,27264,4,0,15,0,70,,27265,4,0,15,0,30,,27266,4,0,15,0,55,,27267,4,0,15,0,15,,27268,4,0,15,0,15,,27269,4,0,15,0,15,,27270,4,0,15,0,70,,27271,4,0,15,0,30,,27272,4,0,15,0,70,,27273,4,0,15,0,30,,27274,4,0,15,0,70,,27275,4,0,15,0,30,,27276,4,0,15,0,85,,27277,4,0,15,0,85,,27278,4,0,15,0,85,,27279,4,0,15,0,45,,27280,4,0,15,0,85,,27281,4,0,15,0,85,,27282,4,0,15,0
721203,'1353',618,,27283,4,0,15,0,30,,27284,4,0,15,0,70,,27285,4,0,15,0,30,,27286,4,0,15,0,55,,27287,4,0,15,0,15,,27288,4,0,15,0,15,,27289,4,0,15,0,15,,27290,4,0,15,0,70,,27291,4,0,15,0,30,,27292,4,0,15,0,70,,27293,4,0,15,0,30,,27294,4,0,15,0,70,,27295,4,0,15,0,30,,27296,4,0,15,0,70,,27297,4,0,15,0,30,,27298,4,0,15,0,70,,27299,4,0,15,0,30,,27300,4,0,15,0,70,,27301,4,0,15,0,30,,27302,4,0,15,0,55,,27303,4,0,15,0,15,,27304,4,0,15,0,15,,27305,4,0,15,0,15,,27306,4,0,15,0,70,,27307,4,0,15,0,30,,27308,4,0,15,0,70,,27309,4,0,15,0,30,,27310,4,0,15,0,70,,27311,4,0,15,0,30,,27312,4,0,15,0,85,,27313,4,0,15,0,85,,27314,4,0,15,0,85,,27315,4,0,15,0,45,,27316,4,0,15,0,85,,27317,4,0,15,0,85,,27318,4,0,15,0
721203,'1354',618,,27319,4,0,15,0,30,,27320,4,0,15,0,70,,27321,4,0,15,0,30,,27322,4,0,15,0,55,,27323,4,0,15,0,15,,27324,4,0,15,0,15,,27325,4,0,15,0,15,,27326,4,0,15,0,70,,27327,4,0,15,0,30,,27328,4,0,15,0,70,,27329,4,0,15,0,30,,27330,4,0,15,0,70,,27331,4,0,15,0,30,,27332,4,0,15,0,70,,27333,4,0,15,0,30,,27334,4,0,15,0,70,,27335,4,0,15,0,30,,27336,4,0,15,0,70,,27337,4,0,15,0,30,,27338,4,0,15,0,55,,27339,4,0,15,0,15,,27340,4,0,15,0,15,,27341,4,0,15,0,15,,27342,4,0,15,0,70,,27343,4,0,15,0,30,,27344,4,0,15,0,70,,27345,4,0,15,0,30,,27346,4,0,15,0,70,,27347,4,0,15,0,30,,27348,4,0,15,0,85,,27349,4,0,15,0,85,,27350,4,0,15,0,85,,27351,4,0,15,0,45,,27352,4,0,15,0,85,,27353,4,0,15,0,85,,27354,4,0,15,0
721501,'1348',937,,28342,30,0,17,0,100,,28341,30,0,17,0,100,,28333,30,0,17,0,100,,28332,30,0,17,0,100,,28338,30,0,17,0,100,,28337,30,0,17,0,100,,28336,30,0,17,0,100,,28335,30,0,17,0,100,,28334,30,0,17,0,100,,28340,30,0,17,0,100,,28339,30,0,17,0
721501,'1349',737,,28343,30,0,17,0,100,,28344,30,0,17,0,100,,28345,30,0,17,0,100,,28346,30,0,17,0,100,,28347,30,0,17,0,100,,28348,30,0,17,0,70,,28349,30,0,17,0,30,,28350,30,0,17,0,70,,28351,30,0,17,0,30,,28352,30,0,17,0,70,,28353,30,0,17,0,30,,28354,30,0,17,0,70,,28355,30,0,17,0,30,,28356,30,0,17,0,70,,28357,30,0,17,0,30,,28358,30,0,17,0,70,,28359,30,0,17,0,30,,28360,30,0,17,0,100,,28361,30,0,17,0
721501,'1350',737,,28362,30,0,17,0,70,,28363,30,0,17,0,30,,28364,30,0,17,0,70,,28365,30,0,17,0,30,,28366,30,0,17,0,70,,28367,30,0,17,0,30,,28368,30,0,17,0,70,,28369,30,0,17,0,30,,28370,30,0,17,0,70,,28371,30,0,17,0,30,,28372,30,0,17,0,70,,28373,30,0,17,0,30,,28374,30,0,17,0,70,,28375,30,0,17,0,30,,28376,30,0,17,0,70,,28377,30,0,17,0,30,,28378,30,0,17,0,70,,28379,30,0,17,0,30,,28380,30,0,17,0,70,,28381,30,0,17,0,30,,28382,30,0,17,0,70,,28383,30,0,17,0,30,,28384,30,0,17,0,70,,28385,30,0,17,0,30,,28386,30,0,17,0,100,,28387,30,0,17,0,100,,28388,30,0,17,0,100,,28389,30,0,17,0
721501,'1351',737,,28390,30,0,17,0,70,,28391,30,0,17,0,30,,28392,30,0,17,0,70,,28393,30,0,17,0,30,,28394,30,0,17,0,70,,28395,30,0,17,0,30,,28396,30,0,17,0,70,,28397,30,0,17,0,30,,28398,30,0,17,0,70,,28399,30,0,17,0,30,,28400,30,0,17,0,70,,28401,30,0,17,0,30,,28402,30,0,17,0,70,,28403,30,0,17,0,30,,28404,30,0,17,0,70,,28405,30,0,17,0,30,,28406,30,0,17,0,70,,28407,30,0,17,0,30,,28408,30,0,17,0,70,,28409,30,0,17,0,30,,28410,30,0,17,0,70,,28411,30,0,17,0,30,,28412,30,0,17,0,70,,28413,30,0,17,0,30,,28414,30,0,17,0,100,,28415,30,0,17,0,100,,28416,30,0,17,0,100,,28417,30,0,17,0
721501,'1352',737,,28418,30,0,17,0,70,,28419,30,0,17,0,30,,28420,30,0,17,0,70,,28421,30,0,17,0,30,,28422,30,0,17,0,70,,28423,30,0,17,0,30,,28424,30,0,17,0,70,,28425,30,0,17,0,30,,28426,30,0,17,0,70,,28427,30,0,17,0,30,,28428,30,0,17,0,70,,28429,30,0,17,0,30,,28430,30,0,17,0,70,,28431,30,0,17,0,30,,28432,30,0,17,0,70,,28433,30,0,17,0,30,,28434,30,0,17,0,70,,28435,30,0,17,0,30,,28436,30,0,17,0,70,,28437,30,0,17,0,30,,28438,30,0,17,0,70,,28439,30,0,17,0,30,,28440,30,0,17,0,70,,28441,30,0,17,0,30,,28442,30,0,17,0,100,,28443,30,0,17,0,100,,28444,30,0,17,0,100,,28445,30,0,17,0
721501,'1353',737,,28446,30,0,17,0,70,,28447,30,0,17,0,30,,28448,30,0,17,0,70,,28449,30,0,17,0,30,,28450,30,0,17,0,70,,28451,30,0,17,0,30,,28452,30,0,17,0,70,,28453,30,0,17,0,30,,28454,30,0,17,0,70,,28455,30,0,17,0,30,,28456,30,0,17,0,70,,28457,30,0,17,0,30,,28458,30,0,17,0,70,,28459,30,0,17,0,30,,28460,30,0,17,0,70,,28461,30,0,17,0,30,,28462,30,0,17,0,70,,28463,30,0,17,0,30,,28464,30,0,17,0,70,,28465,30,0,17,0,30,,28466,30,0,17,0,70,,28467,30,0,17,0,30,,28468,30,0,17,0,70,,28469,30,0,17,0,30,,28470,30,0,17,0,100,,28471,30,0,17,0,100,,28472,30,0,17,0,100,,28473,30,0,17,0
721501,'1354',737,,28474,30,0,17,0,70,,28475,30,0,17,0,30,,28476,30,0,17,0,70,,28477,30,0,17,0,30,,28478,30,0,17,0,70,,28479,30,0,17,0,30,,28480,30,0,17,0,70,,28481,30,0,17,0,30,,28482,30,0,17,0,70,,28483,30,0,17,0,30,,28484,30,0,17,0,70,,28485,30,0,17,0,30,,28486,30,0,17,0,70,,28487,30,0,17,0,30,,28488,30,0,17,0,70,,28489,30,0,17,0,30,,28490,30,0,17,0,70,,28491,30,0,17,0,30,,28492,30,0,17,0,70,,28493,30,0,17,0,30,,28494,30,0,17,0,70,,28495,30,0,17,0,30,,28496,30,0,17,0,70,,28497,30,0,17,0,30,,28498,30,0,17,0,100,,28499,30,0,17,0,100,,28500,30,0,17,0,100,,28501,30,0,17,0
