'1218',2300,84700,,'',0,10000,,'',0,10100,,'',0,10000,,'',0,10000,,'',0,10000,,'',0,10000,,'',0,10000,,'',0,10000,,'',0,15200,,'',0
'1220',2300,73700,,'',0,8000,,'',0,4000,,'',0,7500,,'',0,7000,,'',0,10000,,'',0,10000,,'',0,10000,,'',0,10000,,'',0,11500,,'',0,4000,,'',0,8000,,'',0,8000,,'',0,4000,,'',0,7500,,'',0
'1221',2300,73700,,'',0,8000,,'',0,4000,,'',0,7500,,'',0,7000,,'',0,10000,,'',0,10000,,'',0,10000,,'',0,10000,,'',0,11500,,'',0,4000,,'',0,8000,,'',0,8000,,'',0,4000,,'',0,7500,,'',0
'1222',2300,73700,,'',0,8000,,'',0,4000,,'',0,7500,,'',0,7000,,'',0,10000,,'',0,10000,,'',0,10000,,'',0,10000,,'',0,11500,,'',0,4000,,'',0,8000,,'',0,8000,,'',0,4000,,'',0,7500,,'',0
'1223',2300,73700,,'',0,8000,,'',0,4000,,'',0,7500,,'',0,7000,,'',0,10000,,'',0,10000,,'',0,10000,,'',0,10000,,'',0,11500,,'',0,4000,,'',0,8000,,'',0,8000,,'',0,4000,,'',0,7500,,'',0
'1224',2300,73700,,'',0,8000,,'',0,4000,,'',0,7500,,'',0,7000,,'',0,10000,,'',0,10000,,'',0,10000,,'',0,10000,,'',0,11500,,'',0,4000,,'',0,8000,,'',0,8000,,'',0,4000,,'',0,7500,,'',0
'1217',2401,85200,0,'TunnelBus',0,10000,0,'TunnelBus',0,10000,0,'TunnelBus',0,10000,0,'TunnelBus',0,10000,0,'TunnelBus',0,10000,0,'TunnelBus',0,10000,0,'TunnelBus',0,10000,0,'TunnelBus',0,10000,0,'TunnelBus',0,10000,0,'TunnelBus',0,10000,0,'TunnelBus',0,10000,0,'TunnelBus',0
'1218',2401,65200,0,'TunnelBus',0,10000,0,'TunnelBus',0,10000,0,'TunnelBus',0,10000,0,'TunnelBus',0,10000,0,'TunnelBus',0,10000,0,'TunnelBus',0,10000,0,'TunnelBus',0,10000,0,'TunnelBus',0,10000,0,'TunnelBus',0,10000,0,'TunnelBus',0,10000,0,'TunnelBus',0,10000,0,'TunnelBus',0,10000,0,'TunnelBus',0,10000,0,'TunnelBus',0,10000,0,'TunnelBus',0,10000,0,'TunnelBus',0,10000,0,'TunnelBus',0,10000,0,'TunnelBus',0
'1219',2401,85200,0,'TunnelBus',0,10000,0,'TunnelBus',0,10000,0,'TunnelBus',0,10000,0,'TunnelBus',0,10000,0,'TunnelBus',0,10000,0,'TunnelBus',0,10000,0,'TunnelBus',0,10000,0,'TunnelBus',0,10000,0,'TunnelBus',0,10000,0,'TunnelBus',0,10000,0,'TunnelBus',0,10000,0,'TunnelBus',0
'1220',2401,65200,0,'TunnelBus',0,10000,0,'TunnelBus',0,10000,0,'TunnelBus',0,10000,0,'TunnelBus',0,10000,0,'TunnelBus',0,10000,0,'TunnelBus',0,10000,0,'TunnelBus',0,10000,0,'TunnelBus',0,10000,0,'TunnelBus',0,10000,0,'TunnelBus',0,10000,0,'TunnelBus',0,10000,0,'TunnelBus',0,10000,0,'TunnelBus',0,10000,0,'TunnelBus',0,10000,0,'TunnelBus',0,10000,0,'TunnelBus',0,10000,0,'TunnelBus',0,10000,0,'TunnelBus',0
'1221',2401,65200,0,'TunnelBus',0,10000,0,'TunnelBus',0,10000,0,'TunnelBus',0,10000,0,'TunnelBus',0,10000,0,'TunnelBus',0,10000,0,'TunnelBus',0,10000,0,'TunnelBus',0,10000,0,'TunnelBus',0,10000,0,'TunnelBus',0,10000,0,'TunnelBus',0,10000,0,'TunnelBus',0,10000,0,'TunnelBus',0,10000,0,'TunnelBus',0,10000,0,'TunnelBus',0,10000,0,'TunnelBus',0,10000,0,'TunnelBus',0
'1222',2401,65200,0,'TunnelBus',0,10000,0,'TunnelBus',0,10000,0,'TunnelBus',0,10000,0,'TunnelBus',0,10000,0,'TunnelBus',0,10000,0,'TunnelBus',0,10000,0,'TunnelBus',0,10000,0,'TunnelBus',0,10000,0,'TunnelBus',0,10000,0,'TunnelBus',0,10000,0,'TunnelBus',0,10000,0,'TunnelBus',0,10000,0,'TunnelBus',0,10000,0,'TunnelBus',0,10000,0,'TunnelBus',0,10000,0,'TunnelBus',0
'1223',2401,65200,0,'TunnelBus',0,10000,0,'TunnelBus',0,10000,0,'TunnelBus',0,10000,0,'TunnelBus',0,10000,0,'TunnelBus',0,10000,0,'TunnelBus',0,10000,0,'TunnelBus',0,10000,0,'TunnelBus',0,10000,0,'TunnelBus',0,10000,0,'TunnelBus',0,10000,0,'TunnelBus',0,10000,0,'TunnelBus',0,10000,0,'TunnelBus',0,10000,0,'TunnelBus',0,10000,0,'TunnelBus',0,10000,0,'TunnelBus',0
'1224',2401,65200,0,'TunnelBus',0,10000,0,'TunnelBus',0,10000,0,'TunnelBus',0,10000,0,'TunnelBus',0,10000,0,'TunnelBus',0,10000,0,'TunnelBus',0,10000,0,'TunnelBus',0,10000,0,'TunnelBus',0,10000,0,'TunnelBus',0,10000,0,'TunnelBus',0,10000,0,'TunnelBus',0,10000,0,'TunnelBus',0,10000,0,'TunnelBus',0,10000,0,'TunnelBus',0,10000,0,'TunnelBus',0,10000,0,'TunnelBus',0
