2801,'1349',827,,25195,18,,,0,110,,25196,18,,,0,110,,25197,18,,,0,110,,25198,18,,,0,150,,25199,18,,,0,110,,25200,18,,,0,110,,25201,18,,,0,110,,25202,18,,,0,110,,25203,18,,,0,110,,25204,18,,,0
2801,'1350',652,,25205,18,,,0,75,,25206,18,,,0,75,,25207,18,,,0,35,,25208,18,,,0,75,,25209,18,,,0,35,,25210,18,,,0,75,,25211,18,,,0,35,,25212,18,,,0,75,,25213,18,,,0,75,,25214,18,,,0,35,,25215,18,,,0,75,,25216,18,,,0,35,,25217,18,,,0,75,,25218,18,,,0,75,,25219,18,,,0,35,,25220,18,,,0,75,,25221,18,,,0,35,,25222,18,,,0,75,,25223,18,,,0,35,,25224,18,,,0,75,,25225,18,,,0,75,,25226,18,,,0,35,,25227,18,,,0
2801,'1351',652,,25228,18,,,0,75,,25229,18,,,0,75,,25230,18,,,0,35,,25231,18,,,0,75,,25232,18,,,0,35,,25233,18,,,0,75,,25234,18,,,0,35,,25235,18,,,0,75,,25236,18,,,0,75,,25237,18,,,0,35,,25238,18,,,0,75,,25239,18,,,0,35,,25240,18,,,0,75,,25241,18,,,0,75,,25242,18,,,0,35,,25243,18,,,0,75,,25244,18,,,0,35,,25245,18,,,0,75,,25246,18,,,0,35,,25247,18,,,0,75,,25248,18,,,0,75,,25249,18,,,0,35,,25250,18,,,0
2801,'1352',652,,25251,18,,,0,75,,25252,18,,,0,75,,25253,18,,,0,35,,25254,18,,,0,75,,25255,18,,,0,35,,25256,18,,,0,75,,25257,18,,,0,35,,25258,18,,,0,75,,25259,18,,,0,75,,25260,18,,,0,35,,25261,18,,,0,75,,25262,18,,,0,35,,25263,18,,,0,75,,25264,18,,,0,75,,25265,18,,,0,35,,25266,18,,,0,75,,25267,18,,,0,35,,25268,18,,,0,75,,25269,18,,,0,35,,25270,18,,,0,75,,25271,18,,,0,75,,25272,18,,,0,35,,25273,18,,,0
2801,'1353',652,,25274,18,,,0,75,,25275,18,,,0,75,,25276,18,,,0,35,,25277,18,,,0,75,,25278,18,,,0,35,,25279,18,,,0,75,,25280,18,,,0,35,,25281,18,,,0,75,,25282,18,,,0,75,,25283,18,,,0,35,,25284,18,,,0,75,,25285,18,,,0,35,,25286,18,,,0,75,,25287,18,,,0,75,,25288,18,,,0,35,,25289,18,,,0,75,,25290,18,,,0,35,,25291,18,,,0,75,,25292,18,,,0,35,,25293,18,,,0,75,,25294,18,,,0,75,,25295,18,,,0,35,,25296,18,,,0
2801,'1354',652,,25297,18,,,0,75,,25298,18,,,0,75,,25299,18,,,0,35,,25300,18,,,0,75,,25301,18,,,0,35,,25302,18,,,0,75,,25303,18,,,0,35,,25304,18,,,0,75,,25305,18,,,0,75,,25306,18,,,0,35,,25307,18,,,0,75,,25308,18,,,0,35,,25309,18,,,0,75,,25310,18,,,0,75,,25311,18,,,0,35,,25312,18,,,0,75,,25313,18,,,0,35,,25314,18,,,0,75,,25315,18,,,0,35,,25316,18,,,0,75,,25317,18,,,0,75,,25318,18,,,0,35,,25319,18,,,0
722501,'1350',555,,28677,44,0,17,0,160,,28678,44,0,17,0,100,,28679,44,0,17,0,100,,28680,44,0,17,0,100,,28681,44,0,17,0,100,,28682,44,0,17,0,100,,28683,44,0,17,0,100,,28684,44,0,17,0,100,,28685,44,0,17,0,100,,28686,44,0,17,0,100,,28687,44,0,17,0,100,,28688,44,0,17,0,100,,28689,44,0,17,0,100,,28690,44,0,17,0,100,,28691,44,0,17,0,100,,28692,44,0,17,0,100,,28693,44,0,17,0,100,,28694,44,0,17,0
722501,'1351',555,,28695,44,0,17,0,160,,28696,44,0,17,0,100,,28697,44,0,17,0,100,,28698,44,0,17,0,100,,28699,44,0,17,0,100,,28700,44,0,17,0,100,,28701,44,0,17,0,100,,28702,44,0,17,0,100,,28703,44,0,17,0,100,,28704,44,0,17,0,100,,28705,44,0,17,0,100,,28706,44,0,17,0,100,,28707,44,0,17,0,100,,28708,44,0,17,0,100,,28709,44,0,17,0,100,,28710,44,0,17,0,100,,28711,44,0,17,0,100,,28712,44,0,17,0
722501,'1352',555,,28713,44,0,17,0,160,,28714,44,0,17,0,100,,28715,44,0,17,0,100,,28716,44,0,17,0,100,,28717,44,0,17,0,100,,28718,44,0,17,0,100,,28719,44,0,17,0,100,,28720,44,0,17,0,100,,28721,44,0,17,0,100,,28722,44,0,17,0,100,,28723,44,0,17,0,100,,28724,44,0,17,0,100,,28725,44,0,17,0,100,,28726,44,0,17,0,100,,28727,44,0,17,0,100,,28728,44,0,17,0,100,,28729,44,0,17,0,100,,28730,44,0,17,0
722501,'1353',555,,28731,44,0,17,0,160,,28732,44,0,17,0,100,,28733,44,0,17,0,100,,28734,44,0,17,0,100,,28735,44,0,17,0,100,,28736,44,0,17,0,100,,28737,44,0,17,0,100,,28738,44,0,17,0,100,,28739,44,0,17,0,100,,28740,44,0,17,0,100,,28741,44,0,17,0,100,,28742,44,0,17,0,100,,28743,44,0,17,0,100,,28744,44,0,17,0,100,,28745,44,0,17,0,100,,28746,44,0,17,0,100,,28747,44,0,17,0,100,,28748,44,0,17,0
722501,'1354',555,,28749,44,0,17,0,160,,28750,44,0,17,0,100,,28751,44,0,17,0,100,,28752,44,0,17,0,100,,28753,44,0,17,0,100,,28754,44,0,17,0,100,,28755,44,0,17,0,100,,28756,44,0,17,0,100,,28757,44,0,17,0,100,,28758,44,0,17,0,100,,28759,44,0,17,0,100,,28760,44,0,17,0,100,,28761,44,0,17,0,100,,28762,44,0,17,0,100,,28763,44,0,17,0,100,,28764,44,0,17,0,100,,28765,44,0,17,0,100,,28766,44,0,17,0
