721404,'1348',934,,28217,48,0,14,0,110,,28216,48,0,14,0,110,,28215,48,0,14,0,150,,28218,48,0,14,0,110,,28214,48,0,14,0,110,,28213,48,0,14,0,110,,28212,48,0,14,0,110,,28211,48,0,14,0
721404,'1349',833,,28219,48,0,14,0,110,,28220,48,0,14,0,110,,28221,48,0,14,0,150,,28222,48,0,14,0,110,,28223,48,0,14,0,113,,28224,48,0,14,0,85,,28225,48,0,14,0,45,,28226,48,0,14,0,85,,28227,48,0,14,0,85,,28228,48,0,14,0,85,,28229,48,0,14,0,46,,28230,48,0,14,0,85,,28231,48,0,14,0
721404,'1350',659,,28232,48,0,14,0,97,,28233,48,0,14,0,85,,28234,48,0,14,0,85,,28235,48,0,14,0,84,,28236,48,0,14,0,45,,28237,48,0,14,0,85,,28238,48,0,14,0,85,,28239,48,0,14,0,85,,28240,48,0,14,0,45,,28241,48,0,14,0,85,,28242,48,0,14,0,85,,28243,48,0,14,0,85,,28244,48,0,14,0,45,,28245,48,0,14,0,85,,28246,48,0,14,0,85,,28247,48,0,14,0,86,,28248,48,0,14,0,45,,28249,48,0,14,0,85,,28250,48,0,14,0,85,,28251,48,0,14,0
721404,'1351',659,,28252,48,0,14,0,97,,28253,48,0,14,0,85,,28254,48,0,14,0,85,,28255,48,0,14,0,84,,28256,48,0,14,0,45,,28257,48,0,14,0,85,,28258,48,0,14,0,85,,28259,48,0,14,0,85,,28260,48,0,14,0,45,,28261,48,0,14,0,85,,28262,48,0,14,0,85,,28263,48,0,14,0,85,,28264,48,0,14,0,45,,28265,48,0,14,0,85,,28266,48,0,14,0,85,,28267,48,0,14,0,86,,28268,48,0,14,0,45,,28269,48,0,14,0,85,,28270,48,0,14,0,85,,28271,48,0,14,0
721404,'1352',659,,28272,48,0,14,0,97,,28273,48,0,14,0,85,,28274,48,0,14,0,85,,28275,48,0,14,0,84,,28276,48,0,14,0,45,,28277,48,0,14,0,85,,28278,48,0,14,0,85,,28279,48,0,14,0,85,,28280,48,0,14,0,45,,28281,48,0,14,0,85,,28282,48,0,14,0,85,,28283,48,0,14,0,85,,28284,48,0,14,0,45,,28285,48,0,14,0,85,,28286,48,0,14,0,85,,28287,48,0,14,0,86,,28288,48,0,14,0,45,,28289,48,0,14,0,85,,28290,48,0,14,0,85,,28291,48,0,14,0
721404,'1353',659,,28292,48,0,14,0,97,,28293,48,0,14,0,85,,28294,48,0,14,0,85,,28295,48,0,14,0,84,,28296,48,0,14,0,45,,28297,48,0,14,0,85,,28298,48,0,14,0,85,,28299,48,0,14,0,85,,28300,48,0,14,0,45,,28301,48,0,14,0,85,,28302,48,0,14,0,85,,28303,48,0,14,0,85,,28304,48,0,14,0,45,,28305,48,0,14,0,85,,28306,48,0,14,0,85,,28307,48,0,14,0,86,,28308,48,0,14,0,45,,28309,48,0,14,0,85,,28310,48,0,14,0,85,,28311,48,0,14,0
721404,'1354',659,,28312,48,0,14,0,97,,28313,48,0,14,0,85,,28314,48,0,14,0,85,,28315,48,0,14,0,84,,28316,48,0,14,0,45,,28317,48,0,14,0,85,,28318,48,0,14,0,85,,28319,48,0,14,0,85,,28320,48,0,14,0,45,,28321,48,0,14,0,85,,28322,48,0,14,0,85,,28323,48,0,14,0,85,,28324,48,0,14,0,45,,28325,48,0,14,0,85,,28326,48,0,14,0,85,,28327,48,0,14,0,86,,28328,48,0,14,0,45,,28329,48,0,14,0,85,,28330,48,0,14,0,85,,28331,48,0,14,0
722502,'1350',627,,28767,59,0,16,0,100,,28768,59,0,16,0,100,,28769,59,0,16,0,100,,28770,59,0,16,0,100,,28771,59,0,16,0,100,,28772,59,0,16,0,100,,28773,59,0,16,0,100,,28774,59,0,16,0,100,,28775,59,0,16,0,100,,28776,59,0,16,0,100,,28777,59,0,16,0,100,,28778,59,0,16,0,100,,28779,59,0,16,0,100,,28780,59,0,16,0,100,,28781,59,0,16,0,100,,28782,59,0,16,0,100,,28783,59,0,16,0,100,,28784,59,0,16,0
722502,'1351',627,,28785,59,0,16,0,100,,28786,59,0,16,0,100,,28787,59,0,16,0,100,,28788,59,0,16,0,100,,28789,59,0,16,0,100,,28790,59,0,16,0,100,,28791,59,0,16,0,100,,28792,59,0,16,0,100,,28793,59,0,16,0,100,,28794,59,0,16,0,100,,28795,59,0,16,0,100,,28796,59,0,16,0,100,,28797,59,0,16,0,100,,28798,59,0,16,0,100,,28799,59,0,16,0,100,,28800,59,0,16,0,100,,28801,59,0,16,0,100,,28802,59,0,16,0
722502,'1352',627,,28803,59,0,16,0,100,,28804,59,0,16,0,100,,28805,59,0,16,0,100,,28806,59,0,16,0,100,,28807,59,0,16,0,100,,28808,59,0,16,0,100,,28809,59,0,16,0,100,,28810,59,0,16,0,100,,28811,59,0,16,0,100,,28812,59,0,16,0,100,,28813,59,0,16,0,100,,28814,59,0,16,0,100,,28815,59,0,16,0,100,,28816,59,0,16,0,100,,28817,59,0,16,0,100,,28818,59,0,16,0,100,,28819,59,0,16,0,100,,28820,59,0,16,0
722502,'1353',627,,28821,59,0,16,0,100,,28822,59,0,16,0,100,,28823,59,0,16,0,100,,28824,59,0,16,0,100,,28825,59,0,16,0,100,,28826,59,0,16,0,100,,28827,59,0,16,0,100,,28828,59,0,16,0,100,,28829,59,0,16,0,100,,28830,59,0,16,0,100,,28831,59,0,16,0,100,,28832,59,0,16,0,100,,28833,59,0,16,0,100,,28834,59,0,16,0,100,,28835,59,0,16,0,100,,28836,59,0,16,0,100,,28837,59,0,16,0,100,,28838,59,0,16,0
722502,'1354',627,,28839,59,0,16,0,100,,28840,59,0,16,0,100,,28841,59,0,16,0,100,,28842,59,0,16,0,100,,28843,59,0,16,0,100,,28844,59,0,16,0,100,,28845,59,0,16,0,100,,28846,59,0,16,0,100,,28847,59,0,16,0,100,,28848,59,0,16,0,100,,28849,59,0,16,0,100,,28850,59,0,16,0,100,,28851,59,0,16,0,100,,28852,59,0,16,0,100,,28853,59,0,16,0,100,,28854,59,0,16,0,100,,28855,59,0,16,0,100,,28856,59,0,16,0
