1600,'1327',1055,,7237,0,9,0,70,,7236,0,9,0,85,,7235,0,9,0,30,,7234,0,9,0,70,,7233,0,9,0,30,,7232,0,9,0,70,,7231,0,9,0,30,,7230,0,9,0,70,,7229,0,9,0,30,,7228,0,9,0,70,,7227,0,9,0,30,,7226,0,9,0,70,,7225,0,9,0,20,,7224,0,9,0,10,,7223,0,9,0,70,,7222,0,9,0,20,,7221,0,9,0,10,,7220,0,9,0,70,,7219,0,9,0,30,,7218,0,9,0,70,,7217,0,9,0
1600,'1328',742,,7238,0,9,0,70,,7239,0,9,0,30,,7240,0,9,0,70,,7241,0,9,0,30,,7242,0,9,0,70,,7243,0,9,0,30,,7244,0,9,0,70,,7245,0,9,0,20,,7246,0,9,0,20,,7247,0,9,0,60,,7248,0,9,0,20,,7249,0,9,0,20,,7250,0,9,0,60,,7251,0,9,0,20,,7252,0,9,0,20,,7253,0,9,0,60,,7254,0,9,0,20,,7255,0,9,0,20,,7256,0,9,0,60,,7257,0,9,0,20,,7258,0,9,0,20,,7259,0,9,0,60,,7260,0,9,0,20,,7261,0,9,0,20,,7262,0,9,0,60,,7263,0,9,0,20,,7264,0,9,0,20,,7265,0,9,0,60,,7266,0,9,0,20,,7267,0,9,0,5,,7268,0,9,0,15,,7269,0,9,0,60,,7270,0,9,0,30,,7271,0,9,0,70,,7272,0,9,0,30,,7273,0,9,0,70,,7274,0,9,0,30,,7275,0,9,0,70,,7276,0,9,0,100,,7277,0,9,0
1600,'1329',652,,7278,0,9,0,74,,7321,0,9,0,31,,7279,0,9,0,60,,7280,0,9,0,20,,7281,0,9,0,20,,7282,0,9,0,60,,7283,0,9,0,20,,7284,0,9,0,20,,7285,0,9,0,60,,7286,0,9,0,20,,7287,0,9,0,20,,7288,0,9,0,60,,7289,0,9,0,20,,7290,0,9,0,20,,7291,0,9,0,60,,7292,0,9,0,20,,7293,0,9,0,20,,7294,0,9,0,60,,7295,0,9,0,20,,7296,0,9,0,20,,7297,0,9,0,60,,7298,0,9,0,20,,7299,0,9,0,20,,7300,0,9,0,60,,7301,0,9,0,20,,7302,0,9,0,20,,7303,0,9,0,60,,7304,0,9,0,20,,7305,0,9,0,20,,7306,0,9,0,60,,7307,0,9,0,20,,7308,0,9,0,20,,7309,0,9,0,60,,7310,0,9,0,20,,7311,0,9,0,20,,7312,0,9,0,55,,7313,0,9,0,30,,7314,0,9,0,70,,7315,0,9,0,30,,7316,0,9,0,70,,7317,0,9,0,30,,7318,0,9,0,70,,7319,0,9,0,100,,7320,0,9,0
1600,'1330',652,,7322,0,9,0,74,,7365,0,9,0,31,,7323,0,9,0,60,,7324,0,9,0,20,,7325,0,9,0,20,,7326,0,9,0,60,,7327,0,9,0,20,,7328,0,9,0,20,,7329,0,9,0,60,,7330,0,9,0,20,,7331,0,9,0,20,,7332,0,9,0,60,,7333,0,9,0,20,,7334,0,9,0,20,,7335,0,9,0,60,,7336,0,9,0,20,,7337,0,9,0,20,,7338,0,9,0,60,,7339,0,9,0,20,,7340,0,9,0,20,,7341,0,9,0,60,,7342,0,9,0,20,,7343,0,9,0,20,,7344,0,9,0,60,,7345,0,9,0,20,,7346,0,9,0,20,,7347,0,9,0,60,,7348,0,9,0,20,,7349,0,9,0,20,,7350,0,9,0,60,,7351,0,9,0,20,,7352,0,9,0,20,,7353,0,9,0,60,,7354,0,9,0,20,,7355,0,9,0,20,,7356,0,9,0,55,,7357,0,9,0,30,,7358,0,9,0,70,,7359,0,9,0,30,,7360,0,9,0,70,,7361,0,9,0,30,,7362,0,9,0,70,,7363,0,9,0,100,,7364,0,9,0
1600,'1331',652,,7366,0,9,0,74,,7409,0,9,0,31,,7367,0,9,0,60,,7368,0,9,0,20,,7369,0,9,0,20,,7370,0,9,0,60,,7371,0,9,0,20,,7372,0,9,0,20,,7373,0,9,0,60,,7374,0,9,0,20,,7375,0,9,0,20,,7376,0,9,0,60,,7377,0,9,0,20,,7378,0,9,0,20,,7379,0,9,0,60,,7380,0,9,0,20,,7381,0,9,0,20,,7382,0,9,0,60,,7383,0,9,0,20,,7384,0,9,0,20,,7385,0,9,0,60,,7386,0,9,0,20,,7387,0,9,0,20,,7388,0,9,0,60,,7389,0,9,0,20,,7390,0,9,0,20,,7391,0,9,0,60,,7392,0,9,0,20,,7393,0,9,0,20,,7394,0,9,0,60,,7395,0,9,0,20,,7396,0,9,0,20,,7397,0,9,0,60,,7398,0,9,0,20,,7399,0,9,0,20,,7400,0,9,0,55,,7401,0,9,0,30,,7402,0,9,0,70,,7403,0,9,0,30,,7404,0,9,0,70,,7405,0,9,0,30,,7406,0,9,0,70,,7407,0,9,0,100,,7408,0,9,0
1600,'1332',652,,7410,0,9,0,74,,7453,0,9,0,31,,7411,0,9,0,60,,7412,0,9,0,20,,7413,0,9,0,20,,7414,0,9,0,60,,7415,0,9,0,20,,7416,0,9,0,20,,7417,0,9,0,60,,7418,0,9,0,20,,7419,0,9,0,20,,7420,0,9,0,60,,7421,0,9,0,20,,7422,0,9,0,20,,7423,0,9,0,60,,7424,0,9,0,20,,7425,0,9,0,20,,7426,0,9,0,60,,7427,0,9,0,20,,7428,0,9,0,20,,7429,0,9,0,60,,7430,0,9,0,20,,7431,0,9,0,20,,7432,0,9,0,60,,7433,0,9,0,20,,7434,0,9,0,20,,7435,0,9,0,60,,7436,0,9,0,20,,7437,0,9,0,20,,7438,0,9,0,60,,7439,0,9,0,20,,7440,0,9,0,20,,7441,0,9,0,60,,7442,0,9,0,20,,7443,0,9,0,20,,7444,0,9,0,55,,7445,0,9,0,30,,7446,0,9,0,70,,7447,0,9,0,30,,7448,0,9,0,70,,7449,0,9,0,30,,7450,0,9,0,70,,7451,0,9,0,100,,7452,0,9,0
1600,'1333',652,,7454,0,9,0,74,,7497,0,9,0,31,,7455,0,9,0,60,,7456,0,9,0,20,,7457,0,9,0,20,,7458,0,9,0,60,,7459,0,9,0,20,,7460,0,9,0,20,,7461,0,9,0,60,,7462,0,9,0,20,,7463,0,9,0,20,,7464,0,9,0,60,,7465,0,9,0,20,,7466,0,9,0,20,,7467,0,9,0,60,,7468,0,9,0,20,,7469,0,9,0,20,,7470,0,9,0,60,,7471,0,9,0,20,,7472,0,9,0,20,,7473,0,9,0,60,,7474,0,9,0,20,,7475,0,9,0,20,,7476,0,9,0,60,,7477,0,9,0,20,,7478,0,9,0,20,,7479,0,9,0,60,,7480,0,9,0,20,,7481,0,9,0,20,,7482,0,9,0,60,,7483,0,9,0,20,,7484,0,9,0,20,,7485,0,9,0,60,,7486,0,9,0,20,,7487,0,9,0,20,,7488,0,9,0,55,,7489,0,9,0,30,,7490,0,9,0,70,,7491,0,9,0,30,,7492,0,9,0,70,,7493,0,9,0,30,,7494,0,9,0,70,,7495,0,9,0,100,,7496,0,9,0
2000,'1327',1020,,10059,0,,0,85,,10058,0,,0,45,,10057,0,,0,85,,10056,0,,0,85,,10055,0,,0,85,,10054,0,,0,45,,10053,0,,0,85,,10052,0,,0,85,,10051,0,,0,85,,10050,0,,0,46,,10049,0,,0,84,,10048,0,,0,85,,10047,0,,0,85,,10046,0,,0,45,,10045,0,,0
2000,'1328',726,,10060,0,,0,85,,10061,0,,0,45,,10062,0,,0,85,,10063,0,,0,15,,10064,0,,0,70,,10065,0,,0,80,,10066,0,,0,30,,10067,0,,0,70,,10068,0,,0,30,,10069,0,,0,80,,10070,0,,0,30,,10071,0,,0,70,,10072,0,,0,30,,10073,0,,0,80,,10074,0,,0,30,,10075,0,,0,70,,10076,0,,0,30,,10077,0,,0,80,,10078,0,,0,70,,10079,0,,0,30,,10080,0,,0,70,,10081,0,,0,40,,10082,0,,0,75,,10083,0,,0,85,,10084,0,,0,45,,10085,0,,0,85,,10086,0,,0,85,,10087,0,,0,85,,10088,0,,0,45,,10089,0,,0
2000,'1329',653,,10100,0,,0,60,,10101,0,,0,20,,10102,0,,0,20,,10103,0,,0,60,,10104,0,,0,20,,10105,0,,0,20,,10106,0,,0,60,,10107,0,,0,20,,10108,0,,0,20,,10109,0,,0,60,,10110,0,,0,20,,10111,0,,0,20,,10112,0,,0,60,,10113,0,,0,20,,10114,0,,0,20,,10115,0,,0,60,,10116,0,,0,20,,10117,0,,0,20,,10118,0,,0,60,,10119,0,,0,20,,10120,0,,0,20,,10121,0,,0,60,,10122,0,,0,20,,10123,0,,0,20,,10124,0,,0,60,,10125,0,,0,20,,10126,0,,0,20,,10127,0,,0,60,,10128,0,,0,20,,10129,0,,0,20,,10130,0,,0,60,,10131,0,,0,20,,10132,0,,0,20,,10133,0,,0,60,,10134,0,,0,20,,10135,0,,0,20,,10136,0,,0,60,,10137,0,,0,18,,10091,0,,0,74,,10092,0,,0,45,,10093,0,,0,85,,10094,0,,0,85,,10095,0,,0,85,,10096,0,,0,45,,10097,0,,0,85,,10098,0,,0,85,,10099,0,,0
2000,'1330',653,,10148,0,,0,60,,10149,0,,0,20,,10150,0,,0,20,,10151,0,,0,60,,10152,0,,0,20,,10153,0,,0,20,,10154,0,,0,60,,10155,0,,0,20,,10156,0,,0,20,,10157,0,,0,60,,10158,0,,0,20,,10159,0,,0,20,,10160,0,,0,60,,10161,0,,0,20,,10162,0,,0,20,,10163,0,,0,60,,10164,0,,0,20,,10165,0,,0,20,,10166,0,,0,60,,10167,0,,0,20,,10168,0,,0,20,,10169,0,,0,60,,10170,0,,0,20,,10171,0,,0,20,,10172,0,,0,60,,10173,0,,0,20,,10174,0,,0,20,,10175,0,,0,60,,10176,0,,0,20,,10177,0,,0,20,,10178,0,,0,60,,10179,0,,0,20,,10180,0,,0,20,,10181,0,,0,60,,10182,0,,0,20,,10183,0,,0,20,,10184,0,,0,60,,10185,0,,0,18,,10139,0,,0,74,,10140,0,,0,45,,10141,0,,0,85,,10142,0,,0,85,,10143,0,,0,85,,10144,0,,0,45,,10145,0,,0,85,,10146,0,,0,85,,10147,0,,0
2000,'1331',653,,10196,0,,0,60,,10197,0,,0,20,,10198,0,,0,20,,10199,0,,0,60,,10200,0,,0,20,,10201,0,,0,20,,10202,0,,0,60,,10203,0,,0,20,,10204,0,,0,20,,10205,0,,0,60,,10206,0,,0,20,,10207,0,,0,20,,10208,0,,0,60,,10209,0,,0,20,,10210,0,,0,20,,10211,0,,0,60,,10212,0,,0,20,,10213,0,,0,20,,10214,0,,0,60,,10215,0,,0,20,,10216,0,,0,20,,10217,0,,0,60,,10218,0,,0,20,,10219,0,,0,20,,10220,0,,0,60,,10221,0,,0,20,,10222,0,,0,20,,10223,0,,0,60,,10224,0,,0,20,,10225,0,,0,20,,10226,0,,0,60,,10227,0,,0,20,,10228,0,,0,20,,10229,0,,0,60,,10230,0,,0,20,,10231,0,,0,20,,10232,0,,0,60,,10233,0,,0,18,,10187,0,,0,74,,10188,0,,0,45,,10189,0,,0,85,,10190,0,,0,85,,10191,0,,0,85,,10192,0,,0,45,,10193,0,,0,85,,10194,0,,0,85,,10195,0,,0
2000,'1332',653,,10244,0,,0,60,,10245,0,,0,20,,10246,0,,0,20,,10247,0,,0,60,,10248,0,,0,20,,10249,0,,0,20,,10250,0,,0,60,,10251,0,,0,20,,10252,0,,0,20,,10253,0,,0,60,,10254,0,,0,20,,10255,0,,0,20,,10256,0,,0,60,,10257,0,,0,20,,10258,0,,0,20,,10259,0,,0,60,,10260,0,,0,20,,10261,0,,0,20,,10262,0,,0,60,,10263,0,,0,20,,10264,0,,0,20,,10265,0,,0,60,,10266,0,,0,20,,10267,0,,0,20,,10268,0,,0,60,,10269,0,,0,20,,10270,0,,0,20,,10271,0,,0,60,,10272,0,,0,20,,10273,0,,0,20,,10274,0,,0,60,,10275,0,,0,20,,10276,0,,0,20,,10277,0,,0,60,,10278,0,,0,20,,10279,0,,0,20,,10280,0,,0,60,,10281,0,,0,18,,10235,0,,0,74,,10236,0,,0,45,,10237,0,,0,85,,10238,0,,0,85,,10239,0,,0,85,,10240,0,,0,45,,10241,0,,0,85,,10242,0,,0,85,,10243,0,,0
2000,'1333',653,,10292,0,,0,60,,10293,0,,0,20,,10294,0,,0,20,,10295,0,,0,60,,10296,0,,0,20,,10297,0,,0,20,,10298,0,,0,60,,10299,0,,0,20,,10300,0,,0,20,,10301,0,,0,60,,10302,0,,0,20,,10303,0,,0,20,,10304,0,,0,60,,10305,0,,0,20,,10306,0,,0,20,,10307,0,,0,60,,10308,0,,0,20,,10309,0,,0,20,,10310,0,,0,60,,10311,0,,0,20,,10312,0,,0,20,,10313,0,,0,60,,10314,0,,0,20,,10315,0,,0,20,,10316,0,,0,60,,10317,0,,0,20,,10318,0,,0,20,,10319,0,,0,60,,10320,0,,0,20,,10321,0,,0,20,,10322,0,,0,60,,10323,0,,0,20,,10324,0,,0,20,,10325,0,,0,60,,10326,0,,0,20,,10327,0,,0,20,,10328,0,,0,60,,10329,0,,0,18,,10283,0,,0,74,,10284,0,,0,45,,10285,0,,0,85,,10286,0,,0,85,,10287,0,,0,85,,10288,0,,0,45,,10289,0,,0,85,,10290,0,,0,85,,10291,0,,0
721403,'1327',1007,,13673,0,6,0,110,,13672,0,6,0,110,,13671,0,6,0,110,,13670,0,6,0,110,,13669,0,6,0,110,,13668,0,6,0,150,,13667,0,6,0,110,,13666,0,6,0
721403,'1328',907,,13674,0,6,0,110,,13675,0,6,0,110,,13676,0,6,0,110,,13677,0,6,0,118,,13678,0,6,0,155,,13679,0,6,0,45,,13680,0,6,0,85,,13681,0,6,0,85,,13682,0,6,0,85,,13683,0,6,0,45,,13684,0,6,0,85,,13685,0,6,0,85,,13686,0,6,0
721403,'1329',740,,13687,0,6,0,100,,13688,0,6,0,85,,13689,0,6,0,85,,13690,0,6,0,45,,13691,0,6,0,85,,13692,0,6,0,85,,13693,0,6,0,85,,13694,0,6,0,45,,13695,0,6,0,85,,13696,0,6,0,85,,13697,0,6,0,85,,13698,0,6,0,45,,13699,0,6,0,85,,13700,0,6,0,85,,13701,0,6,0,85,,13702,0,6,0,45,,13703,0,6,0,85,,13704,0,6,0,85,,13705,0,6,0,85,,13706,0,6,0
721403,'1330',740,,13707,0,6,0,100,,13708,0,6,0,85,,13709,0,6,0,85,,13710,0,6,0,45,,13711,0,6,0,85,,13712,0,6,0,85,,13713,0,6,0,85,,13714,0,6,0,45,,13715,0,6,0,85,,13716,0,6,0,85,,13717,0,6,0,85,,13718,0,6,0,45,,13719,0,6,0,85,,13720,0,6,0,85,,13721,0,6,0,85,,13722,0,6,0,45,,13723,0,6,0,85,,13724,0,6,0,85,,13725,0,6,0,85,,13726,0,6,0
721403,'1331',740,,13727,0,6,0,100,,13728,0,6,0,85,,13729,0,6,0,85,,13730,0,6,0,45,,13731,0,6,0,85,,13732,0,6,0,85,,13733,0,6,0,85,,13734,0,6,0,45,,13735,0,6,0,85,,13736,0,6,0,85,,13737,0,6,0,85,,13738,0,6,0,45,,13739,0,6,0,85,,13740,0,6,0,85,,13741,0,6,0,85,,13742,0,6,0,45,,13743,0,6,0,85,,13744,0,6,0,85,,13745,0,6,0,85,,13746,0,6,0
721403,'1332',740,,13747,0,6,0,100,,13748,0,6,0,85,,13749,0,6,0,85,,13750,0,6,0,45,,13751,0,6,0,85,,13752,0,6,0,85,,13753,0,6,0,85,,13754,0,6,0,45,,13755,0,6,0,85,,13756,0,6,0,85,,13757,0,6,0,85,,13758,0,6,0,45,,13759,0,6,0,85,,13760,0,6,0,85,,13761,0,6,0,85,,13762,0,6,0,45,,13763,0,6,0,85,,13764,0,6,0,85,,13765,0,6,0,85,,13766,0,6,0
721403,'1333',740,,13767,0,6,0,100,,13768,0,6,0,85,,13769,0,6,0,85,,13770,0,6,0,45,,13771,0,6,0,85,,13772,0,6,0,85,,13773,0,6,0,85,,13774,0,6,0,45,,13775,0,6,0,85,,13776,0,6,0,85,,13777,0,6,0,85,,13778,0,6,0,45,,13779,0,6,0,85,,13780,0,6,0,85,,13781,0,6,0,85,,13782,0,6,0,45,,13783,0,6,0,85,,13784,0,6,0,85,,13785,0,6,0,85,,13786,0,6,0
