463600,'1348',950,,25818,20,0,10,0,480,,25821,20,0,10,0,170,,25820,20,0,10,0,245,,25819,20,0,10,0
463600,'1349',820,,25822,20,0,10,0,630,,25823,20,0,10,0,170,,25824,20,0,10,0,300,,25825,20,0,10,0
463600,'1350',720,,25826,20,0,10,0,730,,25827,20,0,10,0,470,,25828,20,0,10,0,130,,25829,20,0,10,0
463600,'1351',720,,25830,20,0,10,0,730,,25831,20,0,10,0,470,,25832,20,0,10,0,130,,25833,20,0,10,0
463600,'1352',720,,25834,20,0,10,0,730,,25835,20,0,10,0,470,,25836,20,0,10,0,130,,25837,20,0,10,0
463600,'1353',720,,25838,20,0,10,0,730,,25839,20,0,10,0,470,,25840,20,0,10,0,130,,25841,20,0,10,0
463600,'1354',720,,25842,20,0,10,0,730,,25843,20,0,10,0,470,,25844,20,0,10,0,130,,25845,20,0,10,0
463601,'1348',837,,25846,2,0,10,0,480,,25847,2,0,10,0,130,,25848,2,0,10,0,285,,25849,2,0,10,0
463601,'1349',707,,25850,2,0,10,0,630,,25851,2,0,10,0,170,,25852,2,0,10,0,300,,25853,2,0,10,0
463601,'1350',607,,25854,2,0,10,0,730,,25855,2,0,10,0,470,,25856,2,0,10,0,130,,25857,2,0,10,0
463601,'1351',607,,25858,2,0,10,0,730,,25859,2,0,10,0,470,,25860,2,0,10,0,130,,25861,2,0,10,0
463601,'1352',607,,25862,2,0,10,0,730,,25863,2,0,10,0,470,,25864,2,0,10,0,130,,25865,2,0,10,0
463601,'1353',607,,25866,2,0,10,0,730,,25867,2,0,10,0,470,,25868,2,0,10,0,130,,25869,2,0,10,0
463601,'1354',607,,25870,2,0,10,0,730,,25871,2,0,10,0,470,,25872,2,0,10,0,130,,25873,2,0,10,0
721501,'1348',910,,28342,7,0,17,0,100,,28341,7,0,17,0,100,,28333,7,0,17,0,100,,28332,7,0,17,0,100,,28338,7,0,17,0,100,,28337,7,0,17,0,100,,28336,7,0,17,0,100,,28335,7,0,17,0,100,,28334,7,0,17,0,100,,28340,7,0,17,0,100,,28339,7,0,17,0
721501,'1349',710,,28343,7,0,17,0,100,,28344,7,0,17,0,100,,28345,7,0,17,0,100,,28346,7,0,17,0,100,,28347,7,0,17,0,100,,28348,7,0,17,0,30,,28349,7,0,17,0,70,,28350,7,0,17,0,30,,28351,7,0,17,0,70,,28352,7,0,17,0,30,,28353,7,0,17,0,70,,28354,7,0,17,0,30,,28355,7,0,17,0,70,,28356,7,0,17,0,30,,28357,7,0,17,0,70,,28358,7,0,17,0,30,,28359,7,0,17,0,70,,28360,7,0,17,0,100,,28361,7,0,17,0
721501,'1350',710,,28362,7,0,17,0,30,,28363,7,0,17,0,70,,28364,7,0,17,0,30,,28365,7,0,17,0,70,,28366,7,0,17,0,30,,28367,7,0,17,0,70,,28368,7,0,17,0,30,,28369,7,0,17,0,70,,28370,7,0,17,0,30,,28371,7,0,17,0,70,,28372,7,0,17,0,30,,28373,7,0,17,0,70,,28374,7,0,17,0,30,,28375,7,0,17,0,70,,28376,7,0,17,0,30,,28377,7,0,17,0,70,,28378,7,0,17,0,30,,28379,7,0,17,0,70,,28380,7,0,17,0,30,,28381,7,0,17,0,70,,28382,7,0,17,0,30,,28383,7,0,17,0,70,,28384,7,0,17,0,30,,28385,7,0,17,0,70,,28386,7,0,17,0,100,,28387,7,0,17,0,100,,28388,7,0,17,0,100,,28389,7,0,17,0
721501,'1351',710,,28390,7,0,17,0,30,,28391,7,0,17,0,70,,28392,7,0,17,0,30,,28393,7,0,17,0,70,,28394,7,0,17,0,30,,28395,7,0,17,0,70,,28396,7,0,17,0,30,,28397,7,0,17,0,70,,28398,7,0,17,0,30,,28399,7,0,17,0,70,,28400,7,0,17,0,30,,28401,7,0,17,0,70,,28402,7,0,17,0,30,,28403,7,0,17,0,70,,28404,7,0,17,0,30,,28405,7,0,17,0,70,,28406,7,0,17,0,30,,28407,7,0,17,0,70,,28408,7,0,17,0,30,,28409,7,0,17,0,70,,28410,7,0,17,0,30,,28411,7,0,17,0,70,,28412,7,0,17,0,30,,28413,7,0,17,0,70,,28414,7,0,17,0,100,,28415,7,0,17,0,100,,28416,7,0,17,0,100,,28417,7,0,17,0
721501,'1352',710,,28418,7,0,17,0,30,,28419,7,0,17,0,70,,28420,7,0,17,0,30,,28421,7,0,17,0,70,,28422,7,0,17,0,30,,28423,7,0,17,0,70,,28424,7,0,17,0,30,,28425,7,0,17,0,70,,28426,7,0,17,0,30,,28427,7,0,17,0,70,,28428,7,0,17,0,30,,28429,7,0,17,0,70,,28430,7,0,17,0,30,,28431,7,0,17,0,70,,28432,7,0,17,0,30,,28433,7,0,17,0,70,,28434,7,0,17,0,30,,28435,7,0,17,0,70,,28436,7,0,17,0,30,,28437,7,0,17,0,70,,28438,7,0,17,0,30,,28439,7,0,17,0,70,,28440,7,0,17,0,30,,28441,7,0,17,0,70,,28442,7,0,17,0,100,,28443,7,0,17,0,100,,28444,7,0,17,0,100,,28445,7,0,17,0
721501,'1353',710,,28446,7,0,17,0,30,,28447,7,0,17,0,70,,28448,7,0,17,0,30,,28449,7,0,17,0,70,,28450,7,0,17,0,30,,28451,7,0,17,0,70,,28452,7,0,17,0,30,,28453,7,0,17,0,70,,28454,7,0,17,0,30,,28455,7,0,17,0,70,,28456,7,0,17,0,30,,28457,7,0,17,0,70,,28458,7,0,17,0,30,,28459,7,0,17,0,70,,28460,7,0,17,0,30,,28461,7,0,17,0,70,,28462,7,0,17,0,30,,28463,7,0,17,0,70,,28464,7,0,17,0,30,,28465,7,0,17,0,70,,28466,7,0,17,0,30,,28467,7,0,17,0,70,,28468,7,0,17,0,30,,28469,7,0,17,0,70,,28470,7,0,17,0,100,,28471,7,0,17,0,100,,28472,7,0,17,0,100,,28473,7,0,17,0
721501,'1354',710,,28474,7,0,17,0,30,,28475,7,0,17,0,70,,28476,7,0,17,0,30,,28477,7,0,17,0,70,,28478,7,0,17,0,30,,28479,7,0,17,0,70,,28480,7,0,17,0,30,,28481,7,0,17,0,70,,28482,7,0,17,0,30,,28483,7,0,17,0,70,,28484,7,0,17,0,30,,28485,7,0,17,0,70,,28486,7,0,17,0,30,,28487,7,0,17,0,70,,28488,7,0,17,0,30,,28489,7,0,17,0,70,,28490,7,0,17,0,30,,28491,7,0,17,0,70,,28492,7,0,17,0,30,,28493,7,0,17,0,70,,28494,7,0,17,0,30,,28495,7,0,17,0,70,,28496,7,0,17,0,30,,28497,7,0,17,0,70,,28498,7,0,17,0,100,,28499,7,0,17,0,100,,28500,7,0,17,0,100,,28501,7,0,17,0
721502,'1348',946,,28512,47,0,16,0,100,,28511,47,0,16,0,100,,28510,47,0,16,0,100,,28509,47,0,16,0,100,,28508,47,0,16,0,100,,28507,47,0,16,0,100,,28506,47,0,16,0,100,,28505,47,0,16,0,100,,28504,47,0,16,0,100,,28503,47,0,16,0,100,,28502,47,0,16,0
721502,'1349',746,,28513,47,0,16,0,100,,28514,47,0,16,0,100,,28515,47,0,16,0,100,,28516,47,0,16,0,100,,28517,47,0,16,0,100,,28518,47,0,16,0,100,,28519,47,0,16,0,70,,28520,47,0,16,0,30,,28521,47,0,16,0,70,,28522,47,0,16,0,30,,28523,47,0,16,0,70,,28524,47,0,16,0,30,,28525,47,0,16,0,70,,28526,47,0,16,0,30,,28527,47,0,16,0,70,,28528,47,0,16,0,30,,28529,47,0,16,0,70,,28530,47,0,16,0,30,,28531,47,0,16,0
721502,'1350',746,,28533,47,0,16,0,70,,28534,47,0,16,0,30,,28535,47,0,16,0,70,,28536,47,0,16,0,30,,28537,47,0,16,0,70,,28538,47,0,16,0,30,,28539,47,0,16,0,70,,28540,47,0,16,0,30,,28541,47,0,16,0,70,,28542,47,0,16,0,30,,28543,47,0,16,0,70,,28544,47,0,16,0,30,,28545,47,0,16,0,70,,28546,47,0,16,0,30,,28547,47,0,16,0,70,,28548,47,0,16,0,30,,28549,47,0,16,0,70,,28550,47,0,16,0,30,,28551,47,0,16,0,70,,28552,47,0,16,0,30,,28553,47,0,16,0,70,,28554,47,0,16,0,30,,28555,47,0,16,0,70,,28556,47,0,16,0,30,,28557,47,0,16,0,100,,28558,47,0,16,0,100,,28559,47,0,16,0,100,,28560,47,0,16,0
721502,'1351',746,,28562,47,0,16,0,70,,28563,47,0,16,0,30,,28564,47,0,16,0,70,,28565,47,0,16,0,30,,28566,47,0,16,0,70,,28567,47,0,16,0,30,,28568,47,0,16,0,70,,28569,47,0,16,0,30,,28570,47,0,16,0,70,,28571,47,0,16,0,30,,28572,47,0,16,0,70,,28573,47,0,16,0,30,,28574,47,0,16,0,70,,28575,47,0,16,0,30,,28576,47,0,16,0,70,,28577,47,0,16,0,30,,28578,47,0,16,0,70,,28579,47,0,16,0,30,,28580,47,0,16,0,70,,28581,47,0,16,0,30,,28582,47,0,16,0,70,,28583,47,0,16,0,30,,28584,47,0,16,0,70,,28585,47,0,16,0,30,,28586,47,0,16,0,100,,28587,47,0,16,0,100,,28588,47,0,16,0,100,,28589,47,0,16,0
721502,'1352',746,,28591,47,0,16,0,70,,28592,47,0,16,0,30,,28593,47,0,16,0,70,,28594,47,0,16,0,30,,28595,47,0,16,0,70,,28596,47,0,16,0,30,,28597,47,0,16,0,70,,28598,47,0,16,0,30,,28599,47,0,16,0,70,,28600,47,0,16,0,30,,28601,47,0,16,0,70,,28602,47,0,16,0,30,,28603,47,0,16,0,70,,28604,47,0,16,0,30,,28605,47,0,16,0,70,,28606,47,0,16,0,30,,28607,47,0,16,0,70,,28608,47,0,16,0,30,,28609,47,0,16,0,70,,28610,47,0,16,0,30,,28611,47,0,16,0,70,,28612,47,0,16,0,30,,28613,47,0,16,0,70,,28614,47,0,16,0,30,,28615,47,0,16,0,100,,28616,47,0,16,0,100,,28617,47,0,16,0,100,,28618,47,0,16,0
721502,'1353',746,,28620,47,0,16,0,70,,28621,47,0,16,0,30,,28622,47,0,16,0,70,,28623,47,0,16,0,30,,28624,47,0,16,0,70,,28625,47,0,16,0,30,,28626,47,0,16,0,70,,28627,47,0,16,0,30,,28628,47,0,16,0,70,,28629,47,0,16,0,30,,28630,47,0,16,0,70,,28631,47,0,16,0,30,,28632,47,0,16,0,70,,28633,47,0,16,0,30,,28634,47,0,16,0,70,,28635,47,0,16,0,30,,28636,47,0,16,0,70,,28637,47,0,16,0,30,,28638,47,0,16,0,70,,28639,47,0,16,0,30,,28640,47,0,16,0,70,,28641,47,0,16,0,30,,28642,47,0,16,0,70,,28643,47,0,16,0,30,,28644,47,0,16,0,100,,28645,47,0,16,0,100,,28646,47,0,16,0,100,,28647,47,0,16,0
721502,'1354',746,,28649,47,0,16,0,70,,28650,47,0,16,0,30,,28651,47,0,16,0,70,,28652,47,0,16,0,30,,28653,47,0,16,0,70,,28654,47,0,16,0,30,,28655,47,0,16,0,70,,28656,47,0,16,0,30,,28657,47,0,16,0,70,,28658,47,0,16,0,30,,28659,47,0,16,0,70,,28660,47,0,16,0,30,,28661,47,0,16,0,70,,28662,47,0,16,0,30,,28663,47,0,16,0,70,,28664,47,0,16,0,30,,28665,47,0,16,0,70,,28666,47,0,16,0,30,,28667,47,0,16,0,70,,28668,47,0,16,0,30,,28669,47,0,16,0,70,,28670,47,0,16,0,30,,28671,47,0,16,0,70,,28672,47,0,16,0,30,,28673,47,0,16,0,100,,28674,47,0,16,0,100,,28675,47,0,16,0,100,,28676,47,0,16,0
