2000,'1348',916,,24502,1,,,0
2000,'1349',616,,24518,1,,,0
2000,'1350',541,,24558,1,,,0
2000,'1351',541,,24606,1,,,0
2000,'1352',541,,24654,1,,,0
2000,'1353',541,,24702,1,,,0
2000,'1354',541,,24750,1,,,0
2001,'1348',1001,,24801,69,,,0,45,,24800,69,,,0,85,,24799,69,,,0,85,,24798,69,,,0,85,,24797,69,,,0,45,,24796,69,,,0,85,,24792,69,,,0,85,,24803,69,,,0,85,,24802,69,,,0,45,,24795,69,,,0,87,,24794,69,,,0,83,,24793,69,,,0,85,,24791,69,,,0,45,,24790,69,,,0,85,,24789,69,,,0
2001,'1349',701,,24821,69,,,0,45,,24822,69,,,0,85,,24823,69,,,0,85,,24824,69,,,0,38,,24804,69,,,0,70,,24805,69,,,0,30,,24806,69,,,0,70,,24807,69,,,0,80,,24808,69,,,0,30,,24809,69,,,0,70,,24810,69,,,0,30,,24811,69,,,0,80,,24812,69,,,0,30,,24813,69,,,0,70,,24814,69,,,0,30,,24815,69,,,0,80,,24816,69,,,0,30,,24817,69,,,0,70,,24818,69,,,0,30,,24819,69,,,0,80,,24820,69,,,0,77,,24825,69,,,0,45,,24826,69,,,0,85,,24827,69,,,0,85,,24828,69,,,0,85,,24829,69,,,0,45,,24830,69,,,0,85,,24831,69,,,0,85,,24832,69,,,0,85,,24833,69,,,0
2001,'1350',641,,24834,69,,,0,60,,24835,69,,,0,20,,24836,69,,,0,20,,24837,69,,,0,60,,24838,69,,,0,20,,24839,69,,,0,20,,24840,69,,,0,60,,24841,69,,,0,20,,24842,69,,,0,20,,24843,69,,,0,60,,24844,69,,,0,20,,24845,69,,,0,20,,24846,69,,,0,60,,24847,69,,,0,20,,24848,69,,,0,20,,24849,69,,,0,60,,24850,69,,,0,20,,24851,69,,,0,20,,24852,69,,,0,60,,24853,69,,,0,20,,24854,69,,,0,20,,24855,69,,,0,60,,24856,69,,,0,20,,24857,69,,,0,20,,24858,69,,,0,60,,24859,69,,,0,20,,24860,69,,,0,20,,24861,69,,,0,60,,24862,69,,,0,20,,24863,69,,,0,20,,24864,69,,,0,60,,24865,69,,,0,20,,24866,69,,,0,20,,24867,69,,,0,60,,24868,69,,,0,20,,24869,69,,,0,20,,24870,69,,,0,60,,24871,69,,,0,45,,24872,69,,,0,85,,24873,69,,,0,85,,24874,69,,,0,85,,24875,69,,,0,45,,24876,69,,,0,85,,24877,69,,,0,85,,24878,69,,,0,85,,24879,69,,,0,45,,24880,69,,,0
2001,'1351',641,,24881,69,,,0,60,,24882,69,,,0,20,,24883,69,,,0,20,,24884,69,,,0,60,,24885,69,,,0,20,,24886,69,,,0,20,,24887,69,,,0,60,,24888,69,,,0,20,,24889,69,,,0,20,,24890,69,,,0,60,,24891,69,,,0,20,,24892,69,,,0,20,,24893,69,,,0,60,,24894,69,,,0,20,,24895,69,,,0,20,,24896,69,,,0,60,,24897,69,,,0,20,,24898,69,,,0,20,,24899,69,,,0,60,,24900,69,,,0,20,,24901,69,,,0,20,,24902,69,,,0,60,,24903,69,,,0,20,,24904,69,,,0,20,,24905,69,,,0,60,,24906,69,,,0,20,,24907,69,,,0,20,,24908,69,,,0,60,,24909,69,,,0,20,,24910,69,,,0,20,,24911,69,,,0,60,,24912,69,,,0,20,,24913,69,,,0,20,,24914,69,,,0,60,,24915,69,,,0,20,,24916,69,,,0,20,,24917,69,,,0,60,,24918,69,,,0,45,,24919,69,,,0,85,,24920,69,,,0,85,,24921,69,,,0,85,,24922,69,,,0,45,,24923,69,,,0,85,,24924,69,,,0,85,,24925,69,,,0,85,,24926,69,,,0,45,,24927,69,,,0
2001,'1352',641,,24928,69,,,0,60,,24929,69,,,0,20,,24930,69,,,0,20,,24931,69,,,0,60,,24932,69,,,0,20,,24933,69,,,0,20,,24934,69,,,0,60,,24935,69,,,0,20,,24936,69,,,0,20,,24937,69,,,0,60,,24938,69,,,0,20,,24939,69,,,0,20,,24940,69,,,0,60,,24941,69,,,0,20,,24942,69,,,0,20,,24943,69,,,0,60,,24944,69,,,0,20,,24945,69,,,0,20,,24946,69,,,0,60,,24947,69,,,0,20,,24948,69,,,0,20,,24949,69,,,0,60,,24950,69,,,0,20,,24951,69,,,0,20,,24952,69,,,0,60,,24953,69,,,0,20,,24954,69,,,0,20,,24955,69,,,0,60,,24956,69,,,0,20,,24957,69,,,0,20,,24958,69,,,0,60,,24959,69,,,0,20,,24960,69,,,0,20,,24961,69,,,0,60,,24962,69,,,0,20,,24963,69,,,0,20,,24964,69,,,0,60,,24965,69,,,0,45,,24966,69,,,0,85,,24967,69,,,0,85,,24968,69,,,0,85,,24969,69,,,0,45,,24970,69,,,0,85,,24971,69,,,0,85,,24972,69,,,0,85,,24973,69,,,0,45,,24974,69,,,0
2001,'1353',641,,24975,69,,,0,60,,24976,69,,,0,20,,24977,69,,,0,20,,24978,69,,,0,60,,24979,69,,,0,20,,24980,69,,,0,20,,24981,69,,,0,60,,24982,69,,,0,20,,24983,69,,,0,20,,24984,69,,,0,60,,24985,69,,,0,20,,24986,69,,,0,20,,24987,69,,,0,60,,24988,69,,,0,20,,24989,69,,,0,20,,24990,69,,,0,60,,24991,69,,,0,20,,24992,69,,,0,20,,24993,69,,,0,60,,24994,69,,,0,20,,24995,69,,,0,20,,24996,69,,,0,60,,24997,69,,,0,20,,24998,69,,,0,20,,24999,69,,,0,60,,25000,69,,,0,20,,25001,69,,,0,20,,25002,69,,,0,60,,25003,69,,,0,20,,25004,69,,,0,20,,25005,69,,,0,60,,25006,69,,,0,20,,25007,69,,,0,20,,25008,69,,,0,60,,25009,69,,,0,20,,25010,69,,,0,20,,25011,69,,,0,60,,25012,69,,,0,45,,25013,69,,,0,85,,25014,69,,,0,85,,25015,69,,,0,85,,25016,69,,,0,45,,25017,69,,,0,85,,25018,69,,,0,85,,25019,69,,,0,85,,25020,69,,,0,45,,25021,69,,,0
2001,'1354',641,,25022,69,,,0,60,,25023,69,,,0,20,,25024,69,,,0,20,,25025,69,,,0,60,,25026,69,,,0,20,,25027,69,,,0,20,,25028,69,,,0,60,,25029,69,,,0,20,,25030,69,,,0,20,,25031,69,,,0,60,,25032,69,,,0,20,,25033,69,,,0,20,,25034,69,,,0,60,,25035,69,,,0,20,,25036,69,,,0,20,,25037,69,,,0,60,,25038,69,,,0,20,,25039,69,,,0,20,,25040,69,,,0,60,,25041,69,,,0,20,,25042,69,,,0,20,,25043,69,,,0,60,,25044,69,,,0,20,,25045,69,,,0,20,,25046,69,,,0,60,,25047,69,,,0,20,,25048,69,,,0,20,,25049,69,,,0,60,,25050,69,,,0,20,,25051,69,,,0,20,,25052,69,,,0,60,,25053,69,,,0,20,,25054,69,,,0,20,,25055,69,,,0,60,,25056,69,,,0,20,,25057,69,,,0,20,,25058,69,,,0,60,,25059,69,,,0,45,,25060,69,,,0,85,,25061,69,,,0,85,,25062,69,,,0,85,,25063,69,,,0,45,,25064,69,,,0,85,,25065,69,,,0,85,,25066,69,,,0,85,,25067,69,,,0,45,,25068,69,,,0
2801,'1349',809,,25195,5,,,0,110,,25196,5,,,0,110,,25197,5,,,0,110,,25198,5,,,0,110,,25199,5,,,0,110,,25200,5,,,0,150,,25201,5,,,0,110,,25202,5,,,0,110,,25203,5,,,0,110,,25204,5,,,0
2801,'1350',634,,25205,5,,,0,75,,25206,5,,,0,35,,25207,5,,,0,75,,25208,5,,,0,35,,25209,5,,,0,75,,25210,5,,,0,75,,25211,5,,,0,35,,25212,5,,,0,75,,25213,5,,,0,35,,25214,5,,,0,75,,25215,5,,,0,35,,25216,5,,,0,75,,25217,5,,,0,75,,25218,5,,,0,35,,25219,5,,,0,75,,25220,5,,,0,35,,25221,5,,,0,75,,25222,5,,,0,75,,25223,5,,,0,35,,25224,5,,,0,75,,25225,5,,,0,35,,25226,5,,,0,75,,25227,5,,,0
2801,'1351',634,,25228,5,,,0,75,,25229,5,,,0,35,,25230,5,,,0,75,,25231,5,,,0,35,,25232,5,,,0,75,,25233,5,,,0,75,,25234,5,,,0,35,,25235,5,,,0,75,,25236,5,,,0,35,,25237,5,,,0,75,,25238,5,,,0,35,,25239,5,,,0,75,,25240,5,,,0,75,,25241,5,,,0,35,,25242,5,,,0,75,,25243,5,,,0,35,,25244,5,,,0,75,,25245,5,,,0,75,,25246,5,,,0,35,,25247,5,,,0,75,,25248,5,,,0,35,,25249,5,,,0,75,,25250,5,,,0
2801,'1352',634,,25251,5,,,0,75,,25252,5,,,0,35,,25253,5,,,0,75,,25254,5,,,0,35,,25255,5,,,0,75,,25256,5,,,0,75,,25257,5,,,0,35,,25258,5,,,0,75,,25259,5,,,0,35,,25260,5,,,0,75,,25261,5,,,0,35,,25262,5,,,0,75,,25263,5,,,0,75,,25264,5,,,0,35,,25265,5,,,0,75,,25266,5,,,0,35,,25267,5,,,0,75,,25268,5,,,0,75,,25269,5,,,0,35,,25270,5,,,0,75,,25271,5,,,0,35,,25272,5,,,0,75,,25273,5,,,0
2801,'1353',634,,25274,5,,,0,75,,25275,5,,,0,35,,25276,5,,,0,75,,25277,5,,,0,35,,25278,5,,,0,75,,25279,5,,,0,75,,25280,5,,,0,35,,25281,5,,,0,75,,25282,5,,,0,35,,25283,5,,,0,75,,25284,5,,,0,35,,25285,5,,,0,75,,25286,5,,,0,75,,25287,5,,,0,35,,25288,5,,,0,75,,25289,5,,,0,35,,25290,5,,,0,75,,25291,5,,,0,75,,25292,5,,,0,35,,25293,5,,,0,75,,25294,5,,,0,35,,25295,5,,,0,75,,25296,5,,,0
2801,'1354',634,,25297,5,,,0,75,,25298,5,,,0,35,,25299,5,,,0,75,,25300,5,,,0,35,,25301,5,,,0,75,,25302,5,,,0,75,,25303,5,,,0,35,,25304,5,,,0,75,,25305,5,,,0,35,,25306,5,,,0,75,,25307,5,,,0,35,,25308,5,,,0,75,,25309,5,,,0,75,,25310,5,,,0,35,,25311,5,,,0,75,,25312,5,,,0,35,,25313,5,,,0,75,,25314,5,,,0,75,,25315,5,,,0,35,,25316,5,,,0,75,,25317,5,,,0,35,,25318,5,,,0,75,,25319,5,,,0
