70101,'1349',722,,25320,34,0,17,0,130,,25321,34,0,17,0,170,,25322,34,0,17,0,130,,25323,34,0,17,0,170,,25324,34,0,17,0,130,,25325,34,0,17,0,170,,25326,34,0,17,0,130,,25327,34,0,17,0
70101,'1350',722,,25328,34,0,17,0,85,,25329,34,0,17,0,45,,25330,34,0,17,0,85,,25331,34,0,17,0,85,,25332,34,0,17,0,130,,25333,34,0,17,0,170,,25334,34,0,17,0,85,,25335,34,0,17,0,45,,25336,34,0,17,0,85,,25337,34,0,17,0,85,,25338,34,0,17,0,85,,25339,34,0,17,0,45,,25340,34,0,17,0,85,,25341,34,0,17,0
70101,'1351',722,,25342,34,0,17,0,85,,25343,34,0,17,0,45,,25344,34,0,17,0,85,,25345,34,0,17,0,85,,25346,34,0,17,0,130,,25347,34,0,17,0,170,,25348,34,0,17,0,85,,25349,34,0,17,0,45,,25350,34,0,17,0,85,,25351,34,0,17,0,85,,25352,34,0,17,0,85,,25353,34,0,17,0,45,,25354,34,0,17,0,85,,25355,34,0,17,0
70101,'1352',722,,25356,34,0,17,0,85,,25357,34,0,17,0,45,,25358,34,0,17,0,85,,25359,34,0,17,0,85,,25360,34,0,17,0,130,,25361,34,0,17,0,170,,25362,34,0,17,0,85,,25363,34,0,17,0,45,,25364,34,0,17,0,85,,25365,34,0,17,0,85,,25366,34,0,17,0,85,,25367,34,0,17,0,45,,25368,34,0,17,0,85,,25369,34,0,17,0
70101,'1353',722,,25370,34,0,17,0,85,,25371,34,0,17,0,45,,25372,34,0,17,0,85,,25373,34,0,17,0,85,,25374,34,0,17,0,130,,25375,34,0,17,0,170,,25376,34,0,17,0,85,,25377,34,0,17,0,45,,25378,34,0,17,0,85,,25379,34,0,17,0,85,,25380,34,0,17,0,85,,25381,34,0,17,0,45,,25382,34,0,17,0,85,,25383,34,0,17,0
70101,'1354',722,,25384,34,0,17,0,85,,25385,34,0,17,0,45,,25386,34,0,17,0,85,,25387,34,0,17,0,85,,25388,34,0,17,0,130,,25389,34,0,17,0,170,,25390,34,0,17,0,85,,25391,34,0,17,0,45,,25392,34,0,17,0,85,,25393,34,0,17,0,85,,25394,34,0,17,0,85,,25395,34,0,17,0,45,,25396,34,0,17,0,85,,25397,34,0,17,0
70102,'1349',822,,25398,35,0,16,0,130,,25399,35,0,16,0,170,,25400,35,0,16,0,130,,25401,35,0,16,0,170,,25402,35,0,16,0,130,,25403,35,0,16,0,170,,25404,35,0,16,0,130,,25405,35,0,16,0
70102,'1350',737,,25406,35,0,16,0,85,,25407,35,0,16,0,85,,25408,35,0,16,0,45,,25409,35,0,16,0,85,,25410,35,0,16,0,85,,25411,35,0,16,0,130,,25412,35,0,16,0,170,,25413,35,0,16,0,85,,25414,35,0,16,0,45,,25415,35,0,16,0,85,,25416,35,0,16,0,85,,25417,35,0,16,0,85,,25418,35,0,16,0,45,,25419,35,0,16,0
70102,'1351',737,,25420,35,0,16,0,85,,25421,35,0,16,0,85,,25422,35,0,16,0,45,,25423,35,0,16,0,85,,25424,35,0,16,0,85,,25425,35,0,16,0,130,,25426,35,0,16,0,170,,25427,35,0,16,0,85,,25428,35,0,16,0,45,,25429,35,0,16,0,85,,25430,35,0,16,0,85,,25431,35,0,16,0,85,,25432,35,0,16,0,45,,25433,35,0,16,0
70102,'1352',737,,25434,35,0,16,0,85,,25435,35,0,16,0,85,,25436,35,0,16,0,45,,25437,35,0,16,0,85,,25438,35,0,16,0,85,,25439,35,0,16,0,130,,25440,35,0,16,0,170,,25441,35,0,16,0,85,,25442,35,0,16,0,45,,25443,35,0,16,0,85,,25444,35,0,16,0,85,,25445,35,0,16,0,85,,25446,35,0,16,0,45,,25447,35,0,16,0
70102,'1353',737,,25448,35,0,16,0,85,,25449,35,0,16,0,85,,25450,35,0,16,0,45,,25451,35,0,16,0,85,,25452,35,0,16,0,85,,25453,35,0,16,0,130,,25454,35,0,16,0,170,,25455,35,0,16,0,85,,25456,35,0,16,0,45,,25457,35,0,16,0,85,,25458,35,0,16,0,85,,25459,35,0,16,0,85,,25460,35,0,16,0,45,,25461,35,0,16,0
70102,'1354',737,,25462,35,0,16,0,85,,25463,35,0,16,0,85,,25464,35,0,16,0,45,,25465,35,0,16,0,85,,25466,35,0,16,0,85,,25467,35,0,16,0,130,,25468,35,0,16,0,170,,25469,35,0,16,0,85,,25470,35,0,16,0,45,,25471,35,0,16,0,85,,25472,35,0,16,0,85,,25473,35,0,16,0,85,,25474,35,0,16,0,45,,25475,35,0,16,0
