'1286',463600,92200,0,'605',0,48000,0,'605',0,13000,0,'605',0,28500,0,'605',0
'1287',463600,75200,0,'605',0,67000,0,'605',0,13000,0,'605',0,30000,0,'605',0
'1288',463600,65200,0,'605',0,77000,0,'605',0,43000,0,'605',0,17000,0,'605',0
'1289',463600,65200,0,'605',0,77000,0,'605',0,43000,0,'605',0,17000,0,'605',0
'1290',463600,65200,0,'605',0,77000,0,'605',0,43000,0,'605',0,17000,0,'605',0
'1291',463600,65200,0,'605',0,77000,0,'605',0,43000,0,'605',0,17000,0,'605',0
'1292',463600,65200,0,'605',0,77000,0,'605',0,43000,0,'605',0,17000,0,'605',0
'1293',463600,92200,0,'605',0,48000,0,'605',0,13000,0,'605',0,28500,0,'605',0
'1294',463600,95200,0,'605',0,30000,0,'605',0,30000,0,'605',0
'1295',463600,92200,0,'605',0,48000,0,'605',0,13000,0,'605',0,28500,0,'605',0
