70101,'1335',706,,10882,12,0,17,0,130,,10883,12,0,17,0,170,,10884,12,0,17,0,130,,10885,12,0,17,0,170,,10886,12,0,17,0,130,,10887,12,0,17,0,170,,10888,12,0,17,0,130,,10889,12,0,17,0
70101,'1336',706,,10890,12,0,17,0,45,,10891,12,0,17,0,85,,10892,12,0,17,0,85,,10893,12,0,17,0,85,,10894,12,0,17,0,130,,10895,12,0,17,0,170,,10896,12,0,17,0,45,,10897,12,0,17,0,85,,10898,12,0,17,0,85,,10899,12,0,17,0,85,,10900,12,0,17,0,45,,10901,12,0,17,0,85,,10902,12,0,17,0,85,,10903,12,0,17,0
70101,'1337',706,,10904,12,0,17,0,45,,10905,12,0,17,0,85,,10906,12,0,17,0,85,,10907,12,0,17,0,85,,10908,12,0,17,0,130,,10909,12,0,17,0,170,,10910,12,0,17,0,45,,10911,12,0,17,0,85,,10912,12,0,17,0,85,,10913,12,0,17,0,85,,10914,12,0,17,0,45,,10915,12,0,17,0,85,,10916,12,0,17,0,85,,10917,12,0,17,0
70101,'1338',706,,10918,12,0,17,0,45,,10919,12,0,17,0,85,,10920,12,0,17,0,85,,10921,12,0,17,0,85,,10922,12,0,17,0,130,,10923,12,0,17,0,170,,10924,12,0,17,0,45,,10925,12,0,17,0,85,,10926,12,0,17,0,85,,10927,12,0,17,0,85,,10928,12,0,17,0,45,,10929,12,0,17,0,85,,10930,12,0,17,0,85,,10931,12,0,17,0
70101,'1339',706,,10932,12,0,17,0,45,,10933,12,0,17,0,85,,10934,12,0,17,0,85,,10935,12,0,17,0,85,,10936,12,0,17,0,130,,10937,12,0,17,0,170,,10938,12,0,17,0,45,,10939,12,0,17,0,85,,10940,12,0,17,0,85,,10941,12,0,17,0,85,,10942,12,0,17,0,45,,10943,12,0,17,0,85,,10944,12,0,17,0,85,,10945,12,0,17,0
70101,'1340',706,,10946,12,0,17,0,45,,10947,12,0,17,0,85,,10948,12,0,17,0,85,,10949,12,0,17,0,85,,10950,12,0,17,0,130,,10951,12,0,17,0,170,,10952,12,0,17,0,45,,10953,12,0,17,0,85,,10954,12,0,17,0,85,,10955,12,0,17,0,85,,10956,12,0,17,0,45,,10957,12,0,17,0,85,,10958,12,0,17,0,85,,10959,12,0,17,0
463601,'1334',842,,11445,3,0,10,0,480,,11444,3,0,10,0,130,,11443,3,0,10,0,285,,11442,3,0,10,0
463601,'1335',712,,11446,3,0,10,0,630,,11447,3,0,10,0,170,,11448,3,0,10,0,300,,11449,3,0,10,0
463601,'1336',612,,11450,3,0,10,0,730,,11451,3,0,10,0,470,,11452,3,0,10,0,130,,11453,3,0,10,0
463601,'1337',612,,11454,3,0,10,0,730,,11455,3,0,10,0,470,,11456,3,0,10,0,130,,11457,3,0,10,0
463601,'1338',612,,11458,3,0,10,0,730,,11459,3,0,10,0,470,,11460,3,0,10,0,130,,11461,3,0,10,0
463601,'1339',612,,11462,3,0,10,0,730,,11463,3,0,10,0,470,,11464,3,0,10,0,130,,11465,3,0,10,0
463601,'1340',612,,11466,3,0,10,0,730,,11467,3,0,10,0,470,,11468,3,0,10,0,130,,11469,3,0,10,0
