'1160',2400,83200,4,'',0,10000,4,'',0,10000,4,'',0,10000,4,'',0,10000,4,'',0,10000,4,'',0,10000,4,'',0,10000,4,'',0,10000,4,'',0,10000,4,'',0,10000,4,'',0,10000,4,'',0
'1160',2401,83400,0,'TunnelBus',0,10000,0,'TunnelBus',0,10000,0,'TunnelBus',0,10000,0,'TunnelBus',0,10000,0,'TunnelBus',0,10000,0,'TunnelBus',0,10000,0,'TunnelBus',0,10000,0,'TunnelBus',0,10000,0,'TunnelBus',0,10000,0,'TunnelBus',0,10000,0,'TunnelBus',0,10000,0,'TunnelBus',0
'1161',2400,63200,4,'',0,10000,4,'',0,10000,4,'',0,10000,4,'',0,10000,4,'',0,10000,4,'',0,10000,4,'',0,10000,4,'',0,10000,4,'',0,10000,4,'',0,10000,4,'',0,10000,4,'',0,10000,4,'',0,10000,4,'',0,10000,4,'',0,10000,4,'',0,10000,4,'',0,10000,4,'',0
'1161',2401,63400,0,'TunnelBus',0,10000,0,'TunnelBus',0,10000,0,'TunnelBus',0,10000,0,'TunnelBus',0,10000,0,'TunnelBus',0,10000,0,'TunnelBus',0,10000,0,'TunnelBus',0,10000,0,'TunnelBus',0,10000,0,'TunnelBus',0,10000,0,'TunnelBus',0,10000,0,'TunnelBus',0,10000,0,'TunnelBus',0,10000,0,'TunnelBus',0,10000,0,'TunnelBus',0,10000,0,'TunnelBus',0,10000,0,'TunnelBus',0,10000,0,'TunnelBus',0,10000,0,'TunnelBus',0
'1162',2400,83200,4,'',0,10000,4,'',0,10000,4,'',0,10000,4,'',0,10000,4,'',0,10000,4,'',0,10000,4,'',0,10000,4,'',0,10000,4,'',0,10000,4,'',0,10000,4,'',0,10000,4,'',0
'1162',2401,83400,0,'TunnelBus',0,10000,0,'TunnelBus',0,10000,0,'TunnelBus',0,10000,0,'TunnelBus',0,10000,0,'TunnelBus',0,10000,0,'TunnelBus',0,10000,0,'TunnelBus',0,10000,0,'TunnelBus',0,10000,0,'TunnelBus',0,10000,0,'TunnelBus',0,10000,0,'TunnelBus',0,10000,0,'TunnelBus',0
'1163',2400,63200,4,'',0,10000,4,'',0,10000,4,'',0,10000,4,'',0,10000,4,'',0,10000,4,'',0,10000,4,'',0,10000,4,'',0,10000,4,'',0,10000,4,'',0,10000,4,'',0,10000,4,'',0,10000,4,'',0,10000,4,'',0,10000,4,'',0,10000,4,'',0,10000,4,'',0,10000,4,'',0
'1163',2401,63400,0,'TunnelBus',0,10000,0,'TunnelBus',0,10000,0,'TunnelBus',0,10000,0,'TunnelBus',0,10000,0,'TunnelBus',0,10000,0,'TunnelBus',0,10000,0,'TunnelBus',0,10000,0,'TunnelBus',0,10000,0,'TunnelBus',0,10000,0,'TunnelBus',0,10000,0,'TunnelBus',0,10000,0,'TunnelBus',0,10000,0,'TunnelBus',0,10000,0,'TunnelBus',0,10000,0,'TunnelBus',0,10000,0,'TunnelBus',0,10000,0,'TunnelBus',0,10000,0,'TunnelBus',0
'1164',2400,63200,4,'',0,10000,4,'',0,10000,4,'',0,10000,4,'',0,10000,4,'',0,10000,4,'',0,10000,4,'',0,10000,4,'',0,10000,4,'',0,10000,4,'',0,10000,4,'',0,10000,4,'',0,10000,4,'',0,10000,4,'',0,10000,4,'',0,10000,4,'',0
'1164',2401,63400,0,'TunnelBus',0,10000,0,'TunnelBus',0,10000,0,'TunnelBus',0,10000,0,'TunnelBus',0,10000,0,'TunnelBus',0,10000,0,'TunnelBus',0,10000,0,'TunnelBus',0,10000,0,'TunnelBus',0,10000,0,'TunnelBus',0,10000,0,'TunnelBus',0,10000,0,'TunnelBus',0,10000,0,'TunnelBus',0,10000,0,'TunnelBus',0,10000,0,'TunnelBus',0,10000,0,'TunnelBus',0,10000,0,'TunnelBus',0
'1165',2400,63200,4,'',0,10000,4,'',0,10000,4,'',0,10000,4,'',0,10000,4,'',0,10000,4,'',0,10000,4,'',0,10000,4,'',0,10000,4,'',0,10000,4,'',0,10000,4,'',0,10000,4,'',0,10000,4,'',0,10000,4,'',0,10000,4,'',0,10000,4,'',0
'1165',2401,63400,0,'TunnelBus',0,10000,0,'TunnelBus',0,10000,0,'TunnelBus',0,10000,0,'TunnelBus',0,10000,0,'TunnelBus',0,10000,0,'TunnelBus',0,10000,0,'TunnelBus',0,10000,0,'TunnelBus',0,10000,0,'TunnelBus',0,10000,0,'TunnelBus',0,10000,0,'TunnelBus',0,10000,0,'TunnelBus',0,10000,0,'TunnelBus',0,10000,0,'TunnelBus',0,10000,0,'TunnelBus',0,10000,0,'TunnelBus',0
'1166',2400,63200,4,'',0,10000,4,'',0,10000,4,'',0,10000,4,'',0,10000,4,'',0,10000,4,'',0,10000,4,'',0,10000,4,'',0,10000,4,'',0,10000,4,'',0,10000,4,'',0,10000,4,'',0,10000,4,'',0,10000,4,'',0,10000,4,'',0,10000,4,'',0
'1166',2401,63400,0,'TunnelBus',0,10000,0,'TunnelBus',0,10000,0,'TunnelBus',0,10000,0,'TunnelBus',0,10000,0,'TunnelBus',0,10000,0,'TunnelBus',0,10000,0,'TunnelBus',0,10000,0,'TunnelBus',0,10000,0,'TunnelBus',0,10000,0,'TunnelBus',0,10000,0,'TunnelBus',0,10000,0,'TunnelBus',0,10000,0,'TunnelBus',0,10000,0,'TunnelBus',0,10000,0,'TunnelBus',0,10000,0,'TunnelBus',0
'1167',2400,63200,4,'',0,10000,4,'',0,10000,4,'',0,10000,4,'',0,10000,4,'',0,10000,4,'',0,10000,4,'',0,10000,4,'',0,10000,4,'',0,10000,4,'',0,10000,4,'',0,10000,4,'',0,10000,4,'',0,10000,4,'',0,10000,4,'',0,10000,4,'',0
'1167',2401,63400,0,'TunnelBus',0,10000,0,'TunnelBus',0,10000,0,'TunnelBus',0,10000,0,'TunnelBus',0,10000,0,'TunnelBus',0,10000,0,'TunnelBus',0,10000,0,'TunnelBus',0,10000,0,'TunnelBus',0,10000,0,'TunnelBus',0,10000,0,'TunnelBus',0,10000,0,'TunnelBus',0,10000,0,'TunnelBus',0,10000,0,'TunnelBus',0,10000,0,'TunnelBus',0,10000,0,'TunnelBus',0,10000,0,'TunnelBus',0
'1168',2400,83200,4,'',0,10000,4,'',0,10000,4,'',0,10000,4,'',0,10000,4,'',0,10000,4,'',0,10000,4,'',0,10000,4,'',0,10000,4,'',0,10000,4,'',0,10000,4,'',0,10000,4,'',0
'1168',2401,83400,0,'TunnelBus',0,10000,0,'TunnelBus',0,10000,0,'TunnelBus',0,10000,0,'TunnelBus',0,10000,0,'TunnelBus',0,10000,0,'TunnelBus',0,10000,0,'TunnelBus',0,10000,0,'TunnelBus',0,10000,0,'TunnelBus',0,10000,0,'TunnelBus',0,10000,0,'TunnelBus',0,10000,0,'TunnelBus',0
'1169',2400,93200,4,'',0,10000,4,'',0,10000,4,'',0,10000,4,'',0,10000,4,'',0,10000,4,'',0,10000,4,'',0,10000,4,'',0
'1169',2401,93200,0,'TunnelBus',0,10000,0,'TunnelBus',0,10000,0,'TunnelBus',0,10000,0,'TunnelBus',0,10000,0,'TunnelBus',0,10000,0,'TunnelBus',0,10000,0,'TunnelBus',0,10000,0,'TunnelBus',0
'1170',2400,83200,4,'',0,10000,4,'',0,10000,4,'',0,10000,4,'',0,10000,4,'',0,10000,4,'',0,10000,4,'',0,10000,4,'',0,10000,4,'',0,10000,4,'',0,10000,4,'',0,10000,4,'',0
'1170',2401,83400,0,'TunnelBus',0,10000,0,'TunnelBus',0,10000,0,'TunnelBus',0,10000,0,'TunnelBus',0,10000,0,'TunnelBus',0,10000,0,'TunnelBus',0,10000,0,'TunnelBus',0,10000,0,'TunnelBus',0,10000,0,'TunnelBus',0,10000,0,'TunnelBus',0,10000,0,'TunnelBus',0,10000,0,'TunnelBus',0
