721404,'1355',928,,35420,40,0,14,0,110,,35419,40,0,14,0,110,,35418,40,0,14,0,110,,35417,40,0,14,0,150,,35416,40,0,14,0,110,,35415,40,0,14,0,110,,35414,40,0,14,0,110,,35413,40,0,14,0
721404,'1356',828,,35421,40,0,14,0,110,,35422,40,0,14,0,110,,35423,40,0,14,0,110,,35424,40,0,14,0,150,,35425,40,0,14,0,112,,35426,40,0,14,0,85,,35427,40,0,14,0,45,,35428,40,0,14,0,85,,35429,40,0,14,0,85,,35430,40,0,14,0,85,,35431,40,0,14,0,45,,35432,40,0,14,0,85,,35433,40,0,14,0
721404,'1357',652,,35434,40,0,14,0,97,,35435,40,0,14,0,85,,35436,40,0,14,0,85,,35437,40,0,14,0,85,,35438,40,0,14,0,45,,35439,40,0,14,0,85,,35440,40,0,14,0,85,,35441,40,0,14,0,85,,35442,40,0,14,0,45,,35443,40,0,14,0,85,,35444,40,0,14,0,85,,35445,40,0,14,0,85,,35446,40,0,14,0,45,,35447,40,0,14,0,85,,35448,40,0,14,0,85,,35449,40,0,14,0,85,,35450,40,0,14,0,45,,35451,40,0,14,0,85,,35452,40,0,14,0,85,,35453,40,0,14,0
721404,'1358',652,,35454,40,0,14,0,97,,35455,40,0,14,0,85,,35456,40,0,14,0,85,,35457,40,0,14,0,85,,35458,40,0,14,0,45,,35459,40,0,14,0,85,,35460,40,0,14,0,85,,35461,40,0,14,0,85,,35462,40,0,14,0,45,,35463,40,0,14,0,85,,35464,40,0,14,0,85,,35465,40,0,14,0,85,,35466,40,0,14,0,45,,35467,40,0,14,0,85,,35468,40,0,14,0,85,,35469,40,0,14,0,85,,35470,40,0,14,0,45,,35471,40,0,14,0,85,,35472,40,0,14,0,85,,35473,40,0,14,0
721404,'1359',652,,35474,40,0,14,0,97,,35475,40,0,14,0,85,,35476,40,0,14,0,85,,35477,40,0,14,0,85,,35478,40,0,14,0,45,,35479,40,0,14,0,85,,35480,40,0,14,0,85,,35481,40,0,14,0,85,,35482,40,0,14,0,45,,35483,40,0,14,0,85,,35484,40,0,14,0,85,,35485,40,0,14,0,85,,35486,40,0,14,0,45,,35487,40,0,14,0,85,,35488,40,0,14,0,85,,35489,40,0,14,0,85,,35490,40,0,14,0,45,,35491,40,0,14,0,85,,35492,40,0,14,0,85,,35493,40,0,14,0
721404,'1360',652,,35494,40,0,14,0,97,,35495,40,0,14,0,85,,35496,40,0,14,0,85,,35497,40,0,14,0,85,,35498,40,0,14,0,45,,35499,40,0,14,0,85,,35500,40,0,14,0,85,,35501,40,0,14,0,85,,35502,40,0,14,0,45,,35503,40,0,14,0,85,,35504,40,0,14,0,85,,35505,40,0,14,0,85,,35506,40,0,14,0,45,,35507,40,0,14,0,85,,35508,40,0,14,0,85,,35509,40,0,14,0,85,,35510,40,0,14,0,45,,35511,40,0,14,0,85,,35512,40,0,14,0,85,,35513,40,0,14,0
721404,'1361',652,,35514,40,0,14,0,97,,35515,40,0,14,0,85,,35516,40,0,14,0,85,,35517,40,0,14,0,85,,35518,40,0,14,0,45,,35519,40,0,14,0,85,,35520,40,0,14,0,85,,35521,40,0,14,0,85,,35522,40,0,14,0,45,,35523,40,0,14,0,85,,35524,40,0,14,0,85,,35525,40,0,14,0,85,,35526,40,0,14,0,45,,35527,40,0,14,0,85,,35528,40,0,14,0,85,,35529,40,0,14,0,85,,35530,40,0,14,0,45,,35531,40,0,14,0,85,,35532,40,0,14,0,85,,35533,40,0,14,0
722600,'1357',719,,36062,4,,,0,85,,36059,4,,,0,649,,36060,5,,,0,83,,36061,5,,,0
722600,'1358',719,,36066,4,,,0,85,,36063,4,,,0,649,,36064,5,,,0,83,,36065,5,,,0
722600,'1359',719,,36070,4,,,0,85,,36067,4,,,0,649,,36068,5,,,0,83,,36069,5,,,0
722600,'1360',719,,36074,4,,,0,85,,36071,4,,,0,649,,36072,5,,,0,83,,36073,5,,,0
722600,'1361',719,,36078,4,,,0,85,,36075,4,,,0,649,,36076,5,,,0,83,,36077,5,,,0
