70101,'1356',722,,32522,34,0,17,0,130,,32523,34,0,17,0,170,,32524,34,0,17,0,130,,32525,34,0,17,0,170,,32526,34,0,17,0,130,,32527,34,0,17,0,170,,32528,34,0,17,0,130,,32529,34,0,17,0
70101,'1357',722,,32530,34,0,17,0,85,,32531,34,0,17,0,45,,32532,34,0,17,0,85,,32533,34,0,17,0,85,,32534,34,0,17,0,130,,32535,34,0,17,0,170,,32536,34,0,17,0,85,,32537,34,0,17,0,45,,32538,34,0,17,0,85,,32539,34,0,17,0,85,,32540,34,0,17,0,85,,32541,34,0,17,0,45,,32542,34,0,17,0,85,,32543,34,0,17,0
70101,'1358',722,,32544,34,0,17,0,85,,32545,34,0,17,0,45,,32546,34,0,17,0,85,,32547,34,0,17,0,85,,32548,34,0,17,0,130,,32549,34,0,17,0,170,,32550,34,0,17,0,85,,32551,34,0,17,0,45,,32552,34,0,17,0,85,,32553,34,0,17,0,85,,32554,34,0,17,0,85,,32555,34,0,17,0,45,,32556,34,0,17,0,85,,32557,34,0,17,0
70101,'1359',722,,32558,34,0,17,0,85,,32559,34,0,17,0,45,,32560,34,0,17,0,85,,32561,34,0,17,0,85,,32562,34,0,17,0,130,,32563,34,0,17,0,170,,32564,34,0,17,0,85,,32565,34,0,17,0,45,,32566,34,0,17,0,85,,32567,34,0,17,0,85,,32568,34,0,17,0,85,,32569,34,0,17,0,45,,32570,34,0,17,0,85,,32571,34,0,17,0
70101,'1360',722,,32572,34,0,17,0,85,,32573,34,0,17,0,45,,32574,34,0,17,0,85,,32575,34,0,17,0,85,,32576,34,0,17,0,130,,32577,34,0,17,0,170,,32578,34,0,17,0,85,,32579,34,0,17,0,45,,32580,34,0,17,0,85,,32581,34,0,17,0,85,,32582,34,0,17,0,85,,32583,34,0,17,0,45,,32584,34,0,17,0,85,,32585,34,0,17,0
70101,'1361',722,,32586,34,0,17,0,85,,32587,34,0,17,0,45,,32588,34,0,17,0,85,,32589,34,0,17,0,85,,32590,34,0,17,0,130,,32591,34,0,17,0,170,,32592,34,0,17,0,85,,32593,34,0,17,0,45,,32594,34,0,17,0,85,,32595,34,0,17,0,85,,32596,34,0,17,0,85,,32597,34,0,17,0,45,,32598,34,0,17,0,85,,32599,34,0,17,0
70102,'1356',822,,32600,35,0,16,0,130,,32601,35,0,16,0,170,,32602,35,0,16,0,130,,32603,35,0,16,0,170,,32604,35,0,16,0,130,,32605,35,0,16,0,170,,32606,35,0,16,0,130,,32607,35,0,16,0
70102,'1357',737,,32608,35,0,16,0,85,,32609,35,0,16,0,85,,32610,35,0,16,0,45,,32611,35,0,16,0,85,,32612,35,0,16,0,85,,32613,35,0,16,0,130,,32614,35,0,16,0,170,,32615,35,0,16,0,85,,32616,35,0,16,0,45,,32617,35,0,16,0,85,,32618,35,0,16,0,85,,32619,35,0,16,0,85,,32620,35,0,16,0,45,,32621,35,0,16,0
70102,'1358',737,,32622,35,0,16,0,85,,32623,35,0,16,0,85,,32624,35,0,16,0,45,,32625,35,0,16,0,85,,32626,35,0,16,0,85,,32627,35,0,16,0,130,,32628,35,0,16,0,170,,32629,35,0,16,0,85,,32630,35,0,16,0,45,,32631,35,0,16,0,85,,32632,35,0,16,0,85,,32633,35,0,16,0,85,,32634,35,0,16,0,45,,32635,35,0,16,0
70102,'1359',737,,32636,35,0,16,0,85,,32637,35,0,16,0,85,,32638,35,0,16,0,45,,32639,35,0,16,0,85,,32640,35,0,16,0,85,,32641,35,0,16,0,130,,32642,35,0,16,0,170,,32643,35,0,16,0,85,,32644,35,0,16,0,45,,32645,35,0,16,0,85,,32646,35,0,16,0,85,,32647,35,0,16,0,85,,32648,35,0,16,0,45,,32649,35,0,16,0
70102,'1360',737,,32650,35,0,16,0,85,,32651,35,0,16,0,85,,32652,35,0,16,0,45,,32653,35,0,16,0,85,,32654,35,0,16,0,85,,32655,35,0,16,0,130,,32656,35,0,16,0,170,,32657,35,0,16,0,85,,32658,35,0,16,0,45,,32659,35,0,16,0,85,,32660,35,0,16,0,85,,32661,35,0,16,0,85,,32662,35,0,16,0,45,,32663,35,0,16,0
70102,'1361',737,,32664,35,0,16,0,85,,32665,35,0,16,0,85,,32666,35,0,16,0,45,,32667,35,0,16,0,85,,32668,35,0,16,0,85,,32669,35,0,16,0,130,,32670,35,0,16,0,170,,32671,35,0,16,0,85,,32672,35,0,16,0,45,,32673,35,0,16,0,85,,32674,35,0,16,0,85,,32675,35,0,16,0,85,,32676,35,0,16,0,45,,32677,35,0,16,0
