722501,'1329',541,,7037,35,0,8,0,160,,7038,35,0,8,0,100,,7039,35,0,8,0,100,,7040,35,0,8,0,100,,7041,35,0,8,0,100,,7042,35,0,8,0,100,,7043,35,0,8,0,100,,7044,35,0,8,0,100,,7045,35,0,8,0,100,,7046,35,0,8,0,100,,7047,35,0,8,0,100,,7048,35,0,8,0,100,,7049,35,0,8,0,100,,7050,35,0,8,0,100,,7051,35,0,8,0,100,,7052,35,0,8,0,100,,7053,35,0,8,0,100,,7054,35,0,8,0
722501,'1330',541,,7055,35,0,8,0,160,,7056,35,0,8,0,100,,7057,35,0,8,0,100,,7058,35,0,8,0,100,,7059,35,0,8,0,100,,7060,35,0,8,0,100,,7061,35,0,8,0,100,,7062,35,0,8,0,100,,7063,35,0,8,0,100,,7064,35,0,8,0,100,,7065,35,0,8,0,100,,7066,35,0,8,0,100,,7067,35,0,8,0,100,,7068,35,0,8,0,100,,7069,35,0,8,0,100,,7070,35,0,8,0,100,,7071,35,0,8,0,100,,7072,35,0,8,0
722501,'1331',541,,7073,35,0,8,0,160,,7074,35,0,8,0,100,,7075,35,0,8,0,100,,7076,35,0,8,0,100,,7077,35,0,8,0,100,,7078,35,0,8,0,100,,7079,35,0,8,0,100,,7080,35,0,8,0,100,,7081,35,0,8,0,100,,7082,35,0,8,0,100,,7083,35,0,8,0,100,,7084,35,0,8,0,100,,7085,35,0,8,0,100,,7086,35,0,8,0,100,,7087,35,0,8,0,100,,7088,35,0,8,0,100,,7089,35,0,8,0,100,,7090,35,0,8,0
722501,'1332',541,,7091,35,0,8,0,160,,7092,35,0,8,0,100,,7093,35,0,8,0,100,,7094,35,0,8,0,100,,7095,35,0,8,0,100,,7096,35,0,8,0,100,,7097,35,0,8,0,100,,7098,35,0,8,0,100,,7099,35,0,8,0,100,,7100,35,0,8,0,100,,7101,35,0,8,0,100,,7102,35,0,8,0,100,,7103,35,0,8,0,100,,7104,35,0,8,0,100,,7105,35,0,8,0,100,,7106,35,0,8,0,100,,7107,35,0,8,0,100,,7108,35,0,8,0
722501,'1333',541,,7109,35,0,8,0,160,,7110,35,0,8,0,100,,7111,35,0,8,0,100,,7112,35,0,8,0,100,,7113,35,0,8,0,100,,7114,35,0,8,0,100,,7115,35,0,8,0,100,,7116,35,0,8,0,100,,7117,35,0,8,0,100,,7118,35,0,8,0,100,,7119,35,0,8,0,100,,7120,35,0,8,0,100,,7121,35,0,8,0,100,,7122,35,0,8,0,100,,7123,35,0,8,0,100,,7124,35,0,8,0,100,,7125,35,0,8,0,100,,7126,35,0,8,0
722502,'1329',552,,7127,18,0,7,0,100,,7128,18,0,7,0,100,,7129,18,0,7,0,100,,7130,18,0,7,0,100,,7131,18,0,7,0,100,,7132,18,0,7,0,100,,7133,18,0,7,0,100,,7134,18,0,7,0,100,,7135,18,0,7,0,100,,7136,18,0,7,0,100,,7137,18,0,7,0,100,,7138,18,0,7,0,100,,7139,18,0,7,0,100,,7140,18,0,7,0,100,,7141,18,0,7,0,100,,7142,18,0,7,0,100,,7143,18,0,7,0,100,,7144,18,0,7,0
722502,'1330',552,,7145,18,0,7,0,100,,7146,18,0,7,0,100,,7147,18,0,7,0,100,,7148,18,0,7,0,100,,7149,18,0,7,0,100,,7150,18,0,7,0,100,,7151,18,0,7,0,100,,7152,18,0,7,0,100,,7153,18,0,7,0,100,,7154,18,0,7,0,100,,7155,18,0,7,0,100,,7156,18,0,7,0,100,,7157,18,0,7,0,100,,7158,18,0,7,0,100,,7159,18,0,7,0,100,,7160,18,0,7,0,100,,7161,18,0,7,0,100,,7162,18,0,7,0
722502,'1331',552,,7163,18,0,7,0,100,,7164,18,0,7,0,100,,7165,18,0,7,0,100,,7166,18,0,7,0,100,,7167,18,0,7,0,100,,7168,18,0,7,0,100,,7169,18,0,7,0,100,,7170,18,0,7,0,100,,7171,18,0,7,0,100,,7172,18,0,7,0,100,,7173,18,0,7,0,100,,7174,18,0,7,0,100,,7175,18,0,7,0,100,,7176,18,0,7,0,100,,7177,18,0,7,0,100,,7178,18,0,7,0,100,,7179,18,0,7,0,100,,7180,18,0,7,0
722502,'1332',552,,7181,18,0,7,0,100,,7182,18,0,7,0,100,,7183,18,0,7,0,100,,7184,18,0,7,0,100,,7185,18,0,7,0,100,,7186,18,0,7,0,100,,7187,18,0,7,0,100,,7188,18,0,7,0,100,,7189,18,0,7,0,100,,7190,18,0,7,0,100,,7191,18,0,7,0,100,,7192,18,0,7,0,100,,7193,18,0,7,0,100,,7194,18,0,7,0,100,,7195,18,0,7,0,100,,7196,18,0,7,0,100,,7197,18,0,7,0,100,,7198,18,0,7,0
722502,'1333',552,,7199,18,0,7,0,100,,7200,18,0,7,0,100,,7201,18,0,7,0,100,,7202,18,0,7,0,100,,7203,18,0,7,0,100,,7204,18,0,7,0,100,,7205,18,0,7,0,100,,7206,18,0,7,0,100,,7207,18,0,7,0,100,,7208,18,0,7,0,100,,7209,18,0,7,0,100,,7210,18,0,7,0,100,,7211,18,0,7,0,100,,7212,18,0,7,0,100,,7213,18,0,7,0,100,,7214,18,0,7,0,100,,7215,18,0,7,0,100,,7216,18,0,7,0
