'1320',643504,91700,0,'S',0,10000,0,'S',0,3000,0,'S',0,7000,0,'S',0,3000,0,'S',0,7000,0,'S',0,3000,0,'S',0,7000,0,'S',0,3000,0,'S',0,7000,0,'S',0,3000,0,'S',0,7000,0,'S',0,3000,0,'S',0,7000,0,'S',0,3000,0,'S',0,7000,0,'S',0,3000,0,'S',0,7000,0,'S',0,3000,0,'S',0,7000,0,'S',0
'1321',643504,71700,0,'S',0,10000,0,'S',0,10000,0,'S',0,3000,0,'S',0,7000,0,'S',0,3000,0,'S',0,7000,0,'S',0,3000,0,'S',0,7000,0,'S',0,3000,0,'S',0,7000,0,'S',0,3000,0,'S',0,7000,0,'S',0,3000,0,'S',0,7000,0,'S',0,3000,0,'S',0,7000,0,'S',0,3000,0,'S',0,7000,0,'S',0,3000,0,'S',0,7000,0,'S',0,3000,0,'S',0,7000,0,'S',0,3000,0,'S',0,7000,0,'S',0,10000,0,'S',0,10000,0,'S',0
'1322',643504,61700,0,'S',0,3000,0,'S',0,6000,0,'S',0,1600,0,'S',0,1500,0,'S',0,1500,0,'S',0,5500,0,'S',0,1500,0,'S',0,1500,0,'S',0,1500,0,'S',0,5300,0,'S',0,1700,0,'S',0,2000,0,'S',0,6000,0,'S',0,2000,0,'S',0,2000,0,'S',0,6000,0,'S',0,2000,0,'S',0,2000,0,'S',0,6000,0,'S',0,2000,0,'S',0,2000,0,'S',0,6000,0,'S',0,2000,0,'S',0,2000,0,'S',0,6000,0,'S',0,2000,0,'S',0,2000,0,'S',0,1000,0,'S',0,5000,0,'S',0,2000,0,'S',0,1000,0,'S',0,1000,0,'S',0,6000,0,'S',0,1000,0,'S',0,1000,0,'S',0,2000,0,'S',0,6000,0,'S',0,2000,0,'S',0,2000,0,'S',0,6000,0,'S',0,2000,0,'S',0,2000,0,'S',0,6000,0,'S',0,1400,0,'S',0,3000,0,'S',0,7000,0,'S',0,3000,0,'S',0,7000,0,'S',0,3000,0,'S',0,7000,0,'S',0,3000,0,'S',0,7000,0,'S',0
'1323',643504,61700,0,'S',0,3000,0,'S',0,6000,0,'S',0,1600,0,'S',0,1500,0,'S',0,1500,0,'S',0,5500,0,'S',0,1500,0,'S',0,1500,0,'S',0,1500,0,'S',0,5300,0,'S',0,1700,0,'S',0,2000,0,'S',0,6000,0,'S',0,2000,0,'S',0,2000,0,'S',0,6000,0,'S',0,2000,0,'S',0,2000,0,'S',0,6000,0,'S',0,2000,0,'S',0,2000,0,'S',0,6000,0,'S',0,2000,0,'S',0,2000,0,'S',0,6000,0,'S',0,2000,0,'S',0,2000,0,'S',0,1000,0,'S',0,5000,0,'S',0,2000,0,'S',0,1000,0,'S',0,1000,0,'S',0,6000,0,'S',0,1000,0,'S',0,1000,0,'S',0,2000,0,'S',0,6000,0,'S',0,2000,0,'S',0,2000,0,'S',0,6000,0,'S',0,2000,0,'S',0,2000,0,'S',0,6000,0,'S',0,1400,0,'S',0,3000,0,'S',0,7000,0,'S',0,3000,0,'S',0,7000,0,'S',0,3000,0,'S',0,7000,0,'S',0,3000,0,'S',0,7000,0,'S',0
'1324',643504,61700,0,'S',0,3000,0,'S',0,6000,0,'S',0,1600,0,'S',0,1500,0,'S',0,1500,0,'S',0,5500,0,'S',0,1500,0,'S',0,1500,0,'S',0,1500,0,'S',0,5300,0,'S',0,1700,0,'S',0,2000,0,'S',0,6000,0,'S',0,2000,0,'S',0,2000,0,'S',0,6000,0,'S',0,2000,0,'S',0,2000,0,'S',0,6000,0,'S',0,2000,0,'S',0,2000,0,'S',0,6000,0,'S',0,2000,0,'S',0,2000,0,'S',0,6000,0,'S',0,2000,0,'S',0,2000,0,'S',0,1000,0,'S',0,5000,0,'S',0,2000,0,'S',0,1000,0,'S',0,1000,0,'S',0,6000,0,'S',0,1000,0,'S',0,1000,0,'S',0,2000,0,'S',0,6000,0,'S',0,2000,0,'S',0,2000,0,'S',0,6000,0,'S',0,2000,0,'S',0,2000,0,'S',0,6000,0,'S',0,1400,0,'S',0,3000,0,'S',0,7000,0,'S',0,3000,0,'S',0,7000,0,'S',0,3000,0,'S',0,7000,0,'S',0,3000,0,'S',0,7000,0,'S',0
'1325',643504,61700,0,'S',0,3000,0,'S',0,6000,0,'S',0,1600,0,'S',0,1500,0,'S',0,1500,0,'S',0,5500,0,'S',0,1500,0,'S',0,1500,0,'S',0,1500,0,'S',0,5300,0,'S',0,1700,0,'S',0,2000,0,'S',0,6000,0,'S',0,2000,0,'S',0,2000,0,'S',0,6000,0,'S',0,2000,0,'S',0,2000,0,'S',0,6000,0,'S',0,2000,0,'S',0,2000,0,'S',0,6000,0,'S',0,2000,0,'S',0,2000,0,'S',0,6000,0,'S',0,2000,0,'S',0,2000,0,'S',0,1000,0,'S',0,5000,0,'S',0,2000,0,'S',0,1000,0,'S',0,1000,0,'S',0,6000,0,'S',0,1000,0,'S',0,1000,0,'S',0,2000,0,'S',0,6000,0,'S',0,2000,0,'S',0,2000,0,'S',0,6000,0,'S',0,2000,0,'S',0,2000,0,'S',0,6000,0,'S',0,1400,0,'S',0,3000,0,'S',0,7000,0,'S',0,3000,0,'S',0,7000,0,'S',0,3000,0,'S',0,7000,0,'S',0,3000,0,'S',0,7000,0,'S',0
'1326',643504,61700,0,'S',0,3000,0,'S',0,6000,0,'S',0,1600,0,'S',0,1500,0,'S',0,1500,0,'S',0,5500,0,'S',0,1500,0,'S',0,1500,0,'S',0,1500,0,'S',0,5300,0,'S',0,1700,0,'S',0,2000,0,'S',0,6000,0,'S',0,2000,0,'S',0,2000,0,'S',0,6000,0,'S',0,2000,0,'S',0,2000,0,'S',0,6000,0,'S',0,2000,0,'S',0,2000,0,'S',0,6000,0,'S',0,2000,0,'S',0,2000,0,'S',0,6000,0,'S',0,2000,0,'S',0,2000,0,'S',0,1000,0,'S',0,5000,0,'S',0,2000,0,'S',0,1000,0,'S',0,1000,0,'S',0,6000,0,'S',0,1000,0,'S',0,1000,0,'S',0,2000,0,'S',0,6000,0,'S',0,2000,0,'S',0,2000,0,'S',0,6000,0,'S',0,2000,0,'S',0,2000,0,'S',0,6000,0,'S',0,1400,0,'S',0,3000,0,'S',0,7000,0,'S',0,3000,0,'S',0,7000,0,'S',0,3000,0,'S',0,7000,0,'S',0,3000,0,'S',0,7000,0,'S',0
'1320',647704,91200,0,'S',0,10000,0,'S',0,3000,0,'S',0,7000,0,'S',0,3000,0,'S',0,7000,0,'S',0,3000,0,'S',0,7000,0,'S',0,3000,0,'S',0,7000,0,'S',0,3000,0,'S',0,7000,0,'S',0,3000,0,'S',0,7000,0,'S',0,3000,0,'S',0,7000,0,'S',0,3000,0,'S',0,7000,0,'S',0,10000,0,'S',0
'1321',647704,81200,0,'S',0,10000,0,'S',0,3000,0,'S',0,7000,0,'S',0,3000,0,'S',0,7000,0,'S',0,3000,0,'S',0,7000,0,'S',0,3000,0,'S',0,7000,0,'S',0,3000,0,'S',0,7000,0,'S',0,3000,0,'S',0,7000,0,'S',0,3000,0,'S',0,7000,0,'S',0,3000,0,'S',0,7000,0,'S',0,3000,0,'S',0,7000,0,'S',0,3000,0,'S',0,7000,0,'S',0,3000,0,'S',0,7000,0,'S',0,10000,0,'S',0,10000,0,'S',0
'1322',647704,61200,0,'S',0,10000,0,'S',0,3000,0,'S',0,7000,0,'S',0,3000,0,'S',0,7000,0,'S',0,3000,0,'S',0,7000,0,'S',0,3000,0,'S',0,7000,0,'S',0,3000,0,'S',0,7000,0,'S',0,3000,0,'S',0,7000,0,'S',0,3000,0,'S',0,7000,0,'S',0,3000,0,'S',0,7000,0,'S',0,3000,0,'S',0,7000,0,'S',0,3000,0,'S',0,7000,0,'S',0,3000,0,'S',0,7000,0,'S',0,3000,0,'S',0,7000,0,'S',0,3000,0,'S',0,7000,0,'S',0,3000,0,'S',0,7000,0,'S',0,10000,0,'S',0,10000,0,'S',0
'1323',647704,61200,0,'S',0,10000,0,'S',0,3000,0,'S',0,7000,0,'S',0,3000,0,'S',0,7000,0,'S',0,3000,0,'S',0,7000,0,'S',0,3000,0,'S',0,7000,0,'S',0,3000,0,'S',0,7000,0,'S',0,3000,0,'S',0,7000,0,'S',0,3000,0,'S',0,7000,0,'S',0,3000,0,'S',0,7000,0,'S',0,3000,0,'S',0,7000,0,'S',0,3000,0,'S',0,7000,0,'S',0,3000,0,'S',0,7000,0,'S',0,3000,0,'S',0,7000,0,'S',0,3000,0,'S',0,7000,0,'S',0,3000,0,'S',0,7000,0,'S',0,10000,0,'S',0,10000,0,'S',0
'1324',647704,61200,0,'S',0,10000,0,'S',0,3000,0,'S',0,7000,0,'S',0,3000,0,'S',0,7000,0,'S',0,3000,0,'S',0,7000,0,'S',0,3000,0,'S',0,7000,0,'S',0,3000,0,'S',0,7000,0,'S',0,3000,0,'S',0,7000,0,'S',0,3000,0,'S',0,7000,0,'S',0,3000,0,'S',0,7000,0,'S',0,3000,0,'S',0,7000,0,'S',0,3000,0,'S',0,7000,0,'S',0,3000,0,'S',0,7000,0,'S',0,3000,0,'S',0,7000,0,'S',0,3000,0,'S',0,7000,0,'S',0,3000,0,'S',0,7000,0,'S',0,10000,0,'S',0,10000,0,'S',0
'1325',647704,61200,0,'S',0,10000,0,'S',0,3000,0,'S',0,7000,0,'S',0,3000,0,'S',0,7000,0,'S',0,3000,0,'S',0,7000,0,'S',0,3000,0,'S',0,7000,0,'S',0,3000,0,'S',0,7000,0,'S',0,3000,0,'S',0,7000,0,'S',0,3000,0,'S',0,7000,0,'S',0,3000,0,'S',0,7000,0,'S',0,3000,0,'S',0,7000,0,'S',0,3000,0,'S',0,7000,0,'S',0,3000,0,'S',0,7000,0,'S',0,3000,0,'S',0,7000,0,'S',0,3000,0,'S',0,7000,0,'S',0,3000,0,'S',0,7000,0,'S',0,10000,0,'S',0,10000,0,'S',0
'1326',647704,61200,0,'S',0,10000,0,'S',0,3000,0,'S',0,7000,0,'S',0,3000,0,'S',0,7000,0,'S',0,3000,0,'S',0,7000,0,'S',0,3000,0,'S',0,7000,0,'S',0,3000,0,'S',0,7000,0,'S',0,3000,0,'S',0,7000,0,'S',0,3000,0,'S',0,7000,0,'S',0,3000,0,'S',0,7000,0,'S',0,3000,0,'S',0,7000,0,'S',0,3000,0,'S',0,7000,0,'S',0,3000,0,'S',0,7000,0,'S',0,3000,0,'S',0,7000,0,'S',0,3000,0,'S',0,7000,0,'S',0,3000,0,'S',0,7000,0,'S',0,10000,0,'S',0,10000,0,'S',0
