721304,'1355',823,,35050,40,0,14,0,80,,35049,40,0,14,0,40,,35048,40,0,14,0,80,,35047,40,0,14,0,80,,35046,40,0,14,0,40,,35045,40,0,14,0,80,,35044,40,0,14,0,80,,35043,40,0,14,0,40,,35042,40,0,14,0,80,,35041,40,0,14,0,80,,35040,40,0,14,0,40,,35039,40,0,14,0,80,,35038,40,0,14,0,80,,35037,40,0,14,0,40,,35036,40,0,14,0,80,,35035,40,0,14,0,80,,35034,40,0,14,0,40,,35033,40,0,14,0
721304,'1356',623,,35051,40,0,14,0,80,,35052,40,0,14,0,40,,35053,40,0,14,0,80,,35054,40,0,14,0,80,,35055,40,0,14,0,40,,35056,40,0,14,0,80,,35057,40,0,14,0,80,,35058,40,0,14,0,40,,35059,40,0,14,0,60,,35060,40,0,14,0,20,,35061,40,0,14,0,20,,35062,40,0,14,0,60,,35063,40,0,14,0,20,,35064,40,0,14,0,20,,35065,40,0,14,0,60,,35066,40,0,14,0,20,,35067,40,0,14,0,20,,35068,40,0,14,0,60,,35069,40,0,14,0,20,,35070,40,0,14,0,20,,35071,40,0,14,0,60,,35072,40,0,14,0,20,,35073,40,0,14,0,20,,35074,40,0,14,0,60,,35075,40,0,14,0,20,,35076,40,0,14,0,20,,35077,40,0,14,0,60,,35078,40,0,14,0,20,,35079,40,0,14,0,80,,35080,40,0,14,0,40,,35081,40,0,14,0,80,,35082,40,0,14,0,80,,35083,40,0,14,0,40,,35084,40,0,14,0,80,,35085,40,0,14,0,80,,35086,40,0,14,0
721304,'1357',557,,35087,40,0,14,0,85,,35088,40,0,14,0,60,,35089,40,0,14,0,25,,35090,40,0,14,0,20,,35091,40,0,14,0,65,,35092,40,0,14,0,20,,35093,40,0,14,0,25,,35094,40,0,14,0,60,,35095,40,0,14,0,25,,35096,40,0,14,0,60,,35097,40,0,14,0,25,,35098,40,0,14,0,20,,35099,40,0,14,0,65,,35100,40,0,14,0,20,,35101,40,0,14,0,25,,35102,40,0,14,0,60,,35103,40,0,14,0,25,,35104,40,0,14,0,60,,35105,40,0,14,0,25,,35106,40,0,14,0,20,,35107,40,0,14,0,65,,35108,40,0,14,0,20,,35109,40,0,14,0,25,,35110,40,0,14,0,60,,35111,40,0,14,0,25,,35112,40,0,14,0,60,,35113,40,0,14,0,25,,35114,40,0,14,0,20,,35115,40,0,14,0,65,,35116,40,0,14,0,20,,35117,40,0,14,0,25,,35118,40,0,14,0,60,,35119,40,0,14,0,30,,35120,40,0,14,0,76,,35121,40,0,14,0,80,,35122,40,0,14,0,40,,35123,40,0,14,0,80,,35124,40,0,14,0,80,,35125,40,0,14,0,40,,35126,40,0,14,0,80,,35127,40,0,14,0
721304,'1358',557,,35128,40,0,14,0,85,,35129,40,0,14,0,60,,35130,40,0,14,0,25,,35131,40,0,14,0,20,,35132,40,0,14,0,65,,35133,40,0,14,0,20,,35134,40,0,14,0,25,,35135,40,0,14,0,60,,35136,40,0,14,0,25,,35137,40,0,14,0,60,,35138,40,0,14,0,25,,35139,40,0,14,0,20,,35140,40,0,14,0,65,,35141,40,0,14,0,20,,35142,40,0,14,0,25,,35143,40,0,14,0,60,,35144,40,0,14,0,25,,35145,40,0,14,0,60,,35146,40,0,14,0,25,,35147,40,0,14,0,20,,35148,40,0,14,0,65,,35149,40,0,14,0,20,,35150,40,0,14,0,25,,35151,40,0,14,0,60,,35152,40,0,14,0,25,,35153,40,0,14,0,60,,35154,40,0,14,0,25,,35155,40,0,14,0,20,,35156,40,0,14,0,65,,35157,40,0,14,0,20,,35158,40,0,14,0,25,,35159,40,0,14,0,60,,35160,40,0,14,0,30,,35161,40,0,14,0,76,,35162,40,0,14,0,80,,35163,40,0,14,0,40,,35164,40,0,14,0,80,,35165,40,0,14,0,80,,35166,40,0,14,0,40,,35167,40,0,14,0,80,,35168,40,0,14,0
721304,'1359',557,,35169,40,0,14,0,85,,35170,40,0,14,0,60,,35171,40,0,14,0,25,,35172,40,0,14,0,20,,35173,40,0,14,0,65,,35174,40,0,14,0,20,,35175,40,0,14,0,25,,35176,40,0,14,0,60,,35177,40,0,14,0,25,,35178,40,0,14,0,60,,35179,40,0,14,0,25,,35180,40,0,14,0,20,,35181,40,0,14,0,65,,35182,40,0,14,0,20,,35183,40,0,14,0,25,,35184,40,0,14,0,60,,35185,40,0,14,0,25,,35186,40,0,14,0,60,,35187,40,0,14,0,25,,35188,40,0,14,0,20,,35189,40,0,14,0,65,,35190,40,0,14,0,20,,35191,40,0,14,0,25,,35192,40,0,14,0,60,,35193,40,0,14,0,25,,35194,40,0,14,0,60,,35195,40,0,14,0,25,,35196,40,0,14,0,20,,35197,40,0,14,0,65,,35198,40,0,14,0,20,,35199,40,0,14,0,25,,35200,40,0,14,0,60,,35201,40,0,14,0,30,,35202,40,0,14,0,76,,35203,40,0,14,0,80,,35204,40,0,14,0,40,,35205,40,0,14,0,80,,35206,40,0,14,0,80,,35207,40,0,14,0,40,,35208,40,0,14,0,80,,35209,40,0,14,0
721304,'1360',557,,35210,40,0,14,0,85,,35211,40,0,14,0,60,,35212,40,0,14,0,25,,35213,40,0,14,0,20,,35214,40,0,14,0,65,,35215,40,0,14,0,20,,35216,40,0,14,0,25,,35217,40,0,14,0,60,,35218,40,0,14,0,25,,35219,40,0,14,0,60,,35220,40,0,14,0,25,,35221,40,0,14,0,20,,35222,40,0,14,0,65,,35223,40,0,14,0,20,,35224,40,0,14,0,25,,35225,40,0,14,0,60,,35226,40,0,14,0,25,,35227,40,0,14,0,60,,35228,40,0,14,0,25,,35229,40,0,14,0,20,,35230,40,0,14,0,65,,35231,40,0,14,0,20,,35232,40,0,14,0,25,,35233,40,0,14,0,60,,35234,40,0,14,0,25,,35235,40,0,14,0,60,,35236,40,0,14,0,25,,35237,40,0,14,0,20,,35238,40,0,14,0,65,,35239,40,0,14,0,20,,35240,40,0,14,0,25,,35241,40,0,14,0,60,,35242,40,0,14,0,30,,35243,40,0,14,0,76,,35244,40,0,14,0,80,,35245,40,0,14,0,40,,35246,40,0,14,0,80,,35247,40,0,14,0,80,,35248,40,0,14,0,40,,35249,40,0,14,0,80,,35250,40,0,14,0
721304,'1361',557,,35251,40,0,14,0,85,,35252,40,0,14,0,60,,35253,40,0,14,0,25,,35254,40,0,14,0,20,,35255,40,0,14,0,65,,35256,40,0,14,0,20,,35257,40,0,14,0,25,,35258,40,0,14,0,60,,35259,40,0,14,0,25,,35260,40,0,14,0,60,,35261,40,0,14,0,25,,35262,40,0,14,0,20,,35263,40,0,14,0,65,,35264,40,0,14,0,20,,35265,40,0,14,0,25,,35266,40,0,14,0,60,,35267,40,0,14,0,25,,35268,40,0,14,0,60,,35269,40,0,14,0,25,,35270,40,0,14,0,20,,35271,40,0,14,0,65,,35272,40,0,14,0,20,,35273,40,0,14,0,25,,35274,40,0,14,0,60,,35275,40,0,14,0,25,,35276,40,0,14,0,60,,35277,40,0,14,0,25,,35278,40,0,14,0,20,,35279,40,0,14,0,65,,35280,40,0,14,0,20,,35281,40,0,14,0,25,,35282,40,0,14,0,60,,35283,40,0,14,0,30,,35284,40,0,14,0,76,,35285,40,0,14,0,80,,35286,40,0,14,0,40,,35287,40,0,14,0,80,,35288,40,0,14,0,80,,35289,40,0,14,0,40,,35290,40,0,14,0,80,,35291,40,0,14,0
722600,'1357',725,,36062,11,,,0,84,,36059,11,,,0,650,,36060,12,,,0,82,,36061,12,,,0
722600,'1358',725,,36066,11,,,0,84,,36063,11,,,0,650,,36064,12,,,0,82,,36065,12,,,0
722600,'1359',725,,36070,11,,,0,84,,36067,11,,,0,650,,36068,12,,,0,82,,36069,12,,,0
722600,'1360',725,,36074,11,,,0,84,,36071,11,,,0,650,,36072,12,,,0,82,,36073,12,,,0
722600,'1361',725,,36078,11,,,0,84,,36075,11,,,0,650,,36076,12,,,0,82,,36077,12,,,0
