2000,'1341',918,,17300,5,,,0
2000,'1342',618,,17316,5,,,0
2000,'1343',543,,17356,5,,,0
2000,'1344',543,,17404,5,,,0
2000,'1345',543,,17452,5,,,0
2000,'1346',543,,17500,5,,,0
2000,'1347',543,,17548,5,,,0
2001,'1341',1004,,17601,73,,,0,45,,17600,73,,,0,85,,17599,73,,,0,85,,17598,73,,,0,85,,17597,73,,,0,45,,17596,73,,,0,85,,17595,73,,,0,85,,17594,73,,,0,85,,17593,73,,,0,45,,17592,73,,,0,85,,17591,73,,,0,85,,17590,73,,,0,85,,17589,73,,,0,45,,17588,73,,,0,85,,17587,73,,,0
2001,'1342',704,,17619,73,,,0,45,,17620,73,,,0,85,,17621,73,,,0,85,,17622,73,,,0,38,,17602,73,,,0,70,,17603,73,,,0,30,,17604,73,,,0,70,,17605,73,,,0,80,,17606,73,,,0,30,,17607,73,,,0,70,,17608,73,,,0,30,,17609,73,,,0,80,,17610,73,,,0,30,,17611,73,,,0,70,,17612,73,,,0,30,,17613,73,,,0,80,,17614,73,,,0,30,,17615,73,,,0,70,,17616,73,,,0,30,,17617,73,,,0,80,,17618,73,,,0,77,,17623,73,,,0,45,,17624,73,,,0,85,,17625,73,,,0,85,,17626,73,,,0,85,,17627,73,,,0,45,,17628,73,,,0,85,,17629,73,,,0,85,,17630,73,,,0,85,,17631,73,,,0
2001,'1343',644,,17632,73,,,0,60,,17633,73,,,0,20,,17634,73,,,0,20,,17635,73,,,0,60,,17636,73,,,0,20,,17637,73,,,0,20,,17638,73,,,0,60,,17639,73,,,0,20,,17640,73,,,0,20,,17641,73,,,0,60,,17642,73,,,0,20,,17643,73,,,0,20,,17644,73,,,0,60,,17645,73,,,0,20,,17646,73,,,0,20,,17647,73,,,0,60,,17648,73,,,0,20,,17649,73,,,0,20,,17650,73,,,0,60,,17651,73,,,0,20,,17652,73,,,0,20,,17653,73,,,0,60,,17654,73,,,0,20,,17655,73,,,0,20,,17656,73,,,0,60,,17657,73,,,0,20,,17658,73,,,0,20,,17659,73,,,0,60,,17660,73,,,0,20,,17661,73,,,0,20,,17662,73,,,0,60,,17663,73,,,0,20,,17664,73,,,0,20,,17665,73,,,0,60,,17666,73,,,0,20,,17667,73,,,0,20,,17668,73,,,0,60,,17669,73,,,0,45,,17670,73,,,0,85,,17671,73,,,0,85,,17672,73,,,0,85,,17673,73,,,0,45,,17674,73,,,0,85,,17675,73,,,0,85,,17676,73,,,0,85,,17677,73,,,0,45,,17678,73,,,0
2001,'1344',644,,17679,73,,,0,60,,17680,73,,,0,20,,17681,73,,,0,20,,17682,73,,,0,60,,17683,73,,,0,20,,17684,73,,,0,20,,17685,73,,,0,60,,17686,73,,,0,20,,17687,73,,,0,20,,17688,73,,,0,60,,17689,73,,,0,20,,17690,73,,,0,20,,17691,73,,,0,60,,17692,73,,,0,20,,17693,73,,,0,20,,17694,73,,,0,60,,17695,73,,,0,20,,17696,73,,,0,20,,17697,73,,,0,60,,17698,73,,,0,20,,17699,73,,,0,20,,17700,73,,,0,60,,17701,73,,,0,20,,17702,73,,,0,20,,17703,73,,,0,60,,17704,73,,,0,20,,17705,73,,,0,20,,17706,73,,,0,60,,17707,73,,,0,20,,17708,73,,,0,20,,17709,73,,,0,60,,17710,73,,,0,20,,17711,73,,,0,20,,17712,73,,,0,60,,17713,73,,,0,20,,17714,73,,,0,20,,17715,73,,,0,60,,17716,73,,,0,45,,17717,73,,,0,85,,17718,73,,,0,85,,17719,73,,,0,85,,17720,73,,,0,45,,17721,73,,,0,85,,17722,73,,,0,85,,17723,73,,,0,85,,17724,73,,,0,45,,17725,73,,,0
2001,'1345',644,,17726,73,,,0,60,,17727,73,,,0,20,,17728,73,,,0,20,,17729,73,,,0,60,,17730,73,,,0,20,,17731,73,,,0,20,,17732,73,,,0,60,,17733,73,,,0,20,,17734,73,,,0,20,,17735,73,,,0,60,,17736,73,,,0,20,,17737,73,,,0,20,,17738,73,,,0,60,,17739,73,,,0,20,,17740,73,,,0,20,,17741,73,,,0,60,,17742,73,,,0,20,,17743,73,,,0,20,,17744,73,,,0,60,,17745,73,,,0,20,,17746,73,,,0,20,,17747,73,,,0,60,,17748,73,,,0,20,,17749,73,,,0,20,,17750,73,,,0,60,,17751,73,,,0,20,,17752,73,,,0,20,,17753,73,,,0,60,,17754,73,,,0,20,,17755,73,,,0,20,,17756,73,,,0,60,,17757,73,,,0,20,,17758,73,,,0,20,,17759,73,,,0,60,,17760,73,,,0,20,,17761,73,,,0,20,,17762,73,,,0,60,,17763,73,,,0,45,,17764,73,,,0,85,,17765,73,,,0,85,,17766,73,,,0,85,,17767,73,,,0,45,,17768,73,,,0,85,,17769,73,,,0,85,,17770,73,,,0,85,,17771,73,,,0,45,,17772,73,,,0
2001,'1346',644,,17773,73,,,0,60,,17774,73,,,0,20,,17775,73,,,0,20,,17776,73,,,0,60,,17777,73,,,0,20,,17778,73,,,0,20,,17779,73,,,0,60,,17780,73,,,0,20,,17781,73,,,0,20,,17782,73,,,0,60,,17783,73,,,0,20,,17784,73,,,0,20,,17785,73,,,0,60,,17786,73,,,0,20,,17787,73,,,0,20,,17788,73,,,0,60,,17789,73,,,0,20,,17790,73,,,0,20,,17791,73,,,0,60,,17792,73,,,0,20,,17793,73,,,0,20,,17794,73,,,0,60,,17795,73,,,0,20,,17796,73,,,0,20,,17797,73,,,0,60,,17798,73,,,0,20,,17799,73,,,0,20,,17800,73,,,0,60,,17801,73,,,0,20,,17802,73,,,0,20,,17803,73,,,0,60,,17804,73,,,0,20,,17805,73,,,0,20,,17806,73,,,0,60,,17807,73,,,0,20,,17808,73,,,0,20,,17809,73,,,0,60,,17810,73,,,0,45,,17811,73,,,0,85,,17812,73,,,0,85,,17813,73,,,0,85,,17814,73,,,0,45,,17815,73,,,0,85,,17816,73,,,0,85,,17817,73,,,0,85,,17818,73,,,0,45,,17819,73,,,0
2001,'1347',644,,17820,73,,,0,60,,17821,73,,,0,20,,17822,73,,,0,20,,17823,73,,,0,60,,17824,73,,,0,20,,17825,73,,,0,20,,17826,73,,,0,60,,17827,73,,,0,20,,17828,73,,,0,20,,17829,73,,,0,60,,17830,73,,,0,20,,17831,73,,,0,20,,17832,73,,,0,60,,17833,73,,,0,20,,17834,73,,,0,20,,17835,73,,,0,60,,17836,73,,,0,20,,17837,73,,,0,20,,17838,73,,,0,60,,17839,73,,,0,20,,17840,73,,,0,20,,17841,73,,,0,60,,17842,73,,,0,20,,17843,73,,,0,20,,17844,73,,,0,60,,17845,73,,,0,20,,17846,73,,,0,20,,17847,73,,,0,60,,17848,73,,,0,20,,17849,73,,,0,20,,17850,73,,,0,60,,17851,73,,,0,20,,17852,73,,,0,20,,17853,73,,,0,60,,17854,73,,,0,20,,17855,73,,,0,20,,17856,73,,,0,60,,17857,73,,,0,45,,17858,73,,,0,85,,17859,73,,,0,85,,17860,73,,,0,85,,17861,73,,,0,45,,17862,73,,,0,85,,17863,73,,,0,85,,17864,73,,,0,85,,17865,73,,,0,45,,17866,73,,,0
