'1320',643504,92700,0,'S',0,10000,0,'S',0,3000,0,'S',0,7000,0,'S',0,3000,0,'S',0,7000,0,'S',0,3000,0,'S',0,7000,0,'S',0,3000,0,'S',0,7000,0,'S',0,3000,0,'S',0,7000,0,'S',0,3000,0,'S',0,7000,0,'S',0,3000,0,'S',0,7000,0,'S',0,3000,0,'S',0,7000,0,'S',0,3000,0,'S',0,7000,0,'S',0
'1321',643504,72700,0,'S',0,10000,0,'S',0,10000,0,'S',0,3000,0,'S',0,7000,0,'S',0,3000,0,'S',0,7000,0,'S',0,3000,0,'S',0,7000,0,'S',0,3000,0,'S',0,7000,0,'S',0,3000,0,'S',0,7000,0,'S',0,3000,0,'S',0,7000,0,'S',0,3000,0,'S',0,7000,0,'S',0,3000,0,'S',0,7000,0,'S',0,3000,0,'S',0,7000,0,'S',0,3000,0,'S',0,7000,0,'S',0,3000,0,'S',0,7000,0,'S',0,10000,0,'S',0,10000,0,'S',0
'1322',643504,62700,0,'S',0,3000,0,'S',0,6000,0,'S',0,1700,0,'S',0,1500,0,'S',0,5500,0,'S',0,1500,0,'S',0,1500,0,'S',0,1500,0,'S',0,5500,0,'S',0,1300,0,'S',0,1700,0,'S',0,2000,0,'S',0,6000,0,'S',0,2000,0,'S',0,2000,0,'S',0,6000,0,'S',0,2000,0,'S',0,2000,0,'S',0,6000,0,'S',0,2000,0,'S',0,2000,0,'S',0,6000,0,'S',0,2000,0,'S',0,2000,0,'S',0,6000,0,'S',0,2000,0,'S',0,2000,0,'S',0,5000,0,'S',0,1000,0,'S',0,2000,0,'S',0,1000,0,'S',0,1000,0,'S',0,6000,0,'S',0,1000,0,'S',0,1000,0,'S',0,2000,0,'S',0,6000,0,'S',0,2000,0,'S',0,2000,0,'S',0,6000,0,'S',0,2000,0,'S',0,2000,0,'S',0,6000,0,'S',0,1300,0,'S',0,3000,0,'S',0,7000,0,'S',0,3000,0,'S',0,7000,0,'S',0,3000,0,'S',0,7000,0,'S',0,3000,0,'S',0,7000,0,'S',0
'1323',643504,62700,0,'S',0,3000,0,'S',0,6000,0,'S',0,1700,0,'S',0,1500,0,'S',0,5500,0,'S',0,1500,0,'S',0,1500,0,'S',0,1500,0,'S',0,5500,0,'S',0,1300,0,'S',0,1700,0,'S',0,2000,0,'S',0,6000,0,'S',0,2000,0,'S',0,2000,0,'S',0,6000,0,'S',0,2000,0,'S',0,2000,0,'S',0,6000,0,'S',0,2000,0,'S',0,2000,0,'S',0,6000,0,'S',0,2000,0,'S',0,2000,0,'S',0,6000,0,'S',0,2000,0,'S',0,2000,0,'S',0,5000,0,'S',0,1000,0,'S',0,2000,0,'S',0,1000,0,'S',0,1000,0,'S',0,6000,0,'S',0,1000,0,'S',0,1000,0,'S',0,2000,0,'S',0,6000,0,'S',0,2000,0,'S',0,2000,0,'S',0,6000,0,'S',0,2000,0,'S',0,2000,0,'S',0,6000,0,'S',0,1300,0,'S',0,3000,0,'S',0,7000,0,'S',0,3000,0,'S',0,7000,0,'S',0,3000,0,'S',0,7000,0,'S',0,3000,0,'S',0,7000,0,'S',0
'1324',643504,62700,0,'S',0,3000,0,'S',0,6000,0,'S',0,1700,0,'S',0,1500,0,'S',0,5500,0,'S',0,1500,0,'S',0,1500,0,'S',0,1500,0,'S',0,5500,0,'S',0,1300,0,'S',0,1700,0,'S',0,2000,0,'S',0,6000,0,'S',0,2000,0,'S',0,2000,0,'S',0,6000,0,'S',0,2000,0,'S',0,2000,0,'S',0,6000,0,'S',0,2000,0,'S',0,2000,0,'S',0,6000,0,'S',0,2000,0,'S',0,2000,0,'S',0,6000,0,'S',0,2000,0,'S',0,2000,0,'S',0,5000,0,'S',0,1000,0,'S',0,2000,0,'S',0,1000,0,'S',0,1000,0,'S',0,6000,0,'S',0,1000,0,'S',0,1000,0,'S',0,2000,0,'S',0,6000,0,'S',0,2000,0,'S',0,2000,0,'S',0,6000,0,'S',0,2000,0,'S',0,2000,0,'S',0,6000,0,'S',0,1300,0,'S',0,3000,0,'S',0,7000,0,'S',0,3000,0,'S',0,7000,0,'S',0,3000,0,'S',0,7000,0,'S',0,3000,0,'S',0,7000,0,'S',0
'1325',643504,62700,0,'S',0,3000,0,'S',0,6000,0,'S',0,1700,0,'S',0,1500,0,'S',0,5500,0,'S',0,1500,0,'S',0,1500,0,'S',0,1500,0,'S',0,5500,0,'S',0,1300,0,'S',0,1700,0,'S',0,2000,0,'S',0,6000,0,'S',0,2000,0,'S',0,2000,0,'S',0,6000,0,'S',0,2000,0,'S',0,2000,0,'S',0,6000,0,'S',0,2000,0,'S',0,2000,0,'S',0,6000,0,'S',0,2000,0,'S',0,2000,0,'S',0,6000,0,'S',0,2000,0,'S',0,2000,0,'S',0,5000,0,'S',0,1000,0,'S',0,2000,0,'S',0,1000,0,'S',0,1000,0,'S',0,6000,0,'S',0,1000,0,'S',0,1000,0,'S',0,2000,0,'S',0,6000,0,'S',0,2000,0,'S',0,2000,0,'S',0,6000,0,'S',0,2000,0,'S',0,2000,0,'S',0,6000,0,'S',0,1300,0,'S',0,3000,0,'S',0,7000,0,'S',0,3000,0,'S',0,7000,0,'S',0,3000,0,'S',0,7000,0,'S',0,3000,0,'S',0,7000,0,'S',0
'1326',643504,62700,0,'S',0,3000,0,'S',0,6000,0,'S',0,1700,0,'S',0,1500,0,'S',0,5500,0,'S',0,1500,0,'S',0,1500,0,'S',0,1500,0,'S',0,5500,0,'S',0,1300,0,'S',0,1700,0,'S',0,2000,0,'S',0,6000,0,'S',0,2000,0,'S',0,2000,0,'S',0,6000,0,'S',0,2000,0,'S',0,2000,0,'S',0,6000,0,'S',0,2000,0,'S',0,2000,0,'S',0,6000,0,'S',0,2000,0,'S',0,2000,0,'S',0,6000,0,'S',0,2000,0,'S',0,2000,0,'S',0,5000,0,'S',0,1000,0,'S',0,2000,0,'S',0,1000,0,'S',0,1000,0,'S',0,6000,0,'S',0,1000,0,'S',0,1000,0,'S',0,2000,0,'S',0,6000,0,'S',0,2000,0,'S',0,2000,0,'S',0,6000,0,'S',0,2000,0,'S',0,2000,0,'S',0,6000,0,'S',0,1300,0,'S',0,3000,0,'S',0,7000,0,'S',0,3000,0,'S',0,7000,0,'S',0,3000,0,'S',0,7000,0,'S',0,3000,0,'S',0,7000,0,'S',0
'1320',721204,94000,0,'S',0,8500,0,'S',0,8500,0,'S',0,4500,0,'S',0,8500,0,'S',0,8500,0,'S',0,8500,0,'S',0,4500,0,'S',0,8500,0,'S',0,8500,0,'S',0,8500,0,'S',0,4500,0,'S',0,8500,0,'S',0,8500,0,'S',0
'1321',721204,64000,0,'S',0,8500,0,'S',0,8500,0,'S',0,4500,0,'S',0,8500,0,'S',0,8500,0,'S',0,3000,0,'S',0,7000,0,'S',0,3000,0,'S',0,7000,0,'S',0,3000,0,'S',0,7000,0,'S',0,3000,0,'S',0,7000,0,'S',0,3000,0,'S',0,7000,0,'S',0,3000,0,'S',0,7000,0,'S',0,3000,0,'S',0,7000,0,'S',0,3000,0,'S',0,7000,0,'S',0,8500,0,'S',0,4500,0,'S',0,8500,0,'S',0,8500,0,'S',0,8500,0,'S',0,4500,0,'S',0
'1322',721204,64000,0,'S',0,7000,0,'S',0,3000,0,'S',0,1500,0,'S',0,5500,0,'S',0,1500,0,'S',0,1500,0,'S',0,7000,0,'S',0,3000,0,'S',0,7000,0,'S',0,3000,0,'S',0,7000,0,'S',0,3000,0,'S',0,7000,0,'S',0,3000,0,'S',0,7000,0,'S',0,3000,0,'S',0,7000,0,'S',0,3000,0,'S',0,1500,0,'S',0,5500,0,'S',0,1500,0,'S',0,1500,0,'S',0,7000,0,'S',0,3000,0,'S',0,7000,0,'S',0,3000,0,'S',0,7000,0,'S',0,3000,0,'S',0,8500,0,'S',0,8500,0,'S',0,4500,0,'S',0,8500,0,'S',0,8500,0,'S',0,8500,0,'S',0
'1323',721204,64000,0,'S',0,7000,0,'S',0,3000,0,'S',0,1500,0,'S',0,5500,0,'S',0,1500,0,'S',0,1500,0,'S',0,7000,0,'S',0,3000,0,'S',0,7000,0,'S',0,3000,0,'S',0,7000,0,'S',0,3000,0,'S',0,7000,0,'S',0,3000,0,'S',0,7000,0,'S',0,3000,0,'S',0,7000,0,'S',0,3000,0,'S',0,1500,0,'S',0,5500,0,'S',0,1500,0,'S',0,1500,0,'S',0,7000,0,'S',0,3000,0,'S',0,7000,0,'S',0,3000,0,'S',0,7000,0,'S',0,3000,0,'S',0,8500,0,'S',0,8500,0,'S',0,4500,0,'S',0,8500,0,'S',0,8500,0,'S',0,8500,0,'S',0
'1324',721204,64000,0,'S',0,7000,0,'S',0,3000,0,'S',0,1500,0,'S',0,5500,0,'S',0,1500,0,'S',0,1500,0,'S',0,7000,0,'S',0,3000,0,'S',0,7000,0,'S',0,3000,0,'S',0,7000,0,'S',0,3000,0,'S',0,7000,0,'S',0,3000,0,'S',0,7000,0,'S',0,3000,0,'S',0,7000,0,'S',0,3000,0,'S',0,1500,0,'S',0,5500,0,'S',0,1500,0,'S',0,1500,0,'S',0,7000,0,'S',0,3000,0,'S',0,7000,0,'S',0,3000,0,'S',0,7000,0,'S',0,3000,0,'S',0,8500,0,'S',0,8500,0,'S',0,4500,0,'S',0,8500,0,'S',0,8500,0,'S',0,8500,0,'S',0
'1325',721204,64000,0,'S',0,7000,0,'S',0,3000,0,'S',0,1500,0,'S',0,5500,0,'S',0,1500,0,'S',0,1500,0,'S',0,7000,0,'S',0,3000,0,'S',0,7000,0,'S',0,3000,0,'S',0,7000,0,'S',0,3000,0,'S',0,7000,0,'S',0,3000,0,'S',0,7000,0,'S',0,3000,0,'S',0,7000,0,'S',0,3000,0,'S',0,1500,0,'S',0,5500,0,'S',0,1500,0,'S',0,1500,0,'S',0,7000,0,'S',0,3000,0,'S',0,7000,0,'S',0,3000,0,'S',0,7000,0,'S',0,3000,0,'S',0,8500,0,'S',0,8500,0,'S',0,4500,0,'S',0,8500,0,'S',0,8500,0,'S',0,8500,0,'S',0
'1326',721204,64000,0,'S',0,7000,0,'S',0,3000,0,'S',0,1500,0,'S',0,5500,0,'S',0,1500,0,'S',0,1500,0,'S',0,7000,0,'S',0,3000,0,'S',0,7000,0,'S',0,3000,0,'S',0,7000,0,'S',0,3000,0,'S',0,7000,0,'S',0,3000,0,'S',0,7000,0,'S',0,3000,0,'S',0,7000,0,'S',0,3000,0,'S',0,1500,0,'S',0,5500,0,'S',0,1500,0,'S',0,1500,0,'S',0,7000,0,'S',0,3000,0,'S',0,7000,0,'S',0,3000,0,'S',0,7000,0,'S',0,3000,0,'S',0,8500,0,'S',0,8500,0,'S',0,4500,0,'S',0,8500,0,'S',0,8500,0,'S',0,8500,0,'S',0
