2000,'1355',919,,31704,6,,,0
2000,'1356',619,,31750,6,,,0
2000,'1357',544,,31760,6,,,0
2000,'1358',544,,31808,6,,,0
2000,'1359',544,,31856,6,,,0
2000,'1360',544,,31904,6,,,0
2000,'1361',544,,31952,6,,,0
2001,'1355',1005,,32005,74,,,0,45,,32004,74,,,0,85,,32003,74,,,0,85,,32002,74,,,0,85,,32001,74,,,0,45,,32000,74,,,0,85,,31999,74,,,0,85,,31998,74,,,0,85,,31997,74,,,0,45,,31996,74,,,0,85,,31995,74,,,0,85,,31994,74,,,0,85,,31993,74,,,0,45,,31992,74,,,0,85,,31991,74,,,0
2001,'1356',705,,32023,74,,,0,45,,32024,74,,,0,85,,32025,74,,,0,85,,32026,74,,,0,38,,32006,74,,,0,70,,32007,74,,,0,30,,32008,74,,,0,70,,32009,74,,,0,80,,32010,74,,,0,30,,32011,74,,,0,70,,32012,74,,,0,30,,32013,74,,,0,80,,32014,74,,,0,30,,32015,74,,,0,70,,32016,74,,,0,30,,32017,74,,,0,80,,32018,74,,,0,30,,32019,74,,,0,70,,32020,74,,,0,30,,32021,74,,,0,80,,32022,74,,,0,77,,32027,74,,,0,85,,32028,74,,,0,45,,32029,74,,,0,85,,32030,74,,,0,85,,32031,74,,,0,85,,32032,74,,,0,45,,32033,74,,,0,85,,32034,74,,,0,85,,32035,74,,,0
2001,'1357',645,,32036,74,,,0,60,,32037,74,,,0,20,,32038,74,,,0,20,,32039,74,,,0,60,,32040,74,,,0,20,,32041,74,,,0,20,,32042,74,,,0,60,,32043,74,,,0,20,,32044,74,,,0,20,,32045,74,,,0,60,,32046,74,,,0,20,,32047,74,,,0,20,,32048,74,,,0,60,,32049,74,,,0,20,,32050,74,,,0,20,,32051,74,,,0,60,,32052,74,,,0,20,,32053,74,,,0,20,,32054,74,,,0,60,,32055,74,,,0,20,,32056,74,,,0,20,,32057,74,,,0,60,,32058,74,,,0,20,,32059,74,,,0,20,,32060,74,,,0,60,,32061,74,,,0,20,,32062,74,,,0,20,,32063,74,,,0,60,,32064,74,,,0,20,,32065,74,,,0,20,,32066,74,,,0,60,,32067,74,,,0,20,,32068,74,,,0,20,,32069,74,,,0,60,,32070,74,,,0,20,,32071,74,,,0,20,,32072,74,,,0,60,,32073,74,,,0,45,,32074,74,,,0,85,,32075,74,,,0,85,,32076,74,,,0,85,,32077,74,,,0,45,,32078,74,,,0,85,,32079,74,,,0,85,,32080,74,,,0,85,,32081,74,,,0,45,,32082,74,,,0
2001,'1358',645,,32083,74,,,0,60,,32084,74,,,0,20,,32085,74,,,0,20,,32086,74,,,0,60,,32087,74,,,0,20,,32088,74,,,0,20,,32089,74,,,0,60,,32090,74,,,0,20,,32091,74,,,0,20,,32092,74,,,0,60,,32093,74,,,0,20,,32094,74,,,0,20,,32095,74,,,0,60,,32096,74,,,0,20,,32097,74,,,0,20,,32098,74,,,0,60,,32099,74,,,0,20,,32100,74,,,0,20,,32101,74,,,0,60,,32102,74,,,0,20,,32103,74,,,0,20,,32104,74,,,0,60,,32105,74,,,0,20,,32106,74,,,0,20,,32107,74,,,0,60,,32108,74,,,0,20,,32109,74,,,0,20,,32110,74,,,0,60,,32111,74,,,0,20,,32112,74,,,0,20,,32113,74,,,0,60,,32114,74,,,0,20,,32115,74,,,0,20,,32116,74,,,0,60,,32117,74,,,0,20,,32118,74,,,0,20,,32119,74,,,0,60,,32120,74,,,0,45,,32121,74,,,0,85,,32122,74,,,0,85,,32123,74,,,0,85,,32124,74,,,0,45,,32125,74,,,0,85,,32126,74,,,0,85,,32127,74,,,0,85,,32128,74,,,0,45,,32129,74,,,0
2001,'1359',645,,32130,74,,,0,60,,32131,74,,,0,20,,32132,74,,,0,20,,32133,74,,,0,60,,32134,74,,,0,20,,32135,74,,,0,20,,32136,74,,,0,60,,32137,74,,,0,20,,32138,74,,,0,20,,32139,74,,,0,60,,32140,74,,,0,20,,32141,74,,,0,20,,32142,74,,,0,60,,32143,74,,,0,20,,32144,74,,,0,20,,32145,74,,,0,60,,32146,74,,,0,20,,32147,74,,,0,20,,32148,74,,,0,60,,32149,74,,,0,20,,32150,74,,,0,20,,32151,74,,,0,60,,32152,74,,,0,20,,32153,74,,,0,20,,32154,74,,,0,60,,32155,74,,,0,20,,32156,74,,,0,20,,32157,74,,,0,60,,32158,74,,,0,20,,32159,74,,,0,20,,32160,74,,,0,60,,32161,74,,,0,20,,32162,74,,,0,20,,32163,74,,,0,60,,32164,74,,,0,20,,32165,74,,,0,20,,32166,74,,,0,60,,32167,74,,,0,45,,32168,74,,,0,85,,32169,74,,,0,85,,32170,74,,,0,85,,32171,74,,,0,45,,32172,74,,,0,85,,32173,74,,,0,85,,32174,74,,,0,85,,32175,74,,,0,45,,32176,74,,,0
2001,'1360',645,,32177,74,,,0,60,,32178,74,,,0,20,,32179,74,,,0,20,,32180,74,,,0,60,,32181,74,,,0,20,,32182,74,,,0,20,,32183,74,,,0,60,,32184,74,,,0,20,,32185,74,,,0,20,,32186,74,,,0,60,,32187,74,,,0,20,,32188,74,,,0,20,,32189,74,,,0,60,,32190,74,,,0,20,,32191,74,,,0,20,,32192,74,,,0,60,,32193,74,,,0,20,,32194,74,,,0,20,,32195,74,,,0,60,,32196,74,,,0,20,,32197,74,,,0,20,,32198,74,,,0,60,,32199,74,,,0,20,,32200,74,,,0,20,,32201,74,,,0,60,,32202,74,,,0,20,,32203,74,,,0,20,,32204,74,,,0,60,,32205,74,,,0,20,,32206,74,,,0,20,,32207,74,,,0,60,,32208,74,,,0,20,,32209,74,,,0,20,,32210,74,,,0,60,,32211,74,,,0,20,,32212,74,,,0,20,,32213,74,,,0,60,,32214,74,,,0,45,,32215,74,,,0,85,,32216,74,,,0,85,,32217,74,,,0,85,,32218,74,,,0,45,,32219,74,,,0,85,,32220,74,,,0,85,,32221,74,,,0,85,,32222,74,,,0,45,,32223,74,,,0
2001,'1361',645,,32224,74,,,0,60,,32225,74,,,0,20,,32226,74,,,0,20,,32227,74,,,0,60,,32228,74,,,0,20,,32229,74,,,0,20,,32230,74,,,0,60,,32231,74,,,0,20,,32232,74,,,0,20,,32233,74,,,0,60,,32234,74,,,0,20,,32235,74,,,0,20,,32236,74,,,0,60,,32237,74,,,0,20,,32238,74,,,0,20,,32239,74,,,0,60,,32240,74,,,0,20,,32241,74,,,0,20,,32242,74,,,0,60,,32243,74,,,0,20,,32244,74,,,0,20,,32245,74,,,0,60,,32246,74,,,0,20,,32247,74,,,0,20,,32248,74,,,0,60,,32249,74,,,0,20,,32250,74,,,0,20,,32251,74,,,0,60,,32252,74,,,0,20,,32253,74,,,0,20,,32254,74,,,0,60,,32255,74,,,0,20,,32256,74,,,0,20,,32257,74,,,0,60,,32258,74,,,0,20,,32259,74,,,0,20,,32260,74,,,0,60,,32261,74,,,0,45,,32262,74,,,0,85,,32263,74,,,0,85,,32264,74,,,0,85,,32265,74,,,0,45,,32266,74,,,0,85,,32267,74,,,0,85,,32268,74,,,0,85,,32269,74,,,0,45,,32270,74,,,0
