722501,'1357',541,,35879,36,0,17,0,160,,35880,36,0,17,0,100,,35881,36,0,17,0,100,,35882,36,0,17,0,100,,35883,36,0,17,0,100,,35884,36,0,17,0,100,,35885,36,0,17,0,100,,35886,36,0,17,0,100,,35887,36,0,17,0,100,,35888,36,0,17,0,100,,35889,36,0,17,0,100,,35890,36,0,17,0,100,,35891,36,0,17,0,100,,35892,36,0,17,0,100,,35893,36,0,17,0,100,,35894,36,0,17,0,100,,35895,36,0,17,0,100,,35896,36,0,17,0
722501,'1358',541,,35897,36,0,17,0,160,,35898,36,0,17,0,100,,35899,36,0,17,0,100,,35900,36,0,17,0,100,,35901,36,0,17,0,100,,35902,36,0,17,0,100,,35903,36,0,17,0,100,,35904,36,0,17,0,100,,35905,36,0,17,0,100,,35906,36,0,17,0,100,,35907,36,0,17,0,100,,35908,36,0,17,0,100,,35909,36,0,17,0,100,,35910,36,0,17,0,100,,35911,36,0,17,0,100,,35912,36,0,17,0,100,,35913,36,0,17,0,100,,35914,36,0,17,0
722501,'1359',541,,35915,36,0,17,0,160,,35916,36,0,17,0,100,,35917,36,0,17,0,100,,35918,36,0,17,0,100,,35919,36,0,17,0,100,,35920,36,0,17,0,100,,35921,36,0,17,0,100,,35922,36,0,17,0,100,,35923,36,0,17,0,100,,35924,36,0,17,0,100,,35925,36,0,17,0,100,,35926,36,0,17,0,100,,35927,36,0,17,0,100,,35928,36,0,17,0,100,,35929,36,0,17,0,100,,35930,36,0,17,0,100,,35931,36,0,17,0,100,,35932,36,0,17,0
722501,'1360',541,,35933,36,0,17,0,160,,35934,36,0,17,0,100,,35935,36,0,17,0,100,,35936,36,0,17,0,100,,35937,36,0,17,0,100,,35938,36,0,17,0,100,,35939,36,0,17,0,100,,35940,36,0,17,0,100,,35941,36,0,17,0,100,,35942,36,0,17,0,100,,35943,36,0,17,0,100,,35944,36,0,17,0,100,,35945,36,0,17,0,100,,35946,36,0,17,0,100,,35947,36,0,17,0,100,,35948,36,0,17,0,100,,35949,36,0,17,0,100,,35950,36,0,17,0
722501,'1361',541,,35951,36,0,17,0,160,,35952,36,0,17,0,100,,35953,36,0,17,0,100,,35954,36,0,17,0,100,,35955,36,0,17,0,100,,35956,36,0,17,0,100,,35957,36,0,17,0,100,,35958,36,0,17,0,100,,35959,36,0,17,0,100,,35960,36,0,17,0,100,,35961,36,0,17,0,100,,35962,36,0,17,0,100,,35963,36,0,17,0,100,,35964,36,0,17,0,100,,35965,36,0,17,0,100,,35966,36,0,17,0,100,,35967,36,0,17,0,100,,35968,36,0,17,0
722502,'1357',552,,35969,19,0,16,0,100,,35970,19,0,16,0,100,,35971,19,0,16,0,100,,35972,19,0,16,0,100,,35973,19,0,16,0,100,,35974,19,0,16,0,100,,35975,19,0,16,0,100,,35976,19,0,16,0,100,,35977,19,0,16,0,100,,35978,19,0,16,0,100,,35979,19,0,16,0,100,,35980,19,0,16,0,100,,35981,19,0,16,0,100,,35982,19,0,16,0,100,,35983,19,0,16,0,100,,35984,19,0,16,0,100,,35985,19,0,16,0,100,,35986,19,0,16,0
722502,'1358',552,,35987,19,0,16,0,100,,35988,19,0,16,0,100,,35989,19,0,16,0,100,,35990,19,0,16,0,100,,35991,19,0,16,0,100,,35992,19,0,16,0,100,,35993,19,0,16,0,100,,35994,19,0,16,0,100,,35995,19,0,16,0,100,,35996,19,0,16,0,100,,35997,19,0,16,0,100,,35998,19,0,16,0,100,,35999,19,0,16,0,100,,36000,19,0,16,0,100,,36001,19,0,16,0,100,,36002,19,0,16,0,100,,36003,19,0,16,0,100,,36004,19,0,16,0
722502,'1359',552,,36005,19,0,16,0,100,,36006,19,0,16,0,100,,36007,19,0,16,0,100,,36008,19,0,16,0,100,,36009,19,0,16,0,100,,36010,19,0,16,0,100,,36011,19,0,16,0,100,,36012,19,0,16,0,100,,36013,19,0,16,0,100,,36014,19,0,16,0,100,,36015,19,0,16,0,100,,36016,19,0,16,0,100,,36017,19,0,16,0,100,,36018,19,0,16,0,100,,36019,19,0,16,0,100,,36020,19,0,16,0,100,,36021,19,0,16,0,100,,36022,19,0,16,0
722502,'1360',552,,36023,19,0,16,0,100,,36024,19,0,16,0,100,,36025,19,0,16,0,100,,36026,19,0,16,0,100,,36027,19,0,16,0,100,,36028,19,0,16,0,100,,36029,19,0,16,0,100,,36030,19,0,16,0,100,,36031,19,0,16,0,100,,36032,19,0,16,0,100,,36033,19,0,16,0,100,,36034,19,0,16,0,100,,36035,19,0,16,0,100,,36036,19,0,16,0,100,,36037,19,0,16,0,100,,36038,19,0,16,0,100,,36039,19,0,16,0,100,,36040,19,0,16,0
722502,'1361',552,,36041,19,0,16,0,100,,36042,19,0,16,0,100,,36043,19,0,16,0,100,,36044,19,0,16,0,100,,36045,19,0,16,0,100,,36046,19,0,16,0,100,,36047,19,0,16,0,100,,36048,19,0,16,0,100,,36049,19,0,16,0,100,,36050,19,0,16,0,100,,36051,19,0,16,0,100,,36052,19,0,16,0,100,,36053,19,0,16,0,100,,36054,19,0,16,0,100,,36055,19,0,16,0,100,,36056,19,0,16,0,100,,36057,19,0,16,0,100,,36058,19,0,16,0
