721204,'1348',924,,27368,30,0,14,0,85,,27367,30,0,14,0,45,,27366,30,0,14,0,85,,27365,30,0,14,0,85,,27364,30,0,14,0,85,,27363,30,0,14,0,45,,27362,30,0,14,0,85,,27361,30,0,14,0,85,,27360,30,0,14,0,85,,27359,30,0,14,0,45,,27358,30,0,14,0,85,,27357,30,0,14,0,85,,27356,30,0,14,0,85,,27355,30,0,14,0
721204,'1349',624,,27369,30,0,14,0,85,,27370,30,0,14,0,45,,27371,30,0,14,0,85,,27372,30,0,14,0,85,,27373,30,0,14,0,85,,27374,30,0,14,0,30,,27375,30,0,14,0,70,,27376,30,0,14,0,30,,27377,30,0,14,0,70,,27378,30,0,14,0,30,,27379,30,0,14,0,70,,27380,30,0,14,0,30,,27381,30,0,14,0,70,,27382,30,0,14,0,30,,27383,30,0,14,0,70,,27384,30,0,14,0,30,,27385,30,0,14,0,70,,27386,30,0,14,0,30,,27387,30,0,14,0,70,,27388,30,0,14,0,30,,27389,30,0,14,0,70,,27390,30,0,14,0,45,,27391,30,0,14,0,85,,27392,30,0,14,0,85,,27393,30,0,14,0,85,,27394,30,0,14,0,45,,27395,30,0,14,0,85,,27396,30,0,14,0
721204,'1350',624,,27397,30,0,14,0,30,,27398,30,0,14,0,70,,27399,30,0,14,0,15,,27400,30,0,14,0,15,,27401,30,0,14,0,55,,27402,30,0,14,0,15,,27403,30,0,14,0,30,,27404,30,0,14,0,70,,27405,30,0,14,0,30,,27406,30,0,14,0,70,,27407,30,0,14,0,30,,27408,30,0,14,0,70,,27409,30,0,14,0,30,,27410,30,0,14,0,70,,27411,30,0,14,0,30,,27412,30,0,14,0,70,,27413,30,0,14,0,30,,27414,30,0,14,0,70,,27415,30,0,14,0,15,,27416,30,0,14,0,15,,27417,30,0,14,0,55,,27418,30,0,14,0,15,,27419,30,0,14,0,30,,27420,30,0,14,0,70,,27421,30,0,14,0,30,,27422,30,0,14,0,70,,27423,30,0,14,0,30,,27424,30,0,14,0,70,,27425,30,0,14,0,85,,27426,30,0,14,0,45,,27427,30,0,14,0,85,,27428,30,0,14,0,85,,27429,30,0,14,0,85,,27430,30,0,14,0,45,,27431,30,0,14,0
721204,'1351',624,,27432,30,0,14,0,30,,27433,30,0,14,0,70,,27434,30,0,14,0,15,,27435,30,0,14,0,15,,27436,30,0,14,0,55,,27437,30,0,14,0,15,,27438,30,0,14,0,30,,27439,30,0,14,0,70,,27440,30,0,14,0,30,,27441,30,0,14,0,70,,27442,30,0,14,0,30,,27443,30,0,14,0,70,,27444,30,0,14,0,30,,27445,30,0,14,0,70,,27446,30,0,14,0,30,,27447,30,0,14,0,70,,27448,30,0,14,0,30,,27449,30,0,14,0,70,,27450,30,0,14,0,15,,27451,30,0,14,0,15,,27452,30,0,14,0,55,,27453,30,0,14,0,15,,27454,30,0,14,0,30,,27455,30,0,14,0,70,,27456,30,0,14,0,30,,27457,30,0,14,0,70,,27458,30,0,14,0,30,,27459,30,0,14,0,70,,27460,30,0,14,0,85,,27461,30,0,14,0,45,,27462,30,0,14,0,85,,27463,30,0,14,0,85,,27464,30,0,14,0,85,,27465,30,0,14,0,45,,27466,30,0,14,0
721204,'1352',624,,27467,30,0,14,0,30,,27468,30,0,14,0,70,,27469,30,0,14,0,15,,27470,30,0,14,0,15,,27471,30,0,14,0,55,,27472,30,0,14,0,15,,27473,30,0,14,0,30,,27474,30,0,14,0,70,,27475,30,0,14,0,30,,27476,30,0,14,0,70,,27477,30,0,14,0,30,,27478,30,0,14,0,70,,27479,30,0,14,0,30,,27480,30,0,14,0,70,,27481,30,0,14,0,30,,27482,30,0,14,0,70,,27483,30,0,14,0,30,,27484,30,0,14,0,70,,27485,30,0,14,0,15,,27486,30,0,14,0,15,,27487,30,0,14,0,55,,27488,30,0,14,0,15,,27489,30,0,14,0,30,,27490,30,0,14,0,70,,27491,30,0,14,0,30,,27492,30,0,14,0,70,,27493,30,0,14,0,30,,27494,30,0,14,0,70,,27495,30,0,14,0,85,,27496,30,0,14,0,45,,27497,30,0,14,0,85,,27498,30,0,14,0,85,,27499,30,0,14,0,85,,27500,30,0,14,0,45,,27501,30,0,14,0
721204,'1353',624,,27502,30,0,14,0,30,,27503,30,0,14,0,70,,27504,30,0,14,0,15,,27505,30,0,14,0,15,,27506,30,0,14,0,55,,27507,30,0,14,0,15,,27508,30,0,14,0,30,,27509,30,0,14,0,70,,27510,30,0,14,0,30,,27511,30,0,14,0,70,,27512,30,0,14,0,30,,27513,30,0,14,0,70,,27514,30,0,14,0,30,,27515,30,0,14,0,70,,27516,30,0,14,0,30,,27517,30,0,14,0,70,,27518,30,0,14,0,30,,27519,30,0,14,0,70,,27520,30,0,14,0,15,,27521,30,0,14,0,15,,27522,30,0,14,0,55,,27523,30,0,14,0,15,,27524,30,0,14,0,30,,27525,30,0,14,0,70,,27526,30,0,14,0,30,,27527,30,0,14,0,70,,27528,30,0,14,0,30,,27529,30,0,14,0,70,,27530,30,0,14,0,85,,27531,30,0,14,0,45,,27532,30,0,14,0,85,,27533,30,0,14,0,85,,27534,30,0,14,0,85,,27535,30,0,14,0,45,,27536,30,0,14,0
721204,'1354',624,,27537,30,0,14,0,30,,27538,30,0,14,0,70,,27539,30,0,14,0,15,,27540,30,0,14,0,15,,27541,30,0,14,0,55,,27542,30,0,14,0,15,,27543,30,0,14,0,30,,27544,30,0,14,0,70,,27545,30,0,14,0,30,,27546,30,0,14,0,70,,27547,30,0,14,0,30,,27548,30,0,14,0,70,,27549,30,0,14,0,30,,27550,30,0,14,0,70,,27551,30,0,14,0,30,,27552,30,0,14,0,70,,27553,30,0,14,0,30,,27554,30,0,14,0,70,,27555,30,0,14,0,15,,27556,30,0,14,0,15,,27557,30,0,14,0,55,,27558,30,0,14,0,15,,27559,30,0,14,0,30,,27560,30,0,14,0,70,,27561,30,0,14,0,30,,27562,30,0,14,0,70,,27563,30,0,14,0,30,,27564,30,0,14,0,70,,27565,30,0,14,0,85,,27566,30,0,14,0,45,,27567,30,0,14,0,85,,27568,30,0,14,0,85,,27569,30,0,14,0,85,,27570,30,0,14,0,45,,27571,30,0,14,0
721501,'1348',940,,28342,34,0,17,0,100,,28341,34,0,17,0,100,,28333,34,0,17,0,100,,28332,34,0,17,0,100,,28338,34,0,17,0,100,,28337,34,0,17,0,100,,28336,34,0,17,0,100,,28335,34,0,17,0,100,,28334,34,0,17,0,100,,28340,34,0,17,0,100,,28339,34,0,17,0
721501,'1349',740,,28343,34,0,17,0,100,,28344,34,0,17,0,100,,28345,34,0,17,0,100,,28346,34,0,17,0,100,,28347,34,0,17,0,100,,28348,34,0,17,0,70,,28349,34,0,17,0,30,,28350,34,0,17,0,70,,28351,34,0,17,0,30,,28352,34,0,17,0,70,,28353,34,0,17,0,30,,28354,34,0,17,0,70,,28355,34,0,17,0,30,,28356,34,0,17,0,70,,28357,34,0,17,0,30,,28358,34,0,17,0,70,,28359,34,0,17,0,30,,28360,34,0,17,0,100,,28361,34,0,17,0
721501,'1350',740,,28362,34,0,17,0,70,,28363,34,0,17,0,30,,28364,34,0,17,0,70,,28365,34,0,17,0,30,,28366,34,0,17,0,70,,28367,34,0,17,0,30,,28368,34,0,17,0,70,,28369,34,0,17,0,30,,28370,34,0,17,0,70,,28371,34,0,17,0,30,,28372,34,0,17,0,70,,28373,34,0,17,0,30,,28374,34,0,17,0,70,,28375,34,0,17,0,30,,28376,34,0,17,0,70,,28377,34,0,17,0,30,,28378,34,0,17,0,70,,28379,34,0,17,0,30,,28380,34,0,17,0,70,,28381,34,0,17,0,30,,28382,34,0,17,0,70,,28383,34,0,17,0,30,,28384,34,0,17,0,70,,28385,34,0,17,0,30,,28386,34,0,17,0,100,,28387,34,0,17,0,100,,28388,34,0,17,0,100,,28389,34,0,17,0
721501,'1351',740,,28390,34,0,17,0,70,,28391,34,0,17,0,30,,28392,34,0,17,0,70,,28393,34,0,17,0,30,,28394,34,0,17,0,70,,28395,34,0,17,0,30,,28396,34,0,17,0,70,,28397,34,0,17,0,30,,28398,34,0,17,0,70,,28399,34,0,17,0,30,,28400,34,0,17,0,70,,28401,34,0,17,0,30,,28402,34,0,17,0,70,,28403,34,0,17,0,30,,28404,34,0,17,0,70,,28405,34,0,17,0,30,,28406,34,0,17,0,70,,28407,34,0,17,0,30,,28408,34,0,17,0,70,,28409,34,0,17,0,30,,28410,34,0,17,0,70,,28411,34,0,17,0,30,,28412,34,0,17,0,70,,28413,34,0,17,0,30,,28414,34,0,17,0,100,,28415,34,0,17,0,100,,28416,34,0,17,0,100,,28417,34,0,17,0
721501,'1352',740,,28418,34,0,17,0,70,,28419,34,0,17,0,30,,28420,34,0,17,0,70,,28421,34,0,17,0,30,,28422,34,0,17,0,70,,28423,34,0,17,0,30,,28424,34,0,17,0,70,,28425,34,0,17,0,30,,28426,34,0,17,0,70,,28427,34,0,17,0,30,,28428,34,0,17,0,70,,28429,34,0,17,0,30,,28430,34,0,17,0,70,,28431,34,0,17,0,30,,28432,34,0,17,0,70,,28433,34,0,17,0,30,,28434,34,0,17,0,70,,28435,34,0,17,0,30,,28436,34,0,17,0,70,,28437,34,0,17,0,30,,28438,34,0,17,0,70,,28439,34,0,17,0,30,,28440,34,0,17,0,70,,28441,34,0,17,0,30,,28442,34,0,17,0,100,,28443,34,0,17,0,100,,28444,34,0,17,0,100,,28445,34,0,17,0
721501,'1353',740,,28446,34,0,17,0,70,,28447,34,0,17,0,30,,28448,34,0,17,0,70,,28449,34,0,17,0,30,,28450,34,0,17,0,70,,28451,34,0,17,0,30,,28452,34,0,17,0,70,,28453,34,0,17,0,30,,28454,34,0,17,0,70,,28455,34,0,17,0,30,,28456,34,0,17,0,70,,28457,34,0,17,0,30,,28458,34,0,17,0,70,,28459,34,0,17,0,30,,28460,34,0,17,0,70,,28461,34,0,17,0,30,,28462,34,0,17,0,70,,28463,34,0,17,0,30,,28464,34,0,17,0,70,,28465,34,0,17,0,30,,28466,34,0,17,0,70,,28467,34,0,17,0,30,,28468,34,0,17,0,70,,28469,34,0,17,0,30,,28470,34,0,17,0,100,,28471,34,0,17,0,100,,28472,34,0,17,0,100,,28473,34,0,17,0
721501,'1354',740,,28474,34,0,17,0,70,,28475,34,0,17,0,30,,28476,34,0,17,0,70,,28477,34,0,17,0,30,,28478,34,0,17,0,70,,28479,34,0,17,0,30,,28480,34,0,17,0,70,,28481,34,0,17,0,30,,28482,34,0,17,0,70,,28483,34,0,17,0,30,,28484,34,0,17,0,70,,28485,34,0,17,0,30,,28486,34,0,17,0,70,,28487,34,0,17,0,30,,28488,34,0,17,0,70,,28489,34,0,17,0,30,,28490,34,0,17,0,70,,28491,34,0,17,0,30,,28492,34,0,17,0,70,,28493,34,0,17,0,30,,28494,34,0,17,0,70,,28495,34,0,17,0,30,,28496,34,0,17,0,70,,28497,34,0,17,0,30,,28498,34,0,17,0,100,,28499,34,0,17,0,100,,28500,34,0,17,0,100,,28501,34,0,17,0
