721303,'1355',839,,34791,4,0,15,0,80,,34790,4,0,15,0,40,,34789,4,0,15,0,80,,34788,4,0,15,0,80,,34787,4,0,15,0,40,,34786,4,0,15,0,80,,34785,4,0,15,0,80,,34784,4,0,15,0,40,,34783,4,0,15,0,80,,34782,4,0,15,0,80,,34781,4,0,15,0,40,,34780,4,0,15,0,80,,34779,4,0,15,0,80,,34778,4,0,15,0,40,,34777,4,0,15,0,80,,34776,4,0,15,0,80,,34775,4,0,15,0,40,,34774,4,0,15,0
721303,'1356',639,,34792,4,0,15,0,80,,34793,4,0,15,0,40,,34794,4,0,15,0,80,,34795,4,0,15,0,80,,34796,4,0,15,0,40,,34797,4,0,15,0,80,,34798,4,0,15,0,80,,34799,4,0,15,0,40,,34800,4,0,15,0,60,,34801,4,0,15,0,20,,34802,4,0,15,0,20,,34803,4,0,15,0,60,,34804,4,0,15,0,20,,34805,4,0,15,0,20,,34806,4,0,15,0,60,,34807,4,0,15,0,20,,34808,4,0,15,0,20,,34809,4,0,15,0,60,,34810,4,0,15,0,20,,34811,4,0,15,0,20,,34812,4,0,15,0,60,,34813,4,0,15,0,20,,34814,4,0,15,0,20,,34815,4,0,15,0,60,,34816,4,0,15,0,20,,34817,4,0,15,0,20,,34818,4,0,15,0,60,,34819,4,0,15,0,20,,34820,4,0,15,0,80,,34821,4,0,15,0,40,,34822,4,0,15,0,80,,34823,4,0,15,0,80,,34824,4,0,15,0,40,,34825,4,0,15,0,80,,34826,4,0,15,0,80,,34827,4,0,15,0
721303,'1357',614,,34835,4,0,15,0,45,,34836,4,0,15,0,60,,34837,4,0,15,0,25,,34838,4,0,15,0,60,,34839,4,0,15,0,25,,34840,4,0,15,0,20,,34841,4,0,15,0,65,,34842,4,0,15,0,20,,34843,4,0,15,0,25,,34844,4,0,15,0,60,,34845,4,0,15,0,25,,34846,4,0,15,0,60,,34847,4,0,15,0,25,,34848,4,0,15,0,20,,34849,4,0,15,0,65,,34850,4,0,15,0,20,,34851,4,0,15,0,25,,34852,4,0,15,0,60,,34853,4,0,15,0,25,,34854,4,0,15,0,60,,34855,4,0,15,0,25,,34856,4,0,15,0,20,,34857,4,0,15,0,65,,34858,4,0,15,0,20,,34859,4,0,15,0,25,,34860,4,0,15,0,60,,34861,4,0,15,0,25,,34862,4,0,15,0,60,,34863,4,0,15,0,25,,34864,4,0,15,0,20,,34865,4,0,15,0,65,,34866,4,0,15,0,20,,34867,4,0,15,0,69,,34868,4,0,15,0,36,,34828,4,0,15,0,80,,34829,4,0,15,0,40,,34830,4,0,15,0,80,,34831,4,0,15,0,80,,34832,4,0,15,0,40,,34833,4,0,15,0,80,,34834,4,0,15,0
721303,'1358',614,,34876,4,0,15,0,45,,34877,4,0,15,0,60,,34878,4,0,15,0,25,,34879,4,0,15,0,60,,34880,4,0,15,0,25,,34881,4,0,15,0,20,,34882,4,0,15,0,65,,34883,4,0,15,0,20,,34884,4,0,15,0,25,,34885,4,0,15,0,60,,34886,4,0,15,0,25,,34887,4,0,15,0,60,,34888,4,0,15,0,25,,34889,4,0,15,0,20,,34890,4,0,15,0,65,,34891,4,0,15,0,20,,34892,4,0,15,0,25,,34893,4,0,15,0,60,,34894,4,0,15,0,25,,34895,4,0,15,0,60,,34896,4,0,15,0,25,,34897,4,0,15,0,20,,34898,4,0,15,0,65,,34899,4,0,15,0,20,,34900,4,0,15,0,25,,34901,4,0,15,0,60,,34902,4,0,15,0,25,,34903,4,0,15,0,60,,34904,4,0,15,0,25,,34905,4,0,15,0,20,,34906,4,0,15,0,65,,34907,4,0,15,0,20,,34908,4,0,15,0,69,,34909,4,0,15,0,36,,34869,4,0,15,0,80,,34870,4,0,15,0,40,,34871,4,0,15,0,80,,34872,4,0,15,0,80,,34873,4,0,15,0,40,,34874,4,0,15,0,80,,34875,4,0,15,0
721303,'1359',614,,34917,4,0,15,0,45,,34918,4,0,15,0,60,,34919,4,0,15,0,25,,34920,4,0,15,0,60,,34921,4,0,15,0,25,,34922,4,0,15,0,20,,34923,4,0,15,0,65,,34924,4,0,15,0,20,,34925,4,0,15,0,25,,34926,4,0,15,0,60,,34927,4,0,15,0,25,,34928,4,0,15,0,60,,34929,4,0,15,0,25,,34930,4,0,15,0,20,,34931,4,0,15,0,65,,34932,4,0,15,0,20,,34933,4,0,15,0,25,,34934,4,0,15,0,60,,34935,4,0,15,0,25,,34936,4,0,15,0,60,,34937,4,0,15,0,25,,34938,4,0,15,0,20,,34939,4,0,15,0,65,,34940,4,0,15,0,20,,34941,4,0,15,0,25,,34942,4,0,15,0,60,,34943,4,0,15,0,25,,34944,4,0,15,0,60,,34945,4,0,15,0,25,,34946,4,0,15,0,20,,34947,4,0,15,0,65,,34948,4,0,15,0,20,,34949,4,0,15,0,69,,34950,4,0,15,0,36,,34910,4,0,15,0,80,,34911,4,0,15,0,40,,34912,4,0,15,0,80,,34913,4,0,15,0,80,,34914,4,0,15,0,40,,34915,4,0,15,0,80,,34916,4,0,15,0
721303,'1360',614,,34958,4,0,15,0,45,,34959,4,0,15,0,60,,34960,4,0,15,0,25,,34961,4,0,15,0,60,,34962,4,0,15,0,25,,34963,4,0,15,0,20,,34964,4,0,15,0,65,,34965,4,0,15,0,20,,34966,4,0,15,0,25,,34967,4,0,15,0,60,,34968,4,0,15,0,25,,34969,4,0,15,0,60,,34970,4,0,15,0,25,,34971,4,0,15,0,20,,34972,4,0,15,0,65,,34973,4,0,15,0,20,,34974,4,0,15,0,25,,34975,4,0,15,0,60,,34976,4,0,15,0,25,,34977,4,0,15,0,60,,34978,4,0,15,0,25,,34979,4,0,15,0,20,,34980,4,0,15,0,65,,34981,4,0,15,0,20,,34982,4,0,15,0,25,,34983,4,0,15,0,60,,34984,4,0,15,0,25,,34985,4,0,15,0,60,,34986,4,0,15,0,25,,34987,4,0,15,0,20,,34988,4,0,15,0,65,,34989,4,0,15,0,20,,34990,4,0,15,0,69,,34991,4,0,15,0,36,,34951,4,0,15,0,80,,34952,4,0,15,0,40,,34953,4,0,15,0,80,,34954,4,0,15,0,80,,34955,4,0,15,0,40,,34956,4,0,15,0,80,,34957,4,0,15,0
721303,'1361',614,,34999,4,0,15,0,45,,35000,4,0,15,0,60,,35001,4,0,15,0,25,,35002,4,0,15,0,60,,35003,4,0,15,0,25,,35004,4,0,15,0,20,,35005,4,0,15,0,65,,35006,4,0,15,0,20,,35007,4,0,15,0,25,,35008,4,0,15,0,60,,35009,4,0,15,0,25,,35010,4,0,15,0,60,,35011,4,0,15,0,25,,35012,4,0,15,0,20,,35013,4,0,15,0,65,,35014,4,0,15,0,20,,35015,4,0,15,0,25,,35016,4,0,15,0,60,,35017,4,0,15,0,25,,35018,4,0,15,0,60,,35019,4,0,15,0,25,,35020,4,0,15,0,20,,35021,4,0,15,0,65,,35022,4,0,15,0,20,,35023,4,0,15,0,25,,35024,4,0,15,0,60,,35025,4,0,15,0,25,,35026,4,0,15,0,60,,35027,4,0,15,0,25,,35028,4,0,15,0,20,,35029,4,0,15,0,65,,35030,4,0,15,0,20,,35031,4,0,15,0,69,,35032,4,0,15,0,36,,34992,4,0,15,0,80,,34993,4,0,15,0,40,,34994,4,0,15,0,80,,34995,4,0,15,0,80,,34996,4,0,15,0,40,,34997,4,0,15,0,80,,34998,4,0,15,0
721502,'1357',721,,35734,2,0,16,0
721502,'1358',721,,35763,2,0,16,0
721502,'1359',721,,35792,2,0,16,0
721502,'1360',721,,35821,2,0,16,0
721502,'1361',721,,35850,2,0,16,0
