1900,'1334',925,,9659,45,,,0,100,,9658,45,,,0,100,,9657,45,,,0,100,,9656,45,,,0,100,,9655,45,,,0,100,,9654,45,,,0,100,,9653,45,,,0,100,,9652,45,,,0,100,,9651,45,,,0,100,,9650,45,,,0,100,,9649,45,,,0,100,,9648,45,,,0
1900,'1335',825,,9660,45,,,0,100,,9661,45,,,0,100,,9662,45,,,0,30,,9663,45,,,0,70,,9664,45,,,0,30,,9665,45,,,0,70,,9666,45,,,0,30,,9667,45,,,0,70,,9668,45,,,0,30,,9669,45,,,0,70,,9670,45,,,0,30,,9671,45,,,0,70,,9672,45,,,0,30,,9673,45,,,0,70,,9674,45,,,0,30,,9675,45,,,0,70,,9676,45,,,0,30,,9677,45,,,0,70,,9678,45,,,0,30,,9679,45,,,0,70,,9680,45,,,0,30,,9681,45,,,0,70,,9682,45,,,0,100,,9683,45,,,0,100,,9684,45,,,0,100,,9685,45,,,0
1900,'1336',625,,9686,45,,,0,30,,9687,45,,,0,70,,9688,45,,,0,30,,9689,45,,,0,70,,9690,45,,,0,30,,9691,45,,,0,70,,9692,45,,,0,30,,9693,45,,,0,70,,9694,45,,,0,30,,9695,45,,,0,70,,9696,45,,,0,30,,9697,45,,,0,70,,9698,45,,,0,30,,9699,45,,,0,70,,9700,45,,,0,30,,9701,45,,,0,70,,9702,45,,,0,30,,9703,45,,,0,70,,9704,45,,,0,30,,9705,45,,,0,70,,9706,45,,,0,30,,9707,45,,,0,70,,9708,45,,,0,30,,9709,45,,,0,70,,9710,45,,,0,30,,9711,45,,,0,70,,9712,45,,,0,30,,9713,45,,,0,70,,9714,45,,,0,30,,9715,45,,,0,70,,9716,45,,,0,30,,9717,45,,,0,100,,9718,45,,,0,100,,9719,45,,,0
1900,'1337',625,,9720,45,,,0,30,,9721,45,,,0,70,,9722,45,,,0,30,,9723,45,,,0,70,,9724,45,,,0,30,,9725,45,,,0,70,,9726,45,,,0,30,,9727,45,,,0,70,,9728,45,,,0,30,,9729,45,,,0,70,,9730,45,,,0,30,,9731,45,,,0,70,,9732,45,,,0,30,,9733,45,,,0,70,,9734,45,,,0,30,,9735,45,,,0,70,,9736,45,,,0,30,,9737,45,,,0,70,,9738,45,,,0,30,,9739,45,,,0,70,,9740,45,,,0,30,,9741,45,,,0,70,,9742,45,,,0,30,,9743,45,,,0,70,,9744,45,,,0,30,,9745,45,,,0,70,,9746,45,,,0,30,,9747,45,,,0,70,,9748,45,,,0,30,,9749,45,,,0,70,,9750,45,,,0,30,,9751,45,,,0,100,,9752,45,,,0,100,,9753,45,,,0
1900,'1338',625,,9754,45,,,0,30,,9755,45,,,0,70,,9756,45,,,0,30,,9757,45,,,0,70,,9758,45,,,0,30,,9759,45,,,0,70,,9760,45,,,0,30,,9761,45,,,0,70,,9762,45,,,0,30,,9763,45,,,0,70,,9764,45,,,0,30,,9765,45,,,0,70,,9766,45,,,0,30,,9767,45,,,0,70,,9768,45,,,0,30,,9769,45,,,0,70,,9770,45,,,0,30,,9771,45,,,0,70,,9772,45,,,0,30,,9773,45,,,0,70,,9774,45,,,0,30,,9775,45,,,0,70,,9776,45,,,0,30,,9777,45,,,0,70,,9778,45,,,0,30,,9779,45,,,0,70,,9780,45,,,0,30,,9781,45,,,0,70,,9782,45,,,0,30,,9783,45,,,0,70,,9784,45,,,0,30,,9785,45,,,0,100,,9786,45,,,0,100,,9787,45,,,0
1900,'1339',625,,9788,45,,,0,30,,9789,45,,,0,70,,9790,45,,,0,30,,9791,45,,,0,70,,9792,45,,,0,30,,9793,45,,,0,70,,9794,45,,,0,30,,9795,45,,,0,70,,9796,45,,,0,30,,9797,45,,,0,70,,9798,45,,,0,30,,9799,45,,,0,70,,9800,45,,,0,30,,9801,45,,,0,70,,9802,45,,,0,30,,9803,45,,,0,70,,9804,45,,,0,30,,9805,45,,,0,70,,9806,45,,,0,30,,9807,45,,,0,70,,9808,45,,,0,30,,9809,45,,,0,70,,9810,45,,,0,30,,9811,45,,,0,70,,9812,45,,,0,30,,9813,45,,,0,70,,9814,45,,,0,30,,9815,45,,,0,70,,9816,45,,,0,30,,9817,45,,,0,70,,9818,45,,,0,30,,9819,45,,,0,100,,9820,45,,,0,100,,9821,45,,,0
1900,'1340',625,,9822,45,,,0,30,,9823,45,,,0,70,,9824,45,,,0,30,,9825,45,,,0,70,,9826,45,,,0,30,,9827,45,,,0,70,,9828,45,,,0,30,,9829,45,,,0,70,,9830,45,,,0,30,,9831,45,,,0,70,,9832,45,,,0,30,,9833,45,,,0,70,,9834,45,,,0,30,,9835,45,,,0,70,,9836,45,,,0,30,,9837,45,,,0,70,,9838,45,,,0,30,,9839,45,,,0,70,,9840,45,,,0,30,,9841,45,,,0,70,,9842,45,,,0,30,,9843,45,,,0,70,,9844,45,,,0,30,,9845,45,,,0,70,,9846,45,,,0,30,,9847,45,,,0,70,,9848,45,,,0,30,,9849,45,,,0,70,,9850,45,,,0,30,,9851,45,,,0,70,,9852,45,,,0,30,,9853,45,,,0,100,,9854,45,,,0,100,,9855,45,,,0
721403,'1334',1001,,13693,38,0,15,0,110,,13692,38,0,15,0,110,,13691,38,0,15,0,110,,13690,38,0,15,0,110,,13689,38,0,15,0,110,,13688,38,0,15,0,150,,13687,38,0,15,0,110,,13686,38,0,15,0
721403,'1335',900,,13694,38,0,15,0,110,,13695,38,0,15,0,110,,13696,38,0,15,0,110,,13697,38,0,15,0,117,,13698,38,0,15,0,155,,13699,38,0,15,0,45,,13700,38,0,15,0,85,,13701,38,0,15,0,85,,13702,38,0,15,0,85,,13703,38,0,15,0,45,,13704,38,0,15,0,85,,13705,38,0,15,0,85,,13706,38,0,15,0
721403,'1336',732,,13707,38,0,15,0,100,,13708,38,0,15,0,85,,13709,38,0,15,0,85,,13710,38,0,15,0,45,,13711,38,0,15,0,85,,13712,38,0,15,0,85,,13713,38,0,15,0,85,,13714,38,0,15,0,45,,13715,38,0,15,0,85,,13716,38,0,15,0,85,,13717,38,0,15,0,85,,13718,38,0,15,0,45,,13719,38,0,15,0,85,,13720,38,0,15,0,85,,13721,38,0,15,0,85,,13722,38,0,15,0,45,,13723,38,0,15,0,85,,13724,38,0,15,0,85,,13725,38,0,15,0,85,,13726,38,0,15,0
721403,'1337',732,,13727,38,0,15,0,100,,13728,38,0,15,0,85,,13729,38,0,15,0,85,,13730,38,0,15,0,45,,13731,38,0,15,0,85,,13732,38,0,15,0,85,,13733,38,0,15,0,85,,13734,38,0,15,0,45,,13735,38,0,15,0,85,,13736,38,0,15,0,85,,13737,38,0,15,0,85,,13738,38,0,15,0,45,,13739,38,0,15,0,85,,13740,38,0,15,0,85,,13741,38,0,15,0,85,,13742,38,0,15,0,45,,13743,38,0,15,0,85,,13744,38,0,15,0,85,,13745,38,0,15,0,85,,13746,38,0,15,0
721403,'1338',732,,13747,38,0,15,0,100,,13748,38,0,15,0,85,,13749,38,0,15,0,85,,13750,38,0,15,0,45,,13751,38,0,15,0,85,,13752,38,0,15,0,85,,13753,38,0,15,0,85,,13754,38,0,15,0,45,,13755,38,0,15,0,85,,13756,38,0,15,0,85,,13757,38,0,15,0,85,,13758,38,0,15,0,45,,13759,38,0,15,0,85,,13760,38,0,15,0,85,,13761,38,0,15,0,85,,13762,38,0,15,0,45,,13763,38,0,15,0,85,,13764,38,0,15,0,85,,13765,38,0,15,0,85,,13766,38,0,15,0
721403,'1339',732,,13767,38,0,15,0,100,,13768,38,0,15,0,85,,13769,38,0,15,0,85,,13770,38,0,15,0,45,,13771,38,0,15,0,85,,13772,38,0,15,0,85,,13773,38,0,15,0,85,,13774,38,0,15,0,45,,13775,38,0,15,0,85,,13776,38,0,15,0,85,,13777,38,0,15,0,85,,13778,38,0,15,0,45,,13779,38,0,15,0,85,,13780,38,0,15,0,85,,13781,38,0,15,0,85,,13782,38,0,15,0,45,,13783,38,0,15,0,85,,13784,38,0,15,0,85,,13785,38,0,15,0,85,,13786,38,0,15,0
721403,'1340',732,,13787,38,0,15,0,100,,13788,38,0,15,0,85,,13789,38,0,15,0,85,,13790,38,0,15,0,45,,13791,38,0,15,0,85,,13792,38,0,15,0,85,,13793,38,0,15,0,85,,13794,38,0,15,0,45,,13795,38,0,15,0,85,,13796,38,0,15,0,85,,13797,38,0,15,0,85,,13798,38,0,15,0,45,,13799,38,0,15,0,85,,13800,38,0,15,0,85,,13801,38,0,15,0,85,,13802,38,0,15,0,45,,13803,38,0,15,0,85,,13804,38,0,15,0,85,,13805,38,0,15,0,85,,13806,38,0,15,0
