'1194',463601,90900,0,'605',0,44000,0,'605',0,17000,0,'605',0,28500,0,'605',0
'1198',463601,63900,0,'605',0,77000,0,'605',0,43000,0,'605',0,17000,0,'605',0
'1202',463601,90900,0,'605',0,44000,0,'605',0,17000,0,'605',0,28500,0,'605',0
'1203',463601,73900,0,'605',0,67000,0,'605',0,13000,0,'605',0,30000,0,'605',0
'1204',463601,90900,0,'605',0,44000,0,'605',0,17000,0,'605',0,28500,0,'605',0
'1205',463601,63900,0,'605',0,77000,0,'605',0,43000,0,'605',0,17000,0,'605',0
'1206',463601,63900,0,'605',0,77000,0,'605',0,43000,0,'605',0,17000,0,'605',0
'1207',463601,63900,0,'605',0,77000,0,'605',0,43000,0,'605',0,17000,0,'605',0
'1208',463601,63900,0,'605',0,77000,0,'605',0,43000,0,'605',0,17000,0,'605',0
'1209',463601,63900,0,'605',0,77000,0,'605',0,43000,0,'605',0,17000,0,'605',0
