'1149',463601,85900,0,'605',0,48000,0,'605',0,17000,0,'605',0,24500,0,'605',0
'1150',463601,72900,0,'605',0,63000,0,'605',0,17000,0,'605',0,30000,0,'605',0
'1151',463601,85900,0,'605',0,48000,0,'605',0,17000,0,'605',0,24500,0,'605',0
'1152',463601,62900,0,'605',0,73000,0,'605',0,47000,0,'605',0,13000,0,'605',0
'1153',463601,62900,0,'605',0,73000,0,'605',0,47000,0,'605',0,13000,0,'605',0
'1154',463601,62900,0,'605',0,73000,0,'605',0,47000,0,'605',0,13000,0,'605',0
'1155',463601,62900,0,'605',0,73000,0,'605',0,47000,0,'605',0,13000,0,'605',0
'1156',463601,62900,0,'605',0,73000,0,'605',0,47000,0,'605',0,13000,0,'605',0
'1157',463601,85900,0,'605',0,48000,0,'605',0,41500,0,'605',0
'1158',463601,92900,0,'605',0,30000,0,'605',0,30000,0,'605',0
'1159',463601,85900,0,'605',0,48000,0,'605',0,41500,0,'605',0
