721404,'1341',931,,21016,44,0,14,0,110,,21015,44,0,14,0,110,,21014,44,0,14,0,150,,21013,44,0,14,0,110,,21012,44,0,14,0,110,,21011,44,0,14,0,110,,21010,44,0,14,0,110,,21009,44,0,14,0
721404,'1342',830,,21017,44,0,14,0,110,,21018,44,0,14,0,110,,21019,44,0,14,0,150,,21020,44,0,14,0,110,,21021,44,0,14,0,113,,21022,44,0,14,0,85,,21023,44,0,14,0,45,,21024,44,0,14,0,85,,21025,44,0,14,0,85,,21026,44,0,14,0,85,,21027,44,0,14,0,45,,21028,44,0,14,0,85,,21029,44,0,14,0
721404,'1343',655,,21030,44,0,14,0,97,,21031,44,0,14,0,85,,21032,44,0,14,0,85,,21033,44,0,14,0,85,,21034,44,0,14,0,45,,21035,44,0,14,0,85,,21036,44,0,14,0,85,,21037,44,0,14,0,85,,21038,44,0,14,0,45,,21039,44,0,14,0,85,,21040,44,0,14,0,85,,21041,44,0,14,0,85,,21042,44,0,14,0,45,,21043,44,0,14,0,85,,21044,44,0,14,0,85,,21045,44,0,14,0,85,,21046,44,0,14,0,45,,21047,44,0,14,0,85,,21048,44,0,14,0,85,,21049,44,0,14,0
721404,'1344',655,,21050,44,0,14,0,97,,21051,44,0,14,0,85,,21052,44,0,14,0,85,,21053,44,0,14,0,85,,21054,44,0,14,0,45,,21055,44,0,14,0,85,,21056,44,0,14,0,85,,21057,44,0,14,0,85,,21058,44,0,14,0,45,,21059,44,0,14,0,85,,21060,44,0,14,0,85,,21061,44,0,14,0,85,,21062,44,0,14,0,45,,21063,44,0,14,0,85,,21064,44,0,14,0,85,,21065,44,0,14,0,85,,21066,44,0,14,0,45,,21067,44,0,14,0,85,,21068,44,0,14,0,85,,21069,44,0,14,0
721404,'1345',655,,21070,44,0,14,0,97,,21071,44,0,14,0,85,,21072,44,0,14,0,85,,21073,44,0,14,0,85,,21074,44,0,14,0,45,,21075,44,0,14,0,85,,21076,44,0,14,0,85,,21077,44,0,14,0,85,,21078,44,0,14,0,45,,21079,44,0,14,0,85,,21080,44,0,14,0,85,,21081,44,0,14,0,85,,21082,44,0,14,0,45,,21083,44,0,14,0,85,,21084,44,0,14,0,85,,21085,44,0,14,0,85,,21086,44,0,14,0,45,,21087,44,0,14,0,85,,21088,44,0,14,0,85,,21089,44,0,14,0
721404,'1346',655,,21090,44,0,14,0,97,,21091,44,0,14,0,85,,21092,44,0,14,0,85,,21093,44,0,14,0,85,,21094,44,0,14,0,45,,21095,44,0,14,0,85,,21096,44,0,14,0,85,,21097,44,0,14,0,85,,21098,44,0,14,0,45,,21099,44,0,14,0,85,,21100,44,0,14,0,85,,21101,44,0,14,0,85,,21102,44,0,14,0,45,,21103,44,0,14,0,85,,21104,44,0,14,0,85,,21105,44,0,14,0,85,,21106,44,0,14,0,45,,21107,44,0,14,0,85,,21108,44,0,14,0,85,,21109,44,0,14,0
721404,'1347',655,,21110,44,0,14,0,97,,21111,44,0,14,0,85,,21112,44,0,14,0,85,,21113,44,0,14,0,85,,21114,44,0,14,0,45,,21115,44,0,14,0,85,,21116,44,0,14,0,85,,21117,44,0,14,0,85,,21118,44,0,14,0,45,,21119,44,0,14,0,85,,21120,44,0,14,0,85,,21121,44,0,14,0,85,,21122,44,0,14,0,45,,21123,44,0,14,0,85,,21124,44,0,14,0,85,,21125,44,0,14,0,85,,21126,44,0,14,0,45,,21127,44,0,14,0,85,,21128,44,0,14,0,85,,21129,44,0,14,0
722600,'1343',721,,21655,8,,,0,85,,21656,8,,,0,649,,21657,9,,,0,83,,21658,9,,,0
722600,'1344',721,,21659,8,,,0,85,,21660,8,,,0,649,,21661,9,,,0,83,,21662,9,,,0
722600,'1345',721,,21663,8,,,0,85,,21664,8,,,0,649,,21665,9,,,0,83,,21666,9,,,0
722600,'1346',721,,21667,8,,,0,85,,21668,8,,,0,649,,21669,9,,,0,83,,21670,9,,,0
722600,'1347',721,,21671,8,,,0,85,,21672,8,,,0,649,,21673,9,,,0,83,,21674,9,,,0
