1901,'1341',927,,17103,34,,,0,100,,17102,34,,,0,100,,17101,34,,,0,100,,17097,34,,,0,100,,17096,34,,,0,100,,17100,34,,,0,100,,17099,34,,,0,100,,17098,34,,,0,100,,17094,34,,,0,100,,17093,34,,,0,100,,17092,34,,,0,100,,17095,34,,,0
1901,'1342',827,,17104,34,,,0,100,,17105,34,,,0,100,,17106,34,,,0,30,,17107,34,,,0,70,,17108,34,,,0,30,,17109,34,,,0,70,,17110,34,,,0,30,,17111,34,,,0,70,,17112,34,,,0,30,,17113,34,,,0,70,,17114,34,,,0,30,,17115,34,,,0,70,,17116,34,,,0,30,,17117,34,,,0,70,,17118,34,,,0,30,,17119,34,,,0,70,,17120,34,,,0,30,,17121,34,,,0,70,,17122,34,,,0,30,,17123,34,,,0,70,,17124,34,,,0,30,,17125,34,,,0,70,,17126,34,,,0,100,,17127,34,,,0,100,,17128,34,,,0,100,,17129,34,,,0
1901,'1343',627,,17130,34,,,0,30,,17131,34,,,0,70,,17132,34,,,0,30,,17133,34,,,0,70,,17134,34,,,0,30,,17135,34,,,0,70,,17136,34,,,0,30,,17137,34,,,0,70,,17138,34,,,0,30,,17139,34,,,0,70,,17140,34,,,0,30,,17141,34,,,0,70,,17142,34,,,0,30,,17143,34,,,0,70,,17144,34,,,0,30,,17145,34,,,0,70,,17146,34,,,0,30,,17147,34,,,0,70,,17148,34,,,0,30,,17149,34,,,0,70,,17150,34,,,0,30,,17151,34,,,0,70,,17152,34,,,0,30,,17153,34,,,0,70,,17154,34,,,0,30,,17155,34,,,0,70,,17156,34,,,0,30,,17157,34,,,0,70,,17158,34,,,0,30,,17159,34,,,0,70,,17160,34,,,0,30,,17161,34,,,0,100,,17162,34,,,0,100,,17163,34,,,0
1901,'1344',627,,17164,34,,,0,30,,17165,34,,,0,70,,17166,34,,,0,30,,17167,34,,,0,70,,17168,34,,,0,30,,17169,34,,,0,70,,17170,34,,,0,30,,17171,34,,,0,70,,17172,34,,,0,30,,17173,34,,,0,70,,17174,34,,,0,30,,17175,34,,,0,70,,17176,34,,,0,30,,17177,34,,,0,70,,17178,34,,,0,30,,17179,34,,,0,70,,17180,34,,,0,30,,17181,34,,,0,70,,17182,34,,,0,30,,17183,34,,,0,70,,17184,34,,,0,30,,17185,34,,,0,70,,17186,34,,,0,30,,17187,34,,,0,70,,17188,34,,,0,30,,17189,34,,,0,70,,17190,34,,,0,30,,17191,34,,,0,70,,17192,34,,,0,30,,17193,34,,,0,70,,17194,34,,,0,30,,17195,34,,,0,100,,17196,34,,,0,100,,17197,34,,,0
1901,'1345',627,,17198,34,,,0,30,,17199,34,,,0,70,,17200,34,,,0,30,,17201,34,,,0,70,,17202,34,,,0,30,,17203,34,,,0,70,,17204,34,,,0,30,,17205,34,,,0,70,,17206,34,,,0,30,,17207,34,,,0,70,,17208,34,,,0,30,,17209,34,,,0,70,,17210,34,,,0,30,,17211,34,,,0,70,,17212,34,,,0,30,,17213,34,,,0,70,,17214,34,,,0,30,,17215,34,,,0,70,,17216,34,,,0,30,,17217,34,,,0,70,,17218,34,,,0,30,,17219,34,,,0,70,,17220,34,,,0,30,,17221,34,,,0,70,,17222,34,,,0,30,,17223,34,,,0,70,,17224,34,,,0,30,,17225,34,,,0,70,,17226,34,,,0,30,,17227,34,,,0,70,,17228,34,,,0,30,,17229,34,,,0,100,,17230,34,,,0,100,,17231,34,,,0
1901,'1346',627,,17232,34,,,0,30,,17233,34,,,0,70,,17234,34,,,0,30,,17235,34,,,0,70,,17236,34,,,0,30,,17237,34,,,0,70,,17238,34,,,0,30,,17239,34,,,0,70,,17240,34,,,0,30,,17241,34,,,0,70,,17242,34,,,0,30,,17243,34,,,0,70,,17244,34,,,0,30,,17245,34,,,0,70,,17246,34,,,0,30,,17247,34,,,0,70,,17248,34,,,0,30,,17249,34,,,0,70,,17250,34,,,0,30,,17251,34,,,0,70,,17252,34,,,0,30,,17253,34,,,0,70,,17254,34,,,0,30,,17255,34,,,0,70,,17256,34,,,0,30,,17257,34,,,0,70,,17258,34,,,0,30,,17259,34,,,0,70,,17260,34,,,0,30,,17261,34,,,0,70,,17262,34,,,0,30,,17263,34,,,0,100,,17264,34,,,0,100,,17265,34,,,0
1901,'1347',627,,17266,34,,,0,30,,17267,34,,,0,70,,17268,34,,,0,30,,17269,34,,,0,70,,17270,34,,,0,30,,17271,34,,,0,70,,17272,34,,,0,30,,17273,34,,,0,70,,17274,34,,,0,30,,17275,34,,,0,70,,17276,34,,,0,30,,17277,34,,,0,70,,17278,34,,,0,30,,17279,34,,,0,70,,17280,34,,,0,30,,17281,34,,,0,70,,17282,34,,,0,30,,17283,34,,,0,70,,17284,34,,,0,30,,17285,34,,,0,70,,17286,34,,,0,30,,17287,34,,,0,70,,17288,34,,,0,30,,17289,34,,,0,70,,17290,34,,,0,30,,17291,34,,,0,70,,17292,34,,,0,30,,17293,34,,,0,70,,17294,34,,,0,30,,17295,34,,,0,70,,17296,34,,,0,30,,17297,34,,,0,100,,17298,34,,,0,100,,17299,34,,,0
721404,'1341',907,,21016,9,0,14,0,110,,21015,9,0,14,0,110,,21014,9,0,14,0,110,,21013,9,0,14,0,110,,21012,9,0,14,0,110,,21011,9,0,14,0,150,,21010,9,0,14,0,110,,21009,9,0,14,0
721404,'1342',807,,21017,9,0,14,0,110,,21018,9,0,14,0,110,,21019,9,0,14,0,110,,21020,9,0,14,0,110,,21021,9,0,14,0,107,,21022,9,0,14,0,85,,21023,9,0,14,0,85,,21024,9,0,14,0,85,,21025,9,0,14,0,45,,21026,9,0,14,0,85,,21027,9,0,14,0,85,,21028,9,0,14,0,85,,21029,9,0,14,0
721404,'1343',628,,21030,9,0,14,0,96,,21031,9,0,14,0,85,,21032,9,0,14,0,45,,21033,9,0,14,0,85,,21034,9,0,14,0,85,,21035,9,0,14,0,85,,21036,9,0,14,0,45,,21037,9,0,14,0,85,,21038,9,0,14,0,85,,21039,9,0,14,0,85,,21040,9,0,14,0,45,,21041,9,0,14,0,85,,21042,9,0,14,0,85,,21043,9,0,14,0,85,,21044,9,0,14,0,45,,21045,9,0,14,0,85,,21046,9,0,14,0,85,,21047,9,0,14,0,85,,21048,9,0,14,0,45,,21049,9,0,14,0
721404,'1344',628,,21050,9,0,14,0,96,,21051,9,0,14,0,85,,21052,9,0,14,0,45,,21053,9,0,14,0,85,,21054,9,0,14,0,85,,21055,9,0,14,0,85,,21056,9,0,14,0,45,,21057,9,0,14,0,85,,21058,9,0,14,0,85,,21059,9,0,14,0,85,,21060,9,0,14,0,45,,21061,9,0,14,0,85,,21062,9,0,14,0,85,,21063,9,0,14,0,85,,21064,9,0,14,0,45,,21065,9,0,14,0,85,,21066,9,0,14,0,85,,21067,9,0,14,0,85,,21068,9,0,14,0,45,,21069,9,0,14,0
721404,'1345',628,,21070,9,0,14,0,96,,21071,9,0,14,0,85,,21072,9,0,14,0,45,,21073,9,0,14,0,85,,21074,9,0,14,0,85,,21075,9,0,14,0,85,,21076,9,0,14,0,45,,21077,9,0,14,0,85,,21078,9,0,14,0,85,,21079,9,0,14,0,85,,21080,9,0,14,0,45,,21081,9,0,14,0,85,,21082,9,0,14,0,85,,21083,9,0,14,0,85,,21084,9,0,14,0,45,,21085,9,0,14,0,85,,21086,9,0,14,0,85,,21087,9,0,14,0,85,,21088,9,0,14,0,45,,21089,9,0,14,0
721404,'1346',628,,21090,9,0,14,0,96,,21091,9,0,14,0,85,,21092,9,0,14,0,45,,21093,9,0,14,0,85,,21094,9,0,14,0,85,,21095,9,0,14,0,85,,21096,9,0,14,0,45,,21097,9,0,14,0,85,,21098,9,0,14,0,85,,21099,9,0,14,0,85,,21100,9,0,14,0,45,,21101,9,0,14,0,85,,21102,9,0,14,0,85,,21103,9,0,14,0,85,,21104,9,0,14,0,45,,21105,9,0,14,0,85,,21106,9,0,14,0,85,,21107,9,0,14,0,85,,21108,9,0,14,0,45,,21109,9,0,14,0
721404,'1347',628,,21110,9,0,14,0,96,,21111,9,0,14,0,85,,21112,9,0,14,0,45,,21113,9,0,14,0,85,,21114,9,0,14,0,85,,21115,9,0,14,0,85,,21116,9,0,14,0,45,,21117,9,0,14,0,85,,21118,9,0,14,0,85,,21119,9,0,14,0,85,,21120,9,0,14,0,45,,21121,9,0,14,0,85,,21122,9,0,14,0,85,,21123,9,0,14,0,85,,21124,9,0,14,0,45,,21125,9,0,14,0,85,,21126,9,0,14,0,85,,21127,9,0,14,0,85,,21128,9,0,14,0,45,,21129,9,0,14,0
