400101,'1348',1004,,25662,2,0,11,0,35,,25661,2,0,11,0,75,,25660,2,0,11,0,35,,25659,2,0,11,0,75,,25658,2,0,11,0,35,,25657,2,0,11,0,75,,25656,2,0,11,0,75,,25655,2,0,11,0,35,,25654,2,0,11,0,75,,25653,2,0,11,0,35,,25652,2,0,11,0,75,,25651,2,0,11,0,75,,25650,2,0,11,0,35,,25649,2,0,11,0,75,,25648,2,0,11,0,35,,25647,2,0,11,0
400101,'1349',829,,25663,2,0,11,0,75,,25664,2,0,11,0,35,,25665,2,0,11,0,75,,25666,2,0,11,0,35,,25667,2,0,11,0,75,,25668,2,0,11,0,35,,25669,2,0,11,0,75,,25670,2,0,11,0,75,,25671,2,0,11,0,35,,25672,2,0,11,0,75,,25673,2,0,11,0,35,,25674,2,0,11,0,75,,25675,2,0,11,0,75,,25676,2,0,11,0,35,,25677,2,0,11,0,75,,25678,2,0,11,0,35,,25679,2,0,11,0,75,,25680,2,0,11,0,35,,25681,2,0,11,0,75,,25682,2,0,11,0
400101,'1350',729,,25683,2,0,11,0,75,,25684,2,0,11,0,35,,25685,2,0,11,0,75,,25686,2,0,11,0,35,,25687,2,0,11,0,75,,25688,2,0,11,0,35,,25689,2,0,11,0,75,,25690,2,0,11,0,75,,25691,2,0,11,0,35,,25692,2,0,11,0,75,,25693,2,0,11,0,35,,25694,2,0,11,0,75,,25695,2,0,11,0,75,,25696,2,0,11,0,35,,25697,2,0,11,0,75,,25698,2,0,11,0,35,,25699,2,0,11,0,75,,25700,2,0,11,0,35,,25701,2,0,11,0,75,,25702,2,0,11,0,75,,25703,2,0,11,0,35,,25704,2,0,11,0,75,,25705,2,0,11,0,35,,25706,2,0,11,0,75,,25707,2,0,11,0,75,,25708,2,0,11,0,35,,25709,2,0,11,0
400101,'1351',729,,25710,2,0,11,0,75,,25711,2,0,11,0,35,,25712,2,0,11,0,75,,25713,2,0,11,0,35,,25714,2,0,11,0,75,,25715,2,0,11,0,35,,25716,2,0,11,0,75,,25717,2,0,11,0,75,,25718,2,0,11,0,35,,25719,2,0,11,0,75,,25720,2,0,11,0,35,,25721,2,0,11,0,75,,25722,2,0,11,0,75,,25723,2,0,11,0,35,,25724,2,0,11,0,75,,25725,2,0,11,0,35,,25726,2,0,11,0,75,,25727,2,0,11,0,35,,25728,2,0,11,0,75,,25729,2,0,11,0,75,,25730,2,0,11,0,35,,25731,2,0,11,0,75,,25732,2,0,11,0,35,,25733,2,0,11,0,75,,25734,2,0,11,0,75,,25735,2,0,11,0,35,,25736,2,0,11,0
400101,'1352',729,,25737,2,0,11,0,75,,25738,2,0,11,0,35,,25739,2,0,11,0,75,,25740,2,0,11,0,35,,25741,2,0,11,0,75,,25742,2,0,11,0,35,,25743,2,0,11,0,75,,25744,2,0,11,0,75,,25745,2,0,11,0,35,,25746,2,0,11,0,75,,25747,2,0,11,0,35,,25748,2,0,11,0,75,,25749,2,0,11,0,75,,25750,2,0,11,0,35,,25751,2,0,11,0,75,,25752,2,0,11,0,35,,25753,2,0,11,0,75,,25754,2,0,11,0,35,,25755,2,0,11,0,75,,25756,2,0,11,0,75,,25757,2,0,11,0,35,,25758,2,0,11,0,75,,25759,2,0,11,0,35,,25760,2,0,11,0,75,,25761,2,0,11,0,75,,25762,2,0,11,0,35,,25763,2,0,11,0
400101,'1353',729,,25764,2,0,11,0,75,,25765,2,0,11,0,35,,25766,2,0,11,0,75,,25767,2,0,11,0,35,,25768,2,0,11,0,75,,25769,2,0,11,0,35,,25770,2,0,11,0,75,,25771,2,0,11,0,75,,25772,2,0,11,0,35,,25773,2,0,11,0,75,,25774,2,0,11,0,35,,25775,2,0,11,0,75,,25776,2,0,11,0,75,,25777,2,0,11,0,35,,25778,2,0,11,0,75,,25779,2,0,11,0,35,,25780,2,0,11,0,75,,25781,2,0,11,0,35,,25782,2,0,11,0,75,,25783,2,0,11,0,75,,25784,2,0,11,0,35,,25785,2,0,11,0,75,,25786,2,0,11,0,35,,25787,2,0,11,0,75,,25788,2,0,11,0,75,,25789,2,0,11,0,35,,25790,2,0,11,0
400101,'1354',729,,25791,2,0,11,0,75,,25792,2,0,11,0,35,,25793,2,0,11,0,75,,25794,2,0,11,0,35,,25795,2,0,11,0,75,,25796,2,0,11,0,35,,25797,2,0,11,0,75,,25798,2,0,11,0,75,,25799,2,0,11,0,35,,25800,2,0,11,0,75,,25801,2,0,11,0,35,,25802,2,0,11,0,75,,25803,2,0,11,0,75,,25804,2,0,11,0,35,,25805,2,0,11,0,75,,25806,2,0,11,0,35,,25807,2,0,11,0,75,,25808,2,0,11,0,35,,25809,2,0,11,0,75,,25810,2,0,11,0,75,,25811,2,0,11,0,35,,25812,2,0,11,0,75,,25813,2,0,11,0,35,,25814,2,0,11,0,75,,25815,2,0,11,0,75,,25816,2,0,11,0,35,,25817,2,0,11,0
721203,'1348',1010,,27146,37,0,15,0,45,,27145,37,0,15,0,85,,27144,37,0,15,0,85,,27143,37,0,15,0,85,,27142,37,0,15,0,45,,27141,37,0,15,0,85,,27140,37,0,15,0,85,,27139,37,0,15,0,85,,27138,37,0,15,0,45,,27137,37,0,15,0,85,,27136,37,0,15,0,85,,27135,37,0,15,0,85,,27134,37,0,15,0,45,,27133,37,0,15,0
721203,'1349',710,,27147,37,0,15,0,45,,27148,37,0,15,0,85,,27149,37,0,15,0,85,,27150,37,0,15,0,85,,27151,37,0,15,0,45,,27152,37,0,15,0,70,,27153,37,0,15,0,30,,27154,37,0,15,0,70,,27155,37,0,15,0,30,,27156,37,0,15,0,70,,27157,37,0,15,0,30,,27158,37,0,15,0,70,,27159,37,0,15,0,30,,27160,37,0,15,0,70,,27161,37,0,15,0,30,,27162,37,0,15,0,70,,27163,37,0,15,0,30,,27164,37,0,15,0,70,,27165,37,0,15,0,30,,27166,37,0,15,0,70,,27167,37,0,15,0,30,,27168,37,0,15,0,85,,27169,37,0,15,0,85,,27170,37,0,15,0,85,,27171,37,0,15,0,45,,27172,37,0,15,0,85,,27173,37,0,15,0,85,,27174,37,0,15,0
721203,'1350',640,,27175,37,0,15,0,70,,27176,37,0,15,0,30,,27177,37,0,15,0,70,,27178,37,0,15,0,15,,27179,37,0,15,0,15,,27180,37,0,15,0,15,,27181,37,0,15,0,55,,27182,37,0,15,0,30,,27183,37,0,15,0,70,,27184,37,0,15,0,30,,27185,37,0,15,0,70,,27186,37,0,15,0,30,,27187,37,0,15,0,70,,27188,37,0,15,0,30,,27189,37,0,15,0,70,,27190,37,0,15,0,30,,27191,37,0,15,0,70,,27192,37,0,15,0,30,,27193,37,0,15,0,70,,27194,37,0,15,0,15,,27195,37,0,15,0,15,,27196,37,0,15,0,15,,27197,37,0,15,0,55,,27198,37,0,15,0,30,,27199,37,0,15,0,70,,27200,37,0,15,0,30,,27201,37,0,15,0,70,,27202,37,0,15,0,30,,27203,37,0,15,0,70,,27204,37,0,15,0,45,,27205,37,0,15,0,85,,27206,37,0,15,0,85,,27207,37,0,15,0,85,,27208,37,0,15,0,45,,27209,37,0,15,0,85,,27210,37,0,15,0
721203,'1351',640,,27211,37,0,15,0,70,,27212,37,0,15,0,30,,27213,37,0,15,0,70,,27214,37,0,15,0,15,,27215,37,0,15,0,15,,27216,37,0,15,0,15,,27217,37,0,15,0,55,,27218,37,0,15,0,30,,27219,37,0,15,0,70,,27220,37,0,15,0,30,,27221,37,0,15,0,70,,27222,37,0,15,0,30,,27223,37,0,15,0,70,,27224,37,0,15,0,30,,27225,37,0,15,0,70,,27226,37,0,15,0,30,,27227,37,0,15,0,70,,27228,37,0,15,0,30,,27229,37,0,15,0,70,,27230,37,0,15,0,15,,27231,37,0,15,0,15,,27232,37,0,15,0,15,,27233,37,0,15,0,55,,27234,37,0,15,0,30,,27235,37,0,15,0,70,,27236,37,0,15,0,30,,27237,37,0,15,0,70,,27238,37,0,15,0,30,,27239,37,0,15,0,70,,27240,37,0,15,0,45,,27241,37,0,15,0,85,,27242,37,0,15,0,85,,27243,37,0,15,0,85,,27244,37,0,15,0,45,,27245,37,0,15,0,85,,27246,37,0,15,0
721203,'1352',640,,27247,37,0,15,0,70,,27248,37,0,15,0,30,,27249,37,0,15,0,70,,27250,37,0,15,0,15,,27251,37,0,15,0,15,,27252,37,0,15,0,15,,27253,37,0,15,0,55,,27254,37,0,15,0,30,,27255,37,0,15,0,70,,27256,37,0,15,0,30,,27257,37,0,15,0,70,,27258,37,0,15,0,30,,27259,37,0,15,0,70,,27260,37,0,15,0,30,,27261,37,0,15,0,70,,27262,37,0,15,0,30,,27263,37,0,15,0,70,,27264,37,0,15,0,30,,27265,37,0,15,0,70,,27266,37,0,15,0,15,,27267,37,0,15,0,15,,27268,37,0,15,0,15,,27269,37,0,15,0,55,,27270,37,0,15,0,30,,27271,37,0,15,0,70,,27272,37,0,15,0,30,,27273,37,0,15,0,70,,27274,37,0,15,0,30,,27275,37,0,15,0,70,,27276,37,0,15,0,45,,27277,37,0,15,0,85,,27278,37,0,15,0,85,,27279,37,0,15,0,85,,27280,37,0,15,0,45,,27281,37,0,15,0,85,,27282,37,0,15,0
721203,'1353',640,,27283,37,0,15,0,70,,27284,37,0,15,0,30,,27285,37,0,15,0,70,,27286,37,0,15,0,15,,27287,37,0,15,0,15,,27288,37,0,15,0,15,,27289,37,0,15,0,55,,27290,37,0,15,0,30,,27291,37,0,15,0,70,,27292,37,0,15,0,30,,27293,37,0,15,0,70,,27294,37,0,15,0,30,,27295,37,0,15,0,70,,27296,37,0,15,0,30,,27297,37,0,15,0,70,,27298,37,0,15,0,30,,27299,37,0,15,0,70,,27300,37,0,15,0,30,,27301,37,0,15,0,70,,27302,37,0,15,0,15,,27303,37,0,15,0,15,,27304,37,0,15,0,15,,27305,37,0,15,0,55,,27306,37,0,15,0,30,,27307,37,0,15,0,70,,27308,37,0,15,0,30,,27309,37,0,15,0,70,,27310,37,0,15,0,30,,27311,37,0,15,0,70,,27312,37,0,15,0,45,,27313,37,0,15,0,85,,27314,37,0,15,0,85,,27315,37,0,15,0,85,,27316,37,0,15,0,45,,27317,37,0,15,0,85,,27318,37,0,15,0
721203,'1354',640,,27319,37,0,15,0,70,,27320,37,0,15,0,30,,27321,37,0,15,0,70,,27322,37,0,15,0,15,,27323,37,0,15,0,15,,27324,37,0,15,0,15,,27325,37,0,15,0,55,,27326,37,0,15,0,30,,27327,37,0,15,0,70,,27328,37,0,15,0,30,,27329,37,0,15,0,70,,27330,37,0,15,0,30,,27331,37,0,15,0,70,,27332,37,0,15,0,30,,27333,37,0,15,0,70,,27334,37,0,15,0,30,,27335,37,0,15,0,70,,27336,37,0,15,0,30,,27337,37,0,15,0,70,,27338,37,0,15,0,15,,27339,37,0,15,0,15,,27340,37,0,15,0,15,,27341,37,0,15,0,55,,27342,37,0,15,0,30,,27343,37,0,15,0,70,,27344,37,0,15,0,30,,27345,37,0,15,0,70,,27346,37,0,15,0,30,,27347,37,0,15,0,70,,27348,37,0,15,0,45,,27349,37,0,15,0,85,,27350,37,0,15,0,85,,27351,37,0,15,0,85,,27352,37,0,15,0,45,,27353,37,0,15,0,85,,27354,37,0,15,0
