1901,'1355',928,,31507,35,,,0,100,,31506,35,,,0,100,,31505,35,,,0,100,,31504,35,,,0,100,,31503,35,,,0,100,,31502,35,,,0,100,,31501,35,,,0,100,,31500,35,,,0,100,,31499,35,,,0,100,,31498,35,,,0,100,,31497,35,,,0,100,,31496,35,,,0
1901,'1356',828,,31508,35,,,0,100,,31509,35,,,0,100,,31510,35,,,0,30,,31511,35,,,0,70,,31512,35,,,0,30,,31513,35,,,0,70,,31514,35,,,0,30,,31515,35,,,0,70,,31516,35,,,0,30,,31517,35,,,0,70,,31518,35,,,0,30,,31519,35,,,0,70,,31520,35,,,0,30,,31521,35,,,0,70,,31522,35,,,0,30,,31523,35,,,0,70,,31524,35,,,0,30,,31525,35,,,0,70,,31526,35,,,0,30,,31527,35,,,0,70,,31528,35,,,0,30,,31529,35,,,0,70,,31530,35,,,0,100,,31531,35,,,0,100,,31532,35,,,0,100,,31533,35,,,0
1901,'1357',628,,31534,35,,,0,30,,31535,35,,,0,70,,31536,35,,,0,30,,31537,35,,,0,70,,31538,35,,,0,30,,31539,35,,,0,70,,31540,35,,,0,30,,31541,35,,,0,70,,31542,35,,,0,30,,31543,35,,,0,70,,31544,35,,,0,30,,31545,35,,,0,70,,31546,35,,,0,30,,31547,35,,,0,70,,31548,35,,,0,30,,31549,35,,,0,70,,31550,35,,,0,30,,31551,35,,,0,70,,31552,35,,,0,30,,31553,35,,,0,70,,31554,35,,,0,30,,31555,35,,,0,70,,31556,35,,,0,30,,31557,35,,,0,70,,31558,35,,,0,30,,31559,35,,,0,70,,31560,35,,,0,30,,31561,35,,,0,70,,31562,35,,,0,30,,31563,35,,,0,70,,31564,35,,,0,30,,31565,35,,,0,100,,31566,35,,,0,100,,31567,35,,,0
1901,'1358',628,,31568,35,,,0,30,,31569,35,,,0,70,,31570,35,,,0,30,,31571,35,,,0,70,,31572,35,,,0,30,,31573,35,,,0,70,,31574,35,,,0,30,,31575,35,,,0,70,,31576,35,,,0,30,,31577,35,,,0,70,,31578,35,,,0,30,,31579,35,,,0,70,,31580,35,,,0,30,,31581,35,,,0,70,,31582,35,,,0,30,,31583,35,,,0,70,,31584,35,,,0,30,,31585,35,,,0,70,,31586,35,,,0,30,,31587,35,,,0,70,,31588,35,,,0,30,,31589,35,,,0,70,,31590,35,,,0,30,,31591,35,,,0,70,,31592,35,,,0,30,,31593,35,,,0,70,,31594,35,,,0,30,,31595,35,,,0,70,,31596,35,,,0,30,,31597,35,,,0,70,,31598,35,,,0,30,,31599,35,,,0,100,,31600,35,,,0,100,,31601,35,,,0
1901,'1359',628,,31602,35,,,0,30,,31603,35,,,0,70,,31604,35,,,0,30,,31605,35,,,0,70,,31606,35,,,0,30,,31607,35,,,0,70,,31608,35,,,0,30,,31609,35,,,0,70,,31610,35,,,0,30,,31611,35,,,0,70,,31612,35,,,0,30,,31613,35,,,0,70,,31614,35,,,0,30,,31615,35,,,0,70,,31616,35,,,0,30,,31617,35,,,0,70,,31618,35,,,0,30,,31619,35,,,0,70,,31620,35,,,0,30,,31621,35,,,0,70,,31622,35,,,0,30,,31623,35,,,0,70,,31624,35,,,0,30,,31625,35,,,0,70,,31626,35,,,0,30,,31627,35,,,0,70,,31628,35,,,0,30,,31629,35,,,0,70,,31630,35,,,0,30,,31631,35,,,0,70,,31632,35,,,0,30,,31633,35,,,0,100,,31634,35,,,0,100,,31635,35,,,0
1901,'1360',628,,31636,35,,,0,30,,31637,35,,,0,70,,31638,35,,,0,30,,31639,35,,,0,70,,31640,35,,,0,30,,31641,35,,,0,70,,31642,35,,,0,30,,31643,35,,,0,70,,31644,35,,,0,30,,31645,35,,,0,70,,31646,35,,,0,30,,31647,35,,,0,70,,31648,35,,,0,30,,31649,35,,,0,70,,31650,35,,,0,30,,31651,35,,,0,70,,31652,35,,,0,30,,31653,35,,,0,70,,31654,35,,,0,30,,31655,35,,,0,70,,31656,35,,,0,30,,31657,35,,,0,70,,31658,35,,,0,30,,31659,35,,,0,70,,31660,35,,,0,30,,31661,35,,,0,70,,31662,35,,,0,30,,31663,35,,,0,70,,31664,35,,,0,30,,31665,35,,,0,70,,31666,35,,,0,30,,31667,35,,,0,100,,31668,35,,,0,100,,31669,35,,,0
1901,'1361',628,,31670,35,,,0,30,,31671,35,,,0,70,,31672,35,,,0,30,,31673,35,,,0,70,,31674,35,,,0,30,,31675,35,,,0,70,,31676,35,,,0,30,,31677,35,,,0,70,,31678,35,,,0,30,,31679,35,,,0,70,,31680,35,,,0,30,,31681,35,,,0,70,,31682,35,,,0,30,,31683,35,,,0,70,,31684,35,,,0,30,,31685,35,,,0,70,,31686,35,,,0,30,,31687,35,,,0,70,,31688,35,,,0,30,,31689,35,,,0,70,,31690,35,,,0,30,,31691,35,,,0,70,,31692,35,,,0,30,,31693,35,,,0,70,,31694,35,,,0,30,,31695,35,,,0,70,,31696,35,,,0,30,,31697,35,,,0,70,,31698,35,,,0,30,,31699,35,,,0,70,,31700,35,,,0,30,,31701,35,,,0,100,,31702,35,,,0,100,,31703,35,,,0
721404,'1355',908,,35420,10,0,14,0,110,,35419,10,0,14,0,110,,35418,10,0,14,0,110,,35417,10,0,14,0,110,,35416,10,0,14,0,110,,35415,10,0,14,0,150,,35414,10,0,14,0,110,,35413,10,0,14,0
721404,'1356',808,,35421,10,0,14,0,110,,35422,10,0,14,0,110,,35423,10,0,14,0,110,,35424,10,0,14,0,110,,35425,10,0,14,0,107,,35426,10,0,14,0,85,,35427,10,0,14,0,85,,35428,10,0,14,0,85,,35429,10,0,14,0,45,,35430,10,0,14,0,85,,35431,10,0,14,0,85,,35432,10,0,14,0,85,,35433,10,0,14,0
721404,'1357',629,,35434,10,0,14,0,95,,35435,10,0,14,0,85,,35436,10,0,14,0,45,,35437,10,0,14,0,85,,35438,10,0,14,0,85,,35439,10,0,14,0,85,,35440,10,0,14,0,45,,35441,10,0,14,0,85,,35442,10,0,14,0,85,,35443,10,0,14,0,85,,35444,10,0,14,0,45,,35445,10,0,14,0,85,,35446,10,0,14,0,85,,35447,10,0,14,0,85,,35448,10,0,14,0,45,,35449,10,0,14,0,85,,35450,10,0,14,0,85,,35451,10,0,14,0,85,,35452,10,0,14,0,45,,35453,10,0,14,0
721404,'1358',629,,35454,10,0,14,0,95,,35455,10,0,14,0,85,,35456,10,0,14,0,45,,35457,10,0,14,0,85,,35458,10,0,14,0,85,,35459,10,0,14,0,85,,35460,10,0,14,0,45,,35461,10,0,14,0,85,,35462,10,0,14,0,85,,35463,10,0,14,0,85,,35464,10,0,14,0,45,,35465,10,0,14,0,85,,35466,10,0,14,0,85,,35467,10,0,14,0,85,,35468,10,0,14,0,45,,35469,10,0,14,0,85,,35470,10,0,14,0,85,,35471,10,0,14,0,85,,35472,10,0,14,0,45,,35473,10,0,14,0
721404,'1359',629,,35474,10,0,14,0,95,,35475,10,0,14,0,85,,35476,10,0,14,0,45,,35477,10,0,14,0,85,,35478,10,0,14,0,85,,35479,10,0,14,0,85,,35480,10,0,14,0,45,,35481,10,0,14,0,85,,35482,10,0,14,0,85,,35483,10,0,14,0,85,,35484,10,0,14,0,45,,35485,10,0,14,0,85,,35486,10,0,14,0,85,,35487,10,0,14,0,85,,35488,10,0,14,0,45,,35489,10,0,14,0,85,,35490,10,0,14,0,85,,35491,10,0,14,0,85,,35492,10,0,14,0,45,,35493,10,0,14,0
721404,'1360',629,,35494,10,0,14,0,95,,35495,10,0,14,0,85,,35496,10,0,14,0,45,,35497,10,0,14,0,85,,35498,10,0,14,0,85,,35499,10,0,14,0,85,,35500,10,0,14,0,45,,35501,10,0,14,0,85,,35502,10,0,14,0,85,,35503,10,0,14,0,85,,35504,10,0,14,0,45,,35505,10,0,14,0,85,,35506,10,0,14,0,85,,35507,10,0,14,0,85,,35508,10,0,14,0,45,,35509,10,0,14,0,85,,35510,10,0,14,0,85,,35511,10,0,14,0,85,,35512,10,0,14,0,45,,35513,10,0,14,0
721404,'1361',629,,35514,10,0,14,0,95,,35515,10,0,14,0,85,,35516,10,0,14,0,45,,35517,10,0,14,0,85,,35518,10,0,14,0,85,,35519,10,0,14,0,85,,35520,10,0,14,0,45,,35521,10,0,14,0,85,,35522,10,0,14,0,85,,35523,10,0,14,0,85,,35524,10,0,14,0,45,,35525,10,0,14,0,85,,35526,10,0,14,0,85,,35527,10,0,14,0,85,,35528,10,0,14,0,45,,35529,10,0,14,0,85,,35530,10,0,14,0,85,,35531,10,0,14,0,85,,35532,10,0,14,0,45,,35533,10,0,14,0
