'1306',643504,92400,0,'S',0,10000,0,'S',0,3000,0,'S',0,7000,0,'S',0,3000,0,'S',0,7000,0,'S',0,3000,0,'S',0,7000,0,'S',0,3000,0,'S',0,7000,0,'S',0,3000,0,'S',0,7000,0,'S',0,3000,0,'S',0,7000,0,'S',0,3000,0,'S',0,7000,0,'S',0,3000,0,'S',0,7000,0,'S',0,3000,0,'S',0,7000,0,'S',0
'1307',643504,72400,0,'S',0,10000,0,'S',0,10000,0,'S',0,3000,0,'S',0,7000,0,'S',0,3000,0,'S',0,7000,0,'S',0,3000,0,'S',0,7000,0,'S',0,3000,0,'S',0,7000,0,'S',0,3000,0,'S',0,7000,0,'S',0,3000,0,'S',0,7000,0,'S',0,3000,0,'S',0,7000,0,'S',0,3000,0,'S',0,7000,0,'S',0,3000,0,'S',0,7000,0,'S',0,3000,0,'S',0,7000,0,'S',0,3000,0,'S',0,7000,0,'S',0,10000,0,'S',0,10000,0,'S',0
'1308',643504,62400,0,'S',0,3000,0,'S',0,6000,0,'S',0,1700,0,'S',0,1500,0,'S',0,5500,0,'S',0,1500,0,'S',0,1500,0,'S',0,1500,0,'S',0,5500,0,'S',0,1300,0,'S',0,1700,0,'S',0,2000,0,'S',0,6000,0,'S',0,2000,0,'S',0,2000,0,'S',0,6000,0,'S',0,2000,0,'S',0,2000,0,'S',0,6000,0,'S',0,2000,0,'S',0,2000,0,'S',0,6000,0,'S',0,2000,0,'S',0,2000,0,'S',0,6000,0,'S',0,2000,0,'S',0,2000,0,'S',0,5000,0,'S',0,1000,0,'S',0,2000,0,'S',0,1000,0,'S',0,1000,0,'S',0,6000,0,'S',0,1000,0,'S',0,1000,0,'S',0,2000,0,'S',0,6000,0,'S',0,2000,0,'S',0,2000,0,'S',0,6000,0,'S',0,2000,0,'S',0,2000,0,'S',0,6000,0,'S',0,1300,0,'S',0,3000,0,'S',0,7000,0,'S',0,3000,0,'S',0,7000,0,'S',0,3000,0,'S',0,7000,0,'S',0,3000,0,'S',0,7000,0,'S',0
'1309',643504,62400,0,'S',0,3000,0,'S',0,6000,0,'S',0,1700,0,'S',0,1500,0,'S',0,5500,0,'S',0,1500,0,'S',0,1500,0,'S',0,1500,0,'S',0,5500,0,'S',0,1300,0,'S',0,1700,0,'S',0,2000,0,'S',0,6000,0,'S',0,2000,0,'S',0,2000,0,'S',0,6000,0,'S',0,2000,0,'S',0,2000,0,'S',0,6000,0,'S',0,2000,0,'S',0,2000,0,'S',0,6000,0,'S',0,2000,0,'S',0,2000,0,'S',0,6000,0,'S',0,2000,0,'S',0,2000,0,'S',0,5000,0,'S',0,1000,0,'S',0,2000,0,'S',0,1000,0,'S',0,1000,0,'S',0,6000,0,'S',0,1000,0,'S',0,1000,0,'S',0,2000,0,'S',0,6000,0,'S',0,2000,0,'S',0,2000,0,'S',0,6000,0,'S',0,2000,0,'S',0,2000,0,'S',0,6000,0,'S',0,1300,0,'S',0,3000,0,'S',0,7000,0,'S',0,3000,0,'S',0,7000,0,'S',0,3000,0,'S',0,7000,0,'S',0,3000,0,'S',0,7000,0,'S',0
'1310',643504,62400,0,'S',0,3000,0,'S',0,6000,0,'S',0,1700,0,'S',0,1500,0,'S',0,5500,0,'S',0,1500,0,'S',0,1500,0,'S',0,1500,0,'S',0,5500,0,'S',0,1300,0,'S',0,1700,0,'S',0,2000,0,'S',0,6000,0,'S',0,2000,0,'S',0,2000,0,'S',0,6000,0,'S',0,2000,0,'S',0,2000,0,'S',0,6000,0,'S',0,2000,0,'S',0,2000,0,'S',0,6000,0,'S',0,2000,0,'S',0,2000,0,'S',0,6000,0,'S',0,2000,0,'S',0,2000,0,'S',0,5000,0,'S',0,1000,0,'S',0,2000,0,'S',0,1000,0,'S',0,1000,0,'S',0,6000,0,'S',0,1000,0,'S',0,1000,0,'S',0,2000,0,'S',0,6000,0,'S',0,2000,0,'S',0,2000,0,'S',0,6000,0,'S',0,2000,0,'S',0,2000,0,'S',0,6000,0,'S',0,1300,0,'S',0,3000,0,'S',0,7000,0,'S',0,3000,0,'S',0,7000,0,'S',0,3000,0,'S',0,7000,0,'S',0,3000,0,'S',0,7000,0,'S',0
'1311',643504,62400,0,'S',0,3000,0,'S',0,6000,0,'S',0,1700,0,'S',0,1500,0,'S',0,5500,0,'S',0,1500,0,'S',0,1500,0,'S',0,1500,0,'S',0,5500,0,'S',0,1300,0,'S',0,1700,0,'S',0,2000,0,'S',0,6000,0,'S',0,2000,0,'S',0,2000,0,'S',0,6000,0,'S',0,2000,0,'S',0,2000,0,'S',0,6000,0,'S',0,2000,0,'S',0,2000,0,'S',0,6000,0,'S',0,2000,0,'S',0,2000,0,'S',0,6000,0,'S',0,2000,0,'S',0,2000,0,'S',0,5000,0,'S',0,1000,0,'S',0,2000,0,'S',0,1000,0,'S',0,1000,0,'S',0,6000,0,'S',0,1000,0,'S',0,1000,0,'S',0,2000,0,'S',0,6000,0,'S',0,2000,0,'S',0,2000,0,'S',0,6000,0,'S',0,2000,0,'S',0,2000,0,'S',0,6000,0,'S',0,1300,0,'S',0,3000,0,'S',0,7000,0,'S',0,3000,0,'S',0,7000,0,'S',0,3000,0,'S',0,7000,0,'S',0,3000,0,'S',0,7000,0,'S',0
'1312',643504,62400,0,'S',0,3000,0,'S',0,6000,0,'S',0,1700,0,'S',0,1500,0,'S',0,5500,0,'S',0,1500,0,'S',0,1500,0,'S',0,1500,0,'S',0,5500,0,'S',0,1300,0,'S',0,1700,0,'S',0,2000,0,'S',0,6000,0,'S',0,2000,0,'S',0,2000,0,'S',0,6000,0,'S',0,2000,0,'S',0,2000,0,'S',0,6000,0,'S',0,2000,0,'S',0,2000,0,'S',0,6000,0,'S',0,2000,0,'S',0,2000,0,'S',0,6000,0,'S',0,2000,0,'S',0,2000,0,'S',0,5000,0,'S',0,1000,0,'S',0,2000,0,'S',0,1000,0,'S',0,1000,0,'S',0,6000,0,'S',0,1000,0,'S',0,1000,0,'S',0,2000,0,'S',0,6000,0,'S',0,2000,0,'S',0,2000,0,'S',0,6000,0,'S',0,2000,0,'S',0,2000,0,'S',0,6000,0,'S',0,1300,0,'S',0,3000,0,'S',0,7000,0,'S',0,3000,0,'S',0,7000,0,'S',0,3000,0,'S',0,7000,0,'S',0,3000,0,'S',0,7000,0,'S',0
'1306',721203,94900,0,'N',0,8500,0,'N',0,8500,0,'N',0,8500,0,'N',0,4500,0,'N',0,8500,0,'N',0,8500,0,'N',0,8500,0,'N',0,4500,0,'N',0,8500,0,'N',0,8500,0,'N',0,8500,0,'N',0,4500,0,'N',0,8500,0,'N',0
'1307',721203,64900,0,'N',0,8500,0,'N',0,8500,0,'N',0,8500,0,'N',0,4500,0,'N',0,8500,0,'N',0,7000,0,'N',0,3000,0,'N',0,7000,0,'N',0,3000,0,'N',0,7000,0,'N',0,3000,0,'N',0,7000,0,'N',0,3000,0,'N',0,7000,0,'N',0,3000,0,'N',0,7000,0,'N',0,3000,0,'N',0,7000,0,'N',0,3000,0,'N',0,7000,0,'N',0,3000,0,'N',0,8500,0,'N',0,8500,0,'N',0,4500,0,'N',0,8500,0,'N',0,8500,0,'N',0,8500,0,'N',0
'1308',721203,61900,0,'N',0,3000,0,'N',0,7000,0,'N',0,3000,0,'N',0,5500,0,'N',0,1500,0,'N',0,1500,0,'N',0,1500,0,'N',0,7000,0,'N',0,3000,0,'N',0,7000,0,'N',0,3000,0,'N',0,7000,0,'N',0,3000,0,'N',0,7000,0,'N',0,3000,0,'N',0,7000,0,'N',0,3000,0,'N',0,7000,0,'N',0,3000,0,'N',0,5500,0,'N',0,1500,0,'N',0,1500,0,'N',0,1500,0,'N',0,7000,0,'N',0,3000,0,'N',0,7000,0,'N',0,3000,0,'N',0,7000,0,'N',0,3000,0,'N',0,8500,0,'N',0,8500,0,'N',0,8500,0,'N',0,4500,0,'N',0,8500,0,'N',0,8500,0,'N',0
'1309',721203,61900,0,'N',0,3000,0,'N',0,7000,0,'N',0,3000,0,'N',0,5500,0,'N',0,1500,0,'N',0,1500,0,'N',0,1500,0,'N',0,7000,0,'N',0,3000,0,'N',0,7000,0,'N',0,3000,0,'N',0,7000,0,'N',0,3000,0,'N',0,7000,0,'N',0,3000,0,'N',0,7000,0,'N',0,3000,0,'N',0,7000,0,'N',0,3000,0,'N',0,5500,0,'N',0,1500,0,'N',0,1500,0,'N',0,1500,0,'N',0,7000,0,'N',0,3000,0,'N',0,7000,0,'N',0,3000,0,'N',0,7000,0,'N',0,3000,0,'N',0,8500,0,'N',0,8500,0,'N',0,8500,0,'N',0,4500,0,'N',0,8500,0,'N',0,8500,0,'N',0
'1310',721203,61900,0,'N',0,3000,0,'N',0,7000,0,'N',0,3000,0,'N',0,5500,0,'N',0,1500,0,'N',0,1500,0,'N',0,1500,0,'N',0,7000,0,'N',0,3000,0,'N',0,7000,0,'N',0,3000,0,'N',0,7000,0,'N',0,3000,0,'N',0,7000,0,'N',0,3000,0,'N',0,7000,0,'N',0,3000,0,'N',0,7000,0,'N',0,3000,0,'N',0,5500,0,'N',0,1500,0,'N',0,1500,0,'N',0,1500,0,'N',0,7000,0,'N',0,3000,0,'N',0,7000,0,'N',0,3000,0,'N',0,7000,0,'N',0,3000,0,'N',0,8500,0,'N',0,8500,0,'N',0,8500,0,'N',0,4500,0,'N',0,8500,0,'N',0,8500,0,'N',0
'1311',721203,61900,0,'N',0,3000,0,'N',0,7000,0,'N',0,3000,0,'N',0,5500,0,'N',0,1500,0,'N',0,1500,0,'N',0,1500,0,'N',0,7000,0,'N',0,3000,0,'N',0,7000,0,'N',0,3000,0,'N',0,7000,0,'N',0,3000,0,'N',0,7000,0,'N',0,3000,0,'N',0,7000,0,'N',0,3000,0,'N',0,7000,0,'N',0,3000,0,'N',0,5500,0,'N',0,1500,0,'N',0,1500,0,'N',0,1500,0,'N',0,7000,0,'N',0,3000,0,'N',0,7000,0,'N',0,3000,0,'N',0,7000,0,'N',0,3000,0,'N',0,8500,0,'N',0,8500,0,'N',0,8500,0,'N',0,4500,0,'N',0,8500,0,'N',0,8500,0,'N',0
'1312',721203,61900,0,'N',0,3000,0,'N',0,7000,0,'N',0,3000,0,'N',0,5500,0,'N',0,1500,0,'N',0,1500,0,'N',0,1500,0,'N',0,7000,0,'N',0,3000,0,'N',0,7000,0,'N',0,3000,0,'N',0,7000,0,'N',0,3000,0,'N',0,7000,0,'N',0,3000,0,'N',0,7000,0,'N',0,3000,0,'N',0,7000,0,'N',0,3000,0,'N',0,5500,0,'N',0,1500,0,'N',0,1500,0,'N',0,1500,0,'N',0,7000,0,'N',0,3000,0,'N',0,7000,0,'N',0,3000,0,'N',0,7000,0,'N',0,3000,0,'N',0,8500,0,'N',0,8500,0,'N',0,8500,0,'N',0,4500,0,'N',0,8500,0,'N',0,8500,0,'N',0
