721303,'1320',845,,5949,0,6,0,80,,5948,0,6,0,80,,5947,0,6,0,40,,5946,0,6,0,80,,5945,0,6,0,80,,5944,0,6,0,40,,5943,0,6,0,80,,5942,0,6,0,80,,5941,0,6,0,40,,5940,0,6,0,80,,5939,0,6,0,80,,5938,0,6,0,40,,5937,0,6,0,80,,5936,0,6,0,80,,5935,0,6,0,40,,5934,0,6,0,80,,5933,0,6,0,80,,5932,0,6,0
721303,'1321',645,,5950,0,6,0,80,,5951,0,6,0,80,,5952,0,6,0,40,,5953,0,6,0,80,,5954,0,6,0,80,,5955,0,6,0,40,,5956,0,6,0,80,,5957,0,6,0,80,,5958,0,6,0,20,,5959,0,6,0,20,,5960,0,6,0,60,,5961,0,6,0,20,,5962,0,6,0,20,,5963,0,6,0,60,,5964,0,6,0,20,,5965,0,6,0,20,,5966,0,6,0,60,,5967,0,6,0,20,,5968,0,6,0,20,,5969,0,6,0,60,,5970,0,6,0,20,,5971,0,6,0,20,,5972,0,6,0,60,,5973,0,6,0,20,,5974,0,6,0,20,,5975,0,6,0,60,,5976,0,6,0,20,,5977,0,6,0,20,,5978,0,6,0,80,,5979,0,6,0,80,,5980,0,6,0,40,,5981,0,6,0,80,,5982,0,6,0,80,,5983,0,6,0,40,,5984,0,6,0,80,,5985,0,6,0
721303,'1322',619,,5986,0,6,0,85,,5987,0,6,0,20,,5988,0,6,0,25,,5989,0,6,0,60,,5990,0,6,0,25,,5991,0,6,0,20,,5992,0,6,0,65,,5993,0,6,0,20,,5994,0,6,0,65,,5995,0,6,0,20,,5996,0,6,0,25,,5997,0,6,0,60,,5998,0,6,0,25,,5999,0,6,0,20,,6000,0,6,0,65,,6001,0,6,0,20,,6002,0,6,0,65,,6003,0,6,0,20,,6004,0,6,0,25,,6005,0,6,0,60,,6006,0,6,0,25,,6007,0,6,0,20,,6008,0,6,0,65,,6009,0,6,0,20,,6010,0,6,0,65,,6011,0,6,0,20,,6012,0,6,0,25,,6013,0,6,0,60,,6014,0,6,0,25,,6015,0,6,0,20,,6016,0,6,0,65,,6017,0,6,0,20,,6018,0,6,0,69,,6019,0,6,0,37,,6020,0,6,0,80,,6021,0,6,0,80,,6022,0,6,0,40,,6023,0,6,0,80,,6024,0,6,0,80,,6025,0,6,0,40,,6026,0,6,0
721303,'1323',619,,6027,0,6,0,85,,6028,0,6,0,20,,6029,0,6,0,25,,6030,0,6,0,60,,6031,0,6,0,25,,6032,0,6,0,20,,6033,0,6,0,65,,6034,0,6,0,20,,6035,0,6,0,65,,6036,0,6,0,20,,6037,0,6,0,25,,6038,0,6,0,60,,6039,0,6,0,25,,6040,0,6,0,20,,6041,0,6,0,65,,6042,0,6,0,20,,6043,0,6,0,65,,6044,0,6,0,20,,6045,0,6,0,25,,6046,0,6,0,60,,6047,0,6,0,25,,6048,0,6,0,20,,6049,0,6,0,65,,6050,0,6,0,20,,6051,0,6,0,65,,6052,0,6,0,20,,6053,0,6,0,25,,6054,0,6,0,60,,6055,0,6,0,25,,6056,0,6,0,20,,6057,0,6,0,65,,6058,0,6,0,20,,6059,0,6,0,69,,6060,0,6,0,37,,6061,0,6,0,80,,6062,0,6,0,80,,6063,0,6,0,40,,6064,0,6,0,80,,6065,0,6,0,80,,6066,0,6,0,40,,6067,0,6,0
721303,'1324',619,,6068,0,6,0,85,,6069,0,6,0,20,,6070,0,6,0,25,,6071,0,6,0,60,,6072,0,6,0,25,,6073,0,6,0,20,,6074,0,6,0,65,,6075,0,6,0,20,,6076,0,6,0,65,,6077,0,6,0,20,,6078,0,6,0,25,,6079,0,6,0,60,,6080,0,6,0,25,,6081,0,6,0,20,,6082,0,6,0,65,,6083,0,6,0,20,,6084,0,6,0,65,,6085,0,6,0,20,,6086,0,6,0,25,,6087,0,6,0,60,,6088,0,6,0,25,,6089,0,6,0,20,,6090,0,6,0,65,,6091,0,6,0,20,,6092,0,6,0,65,,6093,0,6,0,20,,6094,0,6,0,25,,6095,0,6,0,60,,6096,0,6,0,25,,6097,0,6,0,20,,6098,0,6,0,65,,6099,0,6,0,20,,6100,0,6,0,69,,6101,0,6,0,37,,6102,0,6,0,80,,6103,0,6,0,80,,6104,0,6,0,40,,6105,0,6,0,80,,6106,0,6,0,80,,6107,0,6,0,40,,6108,0,6,0
721303,'1325',619,,6109,0,6,0,85,,6110,0,6,0,20,,6111,0,6,0,25,,6112,0,6,0,60,,6113,0,6,0,25,,6114,0,6,0,20,,6115,0,6,0,65,,6116,0,6,0,20,,6117,0,6,0,65,,6118,0,6,0,20,,6119,0,6,0,25,,6120,0,6,0,60,,6121,0,6,0,25,,6122,0,6,0,20,,6123,0,6,0,65,,6124,0,6,0,20,,6125,0,6,0,65,,6126,0,6,0,20,,6127,0,6,0,25,,6128,0,6,0,60,,6129,0,6,0,25,,6130,0,6,0,20,,6131,0,6,0,65,,6132,0,6,0,20,,6133,0,6,0,65,,6134,0,6,0,20,,6135,0,6,0,25,,6136,0,6,0,60,,6137,0,6,0,25,,6138,0,6,0,20,,6139,0,6,0,65,,6140,0,6,0,20,,6141,0,6,0,69,,6142,0,6,0,37,,6143,0,6,0,80,,6144,0,6,0,80,,6145,0,6,0,40,,6146,0,6,0,80,,6147,0,6,0,80,,6148,0,6,0,40,,6149,0,6,0
721303,'1326',619,,6150,0,6,0,85,,6151,0,6,0,20,,6152,0,6,0,25,,6153,0,6,0,60,,6154,0,6,0,25,,6155,0,6,0,20,,6156,0,6,0,65,,6157,0,6,0,20,,6158,0,6,0,65,,6159,0,6,0,20,,6160,0,6,0,25,,6161,0,6,0,60,,6162,0,6,0,25,,6163,0,6,0,20,,6164,0,6,0,65,,6165,0,6,0,20,,6166,0,6,0,65,,6167,0,6,0,20,,6168,0,6,0,25,,6169,0,6,0,60,,6170,0,6,0,25,,6171,0,6,0,20,,6172,0,6,0,65,,6173,0,6,0,20,,6174,0,6,0,65,,6175,0,6,0,20,,6176,0,6,0,25,,6177,0,6,0,60,,6178,0,6,0,25,,6179,0,6,0,20,,6180,0,6,0,65,,6181,0,6,0,20,,6182,0,6,0,69,,6183,0,6,0,37,,6184,0,6,0,80,,6185,0,6,0,80,,6186,0,6,0,40,,6187,0,6,0,80,,6188,0,6,0,80,,6189,0,6,0,40,,6190,0,6,0
721502,'1320',859,,6872,0,8,0,100,,6871,0,8,0,100,,6870,0,8,0,100,,6869,0,8,0,100,,6868,0,8,0,100,,6867,0,8,0,100,,6866,0,8,0,100,,6865,0,8,0,100,,6864,0,8,0,100,,6863,0,8,0,100,,6862,0,8,0
721502,'1321',659,,6873,0,8,0,100,,6874,0,8,0,100,,6875,0,8,0,100,,6876,0,8,0,100,,6877,0,8,0,100,,6878,0,8,0,100,,6879,0,8,0,70,,6880,0,8,0,30,,6881,0,8,0,70,,6882,0,8,0,30,,6883,0,8,0,70,,6884,0,8,0,30,,6885,0,8,0,70,,6886,0,8,0,30,,6887,0,8,0,70,,6888,0,8,0,30,,6889,0,8,0,70,,6890,0,8,0,30,,6891,0,8,0
721502,'1322',659,,6892,0,8,0,70,,6893,0,8,0,30,,6894,0,8,0,70,,6895,0,8,0,30,,6896,0,8,0,70,,6897,0,8,0,30,,6898,0,8,0,70,,6899,0,8,0,30,,6900,0,8,0,70,,6901,0,8,0,30,,6902,0,8,0,70,,6903,0,8,0,30,,6904,0,8,0,70,,6905,0,8,0,30,,6906,0,8,0,70,,6907,0,8,0,30,,6908,0,8,0,70,,6909,0,8,0,30,,6910,0,8,0,70,,6911,0,8,0,30,,6912,0,8,0,70,,6913,0,8,0,30,,6914,0,8,0,70,,6915,0,8,0,30,,6916,0,8,0,100,,6917,0,8,0,100,,6918,0,8,0,100,,6919,0,8,0
721502,'1323',659,,6921,0,8,0,70,,6922,0,8,0,30,,6923,0,8,0,70,,6924,0,8,0,30,,6925,0,8,0,70,,6926,0,8,0,30,,6927,0,8,0,70,,6928,0,8,0,30,,6929,0,8,0,70,,6930,0,8,0,30,,6931,0,8,0,70,,6932,0,8,0,30,,6933,0,8,0,70,,6934,0,8,0,30,,6935,0,8,0,70,,6936,0,8,0,30,,6937,0,8,0,70,,6938,0,8,0,30,,6939,0,8,0,70,,6940,0,8,0,30,,6941,0,8,0,70,,6942,0,8,0,30,,6943,0,8,0,70,,6944,0,8,0,30,,6945,0,8,0,100,,6946,0,8,0,100,,6947,0,8,0,100,,6948,0,8,0
721502,'1324',659,,6950,0,8,0,70,,6951,0,8,0,30,,6952,0,8,0,70,,6953,0,8,0,30,,6954,0,8,0,70,,6955,0,8,0,30,,6956,0,8,0,70,,6957,0,8,0,30,,6958,0,8,0,70,,6959,0,8,0,30,,6960,0,8,0,70,,6961,0,8,0,30,,6962,0,8,0,70,,6963,0,8,0,30,,6964,0,8,0,70,,6965,0,8,0,30,,6966,0,8,0,70,,6967,0,8,0,30,,6968,0,8,0,70,,6969,0,8,0,30,,6970,0,8,0,70,,6971,0,8,0,30,,6972,0,8,0,70,,6973,0,8,0,30,,6974,0,8,0,100,,6975,0,8,0,100,,6976,0,8,0,100,,6977,0,8,0
721502,'1325',659,,6979,0,8,0,70,,6980,0,8,0,30,,6981,0,8,0,70,,6982,0,8,0,30,,6983,0,8,0,70,,6984,0,8,0,30,,6985,0,8,0,70,,6986,0,8,0,30,,6987,0,8,0,70,,6988,0,8,0,30,,6989,0,8,0,70,,6990,0,8,0,30,,6991,0,8,0,70,,6992,0,8,0,30,,6993,0,8,0,70,,6994,0,8,0,30,,6995,0,8,0,70,,6996,0,8,0,30,,6997,0,8,0,70,,6998,0,8,0,30,,6999,0,8,0,70,,7000,0,8,0,30,,7001,0,8,0,70,,7002,0,8,0,30,,7003,0,8,0,100,,7004,0,8,0,100,,7005,0,8,0,100,,7006,0,8,0
721502,'1326',659,,7008,0,8,0,70,,7009,0,8,0,30,,7010,0,8,0,70,,7011,0,8,0,30,,7012,0,8,0,70,,7013,0,8,0,30,,7014,0,8,0,70,,7015,0,8,0,30,,7016,0,8,0,70,,7017,0,8,0,30,,7018,0,8,0,70,,7019,0,8,0,30,,7020,0,8,0,70,,7021,0,8,0,30,,7022,0,8,0,70,,7023,0,8,0,30,,7024,0,8,0,70,,7025,0,8,0,30,,7026,0,8,0,70,,7027,0,8,0,30,,7028,0,8,0,70,,7029,0,8,0,30,,7030,0,8,0,70,,7031,0,8,0,30,,7032,0,8,0,100,,7033,0,8,0,100,,7034,0,8,0,100,,7035,0,8,0
