721304,'1327',822,,6208,36,0,5,0,80,,6207,36,0,5,0,40,,6206,36,0,5,0,80,,6205,36,0,5,0,80,,6204,36,0,5,0,40,,6203,36,0,5,0,80,,6202,36,0,5,0,80,,6201,36,0,5,0,40,,6200,36,0,5,0,80,,6199,36,0,5,0,80,,6198,36,0,5,0,40,,6197,36,0,5,0,80,,6196,36,0,5,0,80,,6195,36,0,5,0,40,,6194,36,0,5,0,80,,6193,36,0,5,0,80,,6192,36,0,5,0,40,,6191,36,0,5,0
721304,'1328',622,,6209,36,0,5,0,80,,6210,36,0,5,0,40,,6211,36,0,5,0,80,,6212,36,0,5,0,80,,6213,36,0,5,0,40,,6214,36,0,5,0,80,,6215,36,0,5,0,80,,6216,36,0,5,0,40,,6217,36,0,5,0,60,,6218,36,0,5,0,20,,6219,36,0,5,0,20,,6220,36,0,5,0,60,,6221,36,0,5,0,20,,6222,36,0,5,0,20,,6223,36,0,5,0,60,,6224,36,0,5,0,20,,6225,36,0,5,0,20,,6226,36,0,5,0,60,,6227,36,0,5,0,20,,6228,36,0,5,0,20,,6229,36,0,5,0,60,,6230,36,0,5,0,20,,6231,36,0,5,0,20,,6232,36,0,5,0,60,,6233,36,0,5,0,20,,6234,36,0,5,0,20,,6235,36,0,5,0,60,,6236,36,0,5,0,20,,6237,36,0,5,0,80,,6238,36,0,5,0,40,,6239,36,0,5,0,80,,6240,36,0,5,0,80,,6241,36,0,5,0,40,,6242,36,0,5,0,80,,6243,36,0,5,0,80,,6244,36,0,5,0
721304,'1329',555,,6249,36,0,5,0,85,,6248,36,0,5,0,60,,6247,36,0,5,0,25,,6246,36,0,5,0,20,,6245,36,0,5,0,65,,6250,36,0,5,0,20,,6251,36,0,5,0,25,,6252,36,0,5,0,60,,6253,36,0,5,0,25,,6254,36,0,5,0,60,,6255,36,0,5,0,25,,6256,36,0,5,0,20,,6257,36,0,5,0,65,,6258,36,0,5,0,20,,6259,36,0,5,0,25,,6260,36,0,5,0,60,,6261,36,0,5,0,25,,6262,36,0,5,0,60,,6263,36,0,5,0,25,,6264,36,0,5,0,20,,6265,36,0,5,0,65,,6266,36,0,5,0,20,,6267,36,0,5,0,25,,6268,36,0,5,0,60,,6269,36,0,5,0,25,,6270,36,0,5,0,60,,6271,36,0,5,0,25,,6272,36,0,5,0,20,,6273,36,0,5,0,65,,6274,36,0,5,0,20,,6275,36,0,5,0,25,,6276,36,0,5,0,60,,6277,36,0,5,0,30,,6278,36,0,5,0,77,,6279,36,0,5,0,80,,6280,36,0,5,0,40,,6281,36,0,5,0,80,,6282,36,0,5,0,80,,6283,36,0,5,0,40,,6284,36,0,5,0,80,,6285,36,0,5,0
721304,'1330',555,,6289,36,0,5,0,85,,6288,36,0,5,0,60,,6287,36,0,5,0,25,,6286,36,0,5,0,20,,6290,36,0,5,0,65,,6291,36,0,5,0,20,,6292,36,0,5,0,25,,6293,36,0,5,0,60,,6294,36,0,5,0,25,,6295,36,0,5,0,60,,6296,36,0,5,0,25,,6297,36,0,5,0,20,,6298,36,0,5,0,65,,6299,36,0,5,0,20,,6300,36,0,5,0,25,,6301,36,0,5,0,60,,6302,36,0,5,0,25,,6303,36,0,5,0,60,,6304,36,0,5,0,25,,6305,36,0,5,0,20,,6306,36,0,5,0,65,,6307,36,0,5,0,20,,6308,36,0,5,0,25,,6309,36,0,5,0,60,,6310,36,0,5,0,25,,6311,36,0,5,0,60,,6312,36,0,5,0,25,,6313,36,0,5,0,20,,6314,36,0,5,0,65,,6315,36,0,5,0,20,,6316,36,0,5,0,25,,6317,36,0,5,0,60,,6318,36,0,5,0,30,,6319,36,0,5,0,77,,6320,36,0,5,0,80,,6321,36,0,5,0,40,,6322,36,0,5,0,80,,6323,36,0,5,0,80,,6324,36,0,5,0,40,,6325,36,0,5,0,80,,6326,36,0,5,0
721304,'1331',555,,6330,36,0,5,0,85,,6329,36,0,5,0,60,,6328,36,0,5,0,25,,6327,36,0,5,0,20,,6331,36,0,5,0,65,,6332,36,0,5,0,20,,6333,36,0,5,0,25,,6334,36,0,5,0,60,,6335,36,0,5,0,25,,6336,36,0,5,0,60,,6337,36,0,5,0,25,,6338,36,0,5,0,20,,6339,36,0,5,0,65,,6340,36,0,5,0,20,,6341,36,0,5,0,25,,6342,36,0,5,0,60,,6343,36,0,5,0,25,,6344,36,0,5,0,60,,6345,36,0,5,0,25,,6346,36,0,5,0,20,,6347,36,0,5,0,65,,6348,36,0,5,0,20,,6349,36,0,5,0,25,,6350,36,0,5,0,60,,6351,36,0,5,0,25,,6352,36,0,5,0,60,,6353,36,0,5,0,25,,6354,36,0,5,0,20,,6355,36,0,5,0,65,,6356,36,0,5,0,20,,6357,36,0,5,0,25,,6358,36,0,5,0,60,,6359,36,0,5,0,30,,6360,36,0,5,0,77,,6361,36,0,5,0,80,,6362,36,0,5,0,40,,6363,36,0,5,0,80,,6364,36,0,5,0,80,,6365,36,0,5,0,40,,6366,36,0,5,0,80,,6367,36,0,5,0
721304,'1332',555,,6371,36,0,5,0,85,,6370,36,0,5,0,60,,6369,36,0,5,0,25,,6368,36,0,5,0,20,,6372,36,0,5,0,65,,6373,36,0,5,0,20,,6374,36,0,5,0,25,,6375,36,0,5,0,60,,6376,36,0,5,0,25,,6377,36,0,5,0,60,,6378,36,0,5,0,25,,6379,36,0,5,0,20,,6380,36,0,5,0,65,,6381,36,0,5,0,20,,6382,36,0,5,0,25,,6383,36,0,5,0,60,,6384,36,0,5,0,25,,6385,36,0,5,0,60,,6386,36,0,5,0,25,,6387,36,0,5,0,20,,6388,36,0,5,0,65,,6389,36,0,5,0,20,,6390,36,0,5,0,25,,6391,36,0,5,0,60,,6392,36,0,5,0,25,,6393,36,0,5,0,60,,6394,36,0,5,0,25,,6395,36,0,5,0,20,,6396,36,0,5,0,65,,6397,36,0,5,0,20,,6398,36,0,5,0,25,,6399,36,0,5,0,60,,6400,36,0,5,0,30,,6401,36,0,5,0,77,,6402,36,0,5,0,80,,6403,36,0,5,0,40,,6404,36,0,5,0,80,,6405,36,0,5,0,80,,6406,36,0,5,0,40,,6407,36,0,5,0,80,,6408,36,0,5,0
721304,'1333',555,,6412,36,0,5,0,85,,6411,36,0,5,0,60,,6410,36,0,5,0,25,,6409,36,0,5,0,20,,6413,36,0,5,0,65,,6414,36,0,5,0,20,,6415,36,0,5,0,25,,6416,36,0,5,0,60,,6417,36,0,5,0,25,,6418,36,0,5,0,60,,6419,36,0,5,0,25,,6420,36,0,5,0,20,,6421,36,0,5,0,65,,6422,36,0,5,0,20,,6423,36,0,5,0,25,,6424,36,0,5,0,60,,6425,36,0,5,0,25,,6426,36,0,5,0,60,,6427,36,0,5,0,25,,6428,36,0,5,0,20,,6429,36,0,5,0,65,,6430,36,0,5,0,20,,6431,36,0,5,0,25,,6432,36,0,5,0,60,,6433,36,0,5,0,25,,6434,36,0,5,0,60,,6435,36,0,5,0,25,,6436,36,0,5,0,20,,6437,36,0,5,0,65,,6438,36,0,5,0,20,,6439,36,0,5,0,25,,6440,36,0,5,0,60,,6441,36,0,5,0,30,,6442,36,0,5,0,77,,6443,36,0,5,0,80,,6444,36,0,5,0,40,,6445,36,0,5,0,80,,6446,36,0,5,0,80,,6447,36,0,5,0,40,,6448,36,0,5,0,80,,6449,36,0,5,0
722501,'1329',520,,7037,13,0,8,0,120,,7038,13,0,8,0,100,,7039,13,0,8,0,100,,7040,13,0,8,0,100,,7041,13,0,8,0,100,,7042,13,0,8,0,100,,7043,13,0,8,0,100,,7044,13,0,8,0,100,,7045,13,0,8,0,100,,7046,13,0,8,0,100,,7047,13,0,8,0,100,,7048,13,0,8,0,100,,7049,13,0,8,0,100,,7050,13,0,8,0,100,,7051,13,0,8,0,100,,7052,13,0,8,0,100,,7053,13,0,8,0,100,,7054,13,0,8,0
722501,'1330',520,,7055,13,0,8,0,120,,7056,13,0,8,0,100,,7057,13,0,8,0,100,,7058,13,0,8,0,100,,7059,13,0,8,0,100,,7060,13,0,8,0,100,,7061,13,0,8,0,100,,7062,13,0,8,0,100,,7063,13,0,8,0,100,,7064,13,0,8,0,100,,7065,13,0,8,0,100,,7066,13,0,8,0,100,,7067,13,0,8,0,100,,7068,13,0,8,0,100,,7069,13,0,8,0,100,,7070,13,0,8,0,100,,7071,13,0,8,0,100,,7072,13,0,8,0
722501,'1331',520,,7073,13,0,8,0,120,,7074,13,0,8,0,100,,7075,13,0,8,0,100,,7076,13,0,8,0,100,,7077,13,0,8,0,100,,7078,13,0,8,0,100,,7079,13,0,8,0,100,,7080,13,0,8,0,100,,7081,13,0,8,0,100,,7082,13,0,8,0,100,,7083,13,0,8,0,100,,7084,13,0,8,0,100,,7085,13,0,8,0,100,,7086,13,0,8,0,100,,7087,13,0,8,0,100,,7088,13,0,8,0,100,,7089,13,0,8,0,100,,7090,13,0,8,0
722501,'1332',520,,7091,13,0,8,0,120,,7092,13,0,8,0,100,,7093,13,0,8,0,100,,7094,13,0,8,0,100,,7095,13,0,8,0,100,,7096,13,0,8,0,100,,7097,13,0,8,0,100,,7098,13,0,8,0,100,,7099,13,0,8,0,100,,7100,13,0,8,0,100,,7101,13,0,8,0,100,,7102,13,0,8,0,100,,7103,13,0,8,0,100,,7104,13,0,8,0,100,,7105,13,0,8,0,100,,7106,13,0,8,0,100,,7107,13,0,8,0,100,,7108,13,0,8,0
722501,'1333',520,,7109,13,0,8,0,120,,7110,13,0,8,0,100,,7111,13,0,8,0,100,,7112,13,0,8,0,100,,7113,13,0,8,0,100,,7114,13,0,8,0,100,,7115,13,0,8,0,100,,7116,13,0,8,0,100,,7117,13,0,8,0,100,,7118,13,0,8,0,100,,7119,13,0,8,0,100,,7120,13,0,8,0,100,,7121,13,0,8,0,100,,7122,13,0,8,0,100,,7123,13,0,8,0,100,,7124,13,0,8,0,100,,7125,13,0,8,0,100,,7126,13,0,8,0
