1901,'1355',909,,31507,11,,,0,100,,31506,11,,,0,100,,31505,11,,,0,100,,31504,11,,,0,100,,31503,11,,,0,100,,31502,11,,,0,100,,31501,11,,,0,100,,31500,11,,,0,100,,31499,11,,,0,100,,31498,11,,,0,100,,31497,11,,,0,100,,31496,11,,,0
1901,'1356',809,,31508,11,,,0,100,,31509,11,,,0,100,,31510,11,,,0,30,,31511,11,,,0,70,,31512,11,,,0,30,,31513,11,,,0,70,,31514,11,,,0,30,,31515,11,,,0,70,,31516,11,,,0,30,,31517,11,,,0,70,,31518,11,,,0,30,,31519,11,,,0,70,,31520,11,,,0,30,,31521,11,,,0,70,,31522,11,,,0,30,,31523,11,,,0,70,,31524,11,,,0,30,,31525,11,,,0,70,,31526,11,,,0,30,,31527,11,,,0,70,,31528,11,,,0,30,,31529,11,,,0,70,,31530,11,,,0,100,,31531,11,,,0,100,,31532,11,,,0,100,,31533,11,,,0
1901,'1357',609,,31534,11,,,0,30,,31535,11,,,0,70,,31536,11,,,0,30,,31537,11,,,0,70,,31538,11,,,0,30,,31539,11,,,0,70,,31540,11,,,0,30,,31541,11,,,0,70,,31542,11,,,0,30,,31543,11,,,0,70,,31544,11,,,0,30,,31545,11,,,0,70,,31546,11,,,0,30,,31547,11,,,0,70,,31548,11,,,0,30,,31549,11,,,0,70,,31550,11,,,0,30,,31551,11,,,0,70,,31552,11,,,0,30,,31553,11,,,0,70,,31554,11,,,0,30,,31555,11,,,0,70,,31556,11,,,0,30,,31557,11,,,0,70,,31558,11,,,0,30,,31559,11,,,0,70,,31560,11,,,0,30,,31561,11,,,0,70,,31562,11,,,0,30,,31563,11,,,0,70,,31564,11,,,0,30,,31565,11,,,0,100,,31566,11,,,0,100,,31567,11,,,0
1901,'1358',609,,31568,11,,,0,30,,31569,11,,,0,70,,31570,11,,,0,30,,31571,11,,,0,70,,31572,11,,,0,30,,31573,11,,,0,70,,31574,11,,,0,30,,31575,11,,,0,70,,31576,11,,,0,30,,31577,11,,,0,70,,31578,11,,,0,30,,31579,11,,,0,70,,31580,11,,,0,30,,31581,11,,,0,70,,31582,11,,,0,30,,31583,11,,,0,70,,31584,11,,,0,30,,31585,11,,,0,70,,31586,11,,,0,30,,31587,11,,,0,70,,31588,11,,,0,30,,31589,11,,,0,70,,31590,11,,,0,30,,31591,11,,,0,70,,31592,11,,,0,30,,31593,11,,,0,70,,31594,11,,,0,30,,31595,11,,,0,70,,31596,11,,,0,30,,31597,11,,,0,70,,31598,11,,,0,30,,31599,11,,,0,100,,31600,11,,,0,100,,31601,11,,,0
1901,'1359',609,,31602,11,,,0,30,,31603,11,,,0,70,,31604,11,,,0,30,,31605,11,,,0,70,,31606,11,,,0,30,,31607,11,,,0,70,,31608,11,,,0,30,,31609,11,,,0,70,,31610,11,,,0,30,,31611,11,,,0,70,,31612,11,,,0,30,,31613,11,,,0,70,,31614,11,,,0,30,,31615,11,,,0,70,,31616,11,,,0,30,,31617,11,,,0,70,,31618,11,,,0,30,,31619,11,,,0,70,,31620,11,,,0,30,,31621,11,,,0,70,,31622,11,,,0,30,,31623,11,,,0,70,,31624,11,,,0,30,,31625,11,,,0,70,,31626,11,,,0,30,,31627,11,,,0,70,,31628,11,,,0,30,,31629,11,,,0,70,,31630,11,,,0,30,,31631,11,,,0,70,,31632,11,,,0,30,,31633,11,,,0,100,,31634,11,,,0,100,,31635,11,,,0
1901,'1360',609,,31636,11,,,0,30,,31637,11,,,0,70,,31638,11,,,0,30,,31639,11,,,0,70,,31640,11,,,0,30,,31641,11,,,0,70,,31642,11,,,0,30,,31643,11,,,0,70,,31644,11,,,0,30,,31645,11,,,0,70,,31646,11,,,0,30,,31647,11,,,0,70,,31648,11,,,0,30,,31649,11,,,0,70,,31650,11,,,0,30,,31651,11,,,0,70,,31652,11,,,0,30,,31653,11,,,0,70,,31654,11,,,0,30,,31655,11,,,0,70,,31656,11,,,0,30,,31657,11,,,0,70,,31658,11,,,0,30,,31659,11,,,0,70,,31660,11,,,0,30,,31661,11,,,0,70,,31662,11,,,0,30,,31663,11,,,0,70,,31664,11,,,0,30,,31665,11,,,0,70,,31666,11,,,0,30,,31667,11,,,0,100,,31668,11,,,0,100,,31669,11,,,0
1901,'1361',609,,31670,11,,,0,30,,31671,11,,,0,70,,31672,11,,,0,30,,31673,11,,,0,70,,31674,11,,,0,30,,31675,11,,,0,70,,31676,11,,,0,30,,31677,11,,,0,70,,31678,11,,,0,30,,31679,11,,,0,70,,31680,11,,,0,30,,31681,11,,,0,70,,31682,11,,,0,30,,31683,11,,,0,70,,31684,11,,,0,30,,31685,11,,,0,70,,31686,11,,,0,30,,31687,11,,,0,70,,31688,11,,,0,30,,31689,11,,,0,70,,31690,11,,,0,30,,31691,11,,,0,70,,31692,11,,,0,30,,31693,11,,,0,70,,31694,11,,,0,30,,31695,11,,,0,70,,31696,11,,,0,30,,31697,11,,,0,70,,31698,11,,,0,30,,31699,11,,,0,70,,31700,11,,,0,30,,31701,11,,,0,100,,31702,11,,,0,100,,31703,11,,,0
647703,'1355',954,,33943,33,0,15,0,70,,33942,33,0,15,0,30,,33941,33,0,15,0,70,,33940,33,0,15,0,30,,33939,33,0,15,0,70,,33938,33,0,15,0,30,,33937,33,0,15,0,70,,33936,33,0,15,0,30,,33935,33,0,15,0,70,,33934,33,0,15,0,30,,33933,33,0,15,0,70,,33932,33,0,15,0,30,,33931,33,0,15,0,70,,33930,33,0,15,0,30,,33929,33,0,15,0,70,,33928,33,0,15,0,30,,33927,33,0,15,0,100,,33926,33,0,15,0,100,,33925,33,0,15,0
647703,'1356',854,,33944,33,0,15,0,70,,33945,33,0,15,0,30,,33946,33,0,15,0,70,,33947,33,0,15,0,30,,33948,33,0,15,0,70,,33949,33,0,15,0,30,,33950,33,0,15,0,70,,33951,33,0,15,0,30,,33952,33,0,15,0,70,,33953,33,0,15,0,30,,33954,33,0,15,0,70,,33955,33,0,15,0,30,,33956,33,0,15,0,70,,33957,33,0,15,0,30,,33958,33,0,15,0,70,,33959,33,0,15,0,30,,33960,33,0,15,0,70,,33961,33,0,15,0,30,,33962,33,0,15,0,70,,33963,33,0,15,0,30,,33964,33,0,15,0,70,,33965,33,0,15,0,30,,33966,33,0,15,0,100,,33967,33,0,15,0,100,,33968,33,0,15,0,100,,33969,33,0,15,0
647703,'1357',654,,33970,33,0,15,0,70,,33971,33,0,15,0,30,,33972,33,0,15,0,70,,33973,33,0,15,0,30,,33974,33,0,15,0,70,,33975,33,0,15,0,30,,33976,33,0,15,0,70,,33977,33,0,15,0,30,,33978,33,0,15,0,70,,33979,33,0,15,0,30,,33980,33,0,15,0,70,,33981,33,0,15,0,30,,33982,33,0,15,0,70,,33983,33,0,15,0,30,,33984,33,0,15,0,70,,33985,33,0,15,0,30,,33986,33,0,15,0,70,,33987,33,0,15,0,30,,33988,33,0,15,0,70,,33989,33,0,15,0,30,,33990,33,0,15,0,70,,33991,33,0,15,0,30,,33992,33,0,15,0,70,,33993,33,0,15,0,30,,33994,33,0,15,0,70,,33995,33,0,15,0,30,,33996,33,0,15,0,70,,33997,33,0,15,0,30,,33998,33,0,15,0,100,,33999,33,0,15,0,100,,34000,33,0,15,0,100,,34001,33,0,15,0
647703,'1358',654,,34002,33,0,15,0,70,,34003,33,0,15,0,30,,34004,33,0,15,0,70,,34005,33,0,15,0,30,,34006,33,0,15,0,70,,34007,33,0,15,0,30,,34008,33,0,15,0,70,,34009,33,0,15,0,30,,34010,33,0,15,0,70,,34011,33,0,15,0,30,,34012,33,0,15,0,70,,34013,33,0,15,0,30,,34014,33,0,15,0,70,,34015,33,0,15,0,30,,34016,33,0,15,0,70,,34017,33,0,15,0,30,,34018,33,0,15,0,70,,34019,33,0,15,0,30,,34020,33,0,15,0,70,,34021,33,0,15,0,30,,34022,33,0,15,0,70,,34023,33,0,15,0,30,,34024,33,0,15,0,70,,34025,33,0,15,0,30,,34026,33,0,15,0,70,,34027,33,0,15,0,30,,34028,33,0,15,0,70,,34029,33,0,15,0,30,,34030,33,0,15,0,100,,34031,33,0,15,0,100,,34032,33,0,15,0,100,,34033,33,0,15,0
647703,'1359',654,,34034,33,0,15,0,70,,34035,33,0,15,0,30,,34036,33,0,15,0,70,,34037,33,0,15,0,30,,34038,33,0,15,0,70,,34039,33,0,15,0,30,,34040,33,0,15,0,70,,34041,33,0,15,0,30,,34042,33,0,15,0,70,,34043,33,0,15,0,30,,34044,33,0,15,0,70,,34045,33,0,15,0,30,,34046,33,0,15,0,70,,34047,33,0,15,0,30,,34048,33,0,15,0,70,,34049,33,0,15,0,30,,34050,33,0,15,0,70,,34051,33,0,15,0,30,,34052,33,0,15,0,70,,34053,33,0,15,0,30,,34054,33,0,15,0,70,,34055,33,0,15,0,30,,34056,33,0,15,0,70,,34057,33,0,15,0,30,,34058,33,0,15,0,70,,34059,33,0,15,0,30,,34060,33,0,15,0,70,,34061,33,0,15,0,30,,34062,33,0,15,0,100,,34063,33,0,15,0,100,,34064,33,0,15,0,100,,34065,33,0,15,0
647703,'1360',654,,34066,33,0,15,0,70,,34067,33,0,15,0,30,,34068,33,0,15,0,70,,34069,33,0,15,0,30,,34070,33,0,15,0,70,,34071,33,0,15,0,30,,34072,33,0,15,0,70,,34073,33,0,15,0,30,,34074,33,0,15,0,70,,34075,33,0,15,0,30,,34076,33,0,15,0,70,,34077,33,0,15,0,30,,34078,33,0,15,0,70,,34079,33,0,15,0,30,,34080,33,0,15,0,70,,34081,33,0,15,0,30,,34082,33,0,15,0,70,,34083,33,0,15,0,30,,34084,33,0,15,0,70,,34085,33,0,15,0,30,,34086,33,0,15,0,70,,34087,33,0,15,0,30,,34088,33,0,15,0,70,,34089,33,0,15,0,30,,34090,33,0,15,0,70,,34091,33,0,15,0,30,,34092,33,0,15,0,70,,34093,33,0,15,0,30,,34094,33,0,15,0,100,,34095,33,0,15,0,100,,34096,33,0,15,0,100,,34097,33,0,15,0
647703,'1361',654,,34098,33,0,15,0,70,,34099,33,0,15,0,30,,34100,33,0,15,0,70,,34101,33,0,15,0,30,,34102,33,0,15,0,70,,34103,33,0,15,0,30,,34104,33,0,15,0,70,,34105,33,0,15,0,30,,34106,33,0,15,0,70,,34107,33,0,15,0,30,,34108,33,0,15,0,70,,34109,33,0,15,0,30,,34110,33,0,15,0,70,,34111,33,0,15,0,30,,34112,33,0,15,0,70,,34113,33,0,15,0,30,,34114,33,0,15,0,70,,34115,33,0,15,0,30,,34116,33,0,15,0,70,,34117,33,0,15,0,30,,34118,33,0,15,0,70,,34119,33,0,15,0,30,,34120,33,0,15,0,70,,34121,33,0,15,0,30,,34122,33,0,15,0,70,,34123,33,0,15,0,30,,34124,33,0,15,0,70,,34125,33,0,15,0,30,,34126,33,0,15,0,100,,34127,33,0,15,0,100,,34128,33,0,15,0,100,,34129,33,0,15,0
