'1320',643503,94100,0,'N',0,7000,0,'N',0,3000,0,'N',0,7000,0,'N',0,3000,0,'N',0,7000,0,'N',0,3000,0,'N',0,7000,0,'N',0,3000,0,'N',0,7000,0,'N',0,3000,0,'N',0,7000,0,'N',0,3000,0,'N',0,7000,0,'N',0,3000,0,'N',0,7000,0,'N',0,3000,0,'N',0,7000,0,'N',0,3000,0,'N',0,10000,0,'N',0
'1321',643503,74100,0,'N',0,10000,0,'N',0,7000,0,'N',0,3000,0,'N',0,7000,0,'N',0,3000,0,'N',0,7000,0,'N',0,3000,0,'N',0,7000,0,'N',0,3000,0,'N',0,7000,0,'N',0,3000,0,'N',0,7000,0,'N',0,3000,0,'N',0,7000,0,'N',0,3000,0,'N',0,7000,0,'N',0,3000,0,'N',0,7000,0,'N',0,3000,0,'N',0,7000,0,'N',0,3000,0,'N',0,7000,0,'N',0,3000,0,'N',0,10000,0,'N',0,10000,0,'N',0,10000,0,'N',0
'1322',643503,64100,0,'N',0,7300,0,'N',0,2000,0,'N',0,1000,0,'N',0,900,0,'N',0,5500,0,'N',0,1500,0,'N',0,1500,0,'N',0,1600,0,'N',0,5500,0,'N',0,2500,0,'N',0,2000,0,'N',0,6000,0,'N',0,2000,0,'N',0,2000,0,'N',0,6000,0,'N',0,2000,0,'N',0,2000,0,'N',0,6000,0,'N',0,2000,0,'N',0,2000,0,'N',0,6000,0,'N',0,2000,0,'N',0,2000,0,'N',0,6000,0,'N',0,2000,0,'N',0,1000,0,'N',0,1000,0,'N',0,6000,0,'N',0,1000,0,'N',0,1000,0,'N',0,2000,0,'N',0,5000,0,'N',0,1000,0,'N',0,2000,0,'N',0,2000,0,'N',0,6000,0,'N',0,2000,0,'N',0,2000,0,'N',0,6000,0,'N',0,2000,0,'N',0,2000,0,'N',0,5700,0,'N',0,3000,0,'N',0,7000,0,'N',0,3000,0,'N',0,7000,0,'N',0,3000,0,'N',0,7000,0,'N',0,3000,0,'N',0,7000,0,'N',0,3000,0,'N',0
'1323',643503,64100,0,'N',0,7300,0,'N',0,2000,0,'N',0,1000,0,'N',0,900,0,'N',0,5500,0,'N',0,1500,0,'N',0,1500,0,'N',0,1600,0,'N',0,5500,0,'N',0,2500,0,'N',0,2000,0,'N',0,6000,0,'N',0,2000,0,'N',0,2000,0,'N',0,6000,0,'N',0,2000,0,'N',0,2000,0,'N',0,6000,0,'N',0,2000,0,'N',0,2000,0,'N',0,6000,0,'N',0,2000,0,'N',0,2000,0,'N',0,6000,0,'N',0,2000,0,'N',0,1000,0,'N',0,1000,0,'N',0,6000,0,'N',0,1000,0,'N',0,1000,0,'N',0,2000,0,'N',0,5000,0,'N',0,1000,0,'N',0,2000,0,'N',0,2000,0,'N',0,6000,0,'N',0,2000,0,'N',0,2000,0,'N',0,6000,0,'N',0,2000,0,'N',0,2000,0,'N',0,5700,0,'N',0,3000,0,'N',0,7000,0,'N',0,3000,0,'N',0,7000,0,'N',0,3000,0,'N',0,7000,0,'N',0,3000,0,'N',0,7000,0,'N',0,3000,0,'N',0
'1324',643503,64100,0,'N',0,7300,0,'N',0,2000,0,'N',0,1000,0,'N',0,900,0,'N',0,5500,0,'N',0,1500,0,'N',0,1500,0,'N',0,1600,0,'N',0,5500,0,'N',0,2500,0,'N',0,2000,0,'N',0,6000,0,'N',0,2000,0,'N',0,2000,0,'N',0,6000,0,'N',0,2000,0,'N',0,2000,0,'N',0,6000,0,'N',0,2000,0,'N',0,2000,0,'N',0,6000,0,'N',0,2000,0,'N',0,2000,0,'N',0,6000,0,'N',0,2000,0,'N',0,1000,0,'N',0,1000,0,'N',0,6000,0,'N',0,1000,0,'N',0,1000,0,'N',0,2000,0,'N',0,5000,0,'N',0,1000,0,'N',0,2000,0,'N',0,2000,0,'N',0,6000,0,'N',0,2000,0,'N',0,2000,0,'N',0,6000,0,'N',0,2000,0,'N',0,2000,0,'N',0,5700,0,'N',0,3000,0,'N',0,7000,0,'N',0,3000,0,'N',0,7000,0,'N',0,3000,0,'N',0,7000,0,'N',0,3000,0,'N',0,7000,0,'N',0,3000,0,'N',0
'1325',643503,64100,0,'N',0,7300,0,'N',0,2000,0,'N',0,1000,0,'N',0,900,0,'N',0,5500,0,'N',0,1500,0,'N',0,1500,0,'N',0,1600,0,'N',0,5500,0,'N',0,2500,0,'N',0,2000,0,'N',0,6000,0,'N',0,2000,0,'N',0,2000,0,'N',0,6000,0,'N',0,2000,0,'N',0,2000,0,'N',0,6000,0,'N',0,2000,0,'N',0,2000,0,'N',0,6000,0,'N',0,2000,0,'N',0,2000,0,'N',0,6000,0,'N',0,2000,0,'N',0,1000,0,'N',0,1000,0,'N',0,6000,0,'N',0,1000,0,'N',0,1000,0,'N',0,2000,0,'N',0,5000,0,'N',0,1000,0,'N',0,2000,0,'N',0,2000,0,'N',0,6000,0,'N',0,2000,0,'N',0,2000,0,'N',0,6000,0,'N',0,2000,0,'N',0,2000,0,'N',0,5700,0,'N',0,3000,0,'N',0,7000,0,'N',0,3000,0,'N',0,7000,0,'N',0,3000,0,'N',0,7000,0,'N',0,3000,0,'N',0,7000,0,'N',0,3000,0,'N',0
'1326',643503,64100,0,'N',0,7300,0,'N',0,2000,0,'N',0,1000,0,'N',0,900,0,'N',0,5500,0,'N',0,1500,0,'N',0,1500,0,'N',0,1600,0,'N',0,5500,0,'N',0,2500,0,'N',0,2000,0,'N',0,6000,0,'N',0,2000,0,'N',0,2000,0,'N',0,6000,0,'N',0,2000,0,'N',0,2000,0,'N',0,6000,0,'N',0,2000,0,'N',0,2000,0,'N',0,6000,0,'N',0,2000,0,'N',0,2000,0,'N',0,6000,0,'N',0,2000,0,'N',0,1000,0,'N',0,1000,0,'N',0,6000,0,'N',0,1000,0,'N',0,1000,0,'N',0,2000,0,'N',0,5000,0,'N',0,1000,0,'N',0,2000,0,'N',0,2000,0,'N',0,6000,0,'N',0,2000,0,'N',0,2000,0,'N',0,6000,0,'N',0,2000,0,'N',0,2000,0,'N',0,5700,0,'N',0,3000,0,'N',0,7000,0,'N',0,3000,0,'N',0,7000,0,'N',0,3000,0,'N',0,7000,0,'N',0,3000,0,'N',0,7000,0,'N',0,3000,0,'N',0
'1320',647703,94600,0,'N',0,7000,0,'N',0,3000,0,'N',0,7000,0,'N',0,3000,0,'N',0,7000,0,'N',0,3000,0,'N',0,7000,0,'N',0,3000,0,'N',0,7000,0,'N',0,3000,0,'N',0,7000,0,'N',0,3000,0,'N',0,7000,0,'N',0,3000,0,'N',0,7000,0,'N',0,3000,0,'N',0,10000,0,'N',0,10000,0,'N',0
'1321',647703,84600,0,'N',0,7000,0,'N',0,3000,0,'N',0,7000,0,'N',0,3000,0,'N',0,7000,0,'N',0,3000,0,'N',0,7000,0,'N',0,3000,0,'N',0,7000,0,'N',0,3000,0,'N',0,7000,0,'N',0,3000,0,'N',0,7000,0,'N',0,3000,0,'N',0,7000,0,'N',0,3000,0,'N',0,7000,0,'N',0,3000,0,'N',0,7000,0,'N',0,3000,0,'N',0,7000,0,'N',0,3000,0,'N',0,10000,0,'N',0,10000,0,'N',0,10000,0,'N',0
'1322',647703,64600,0,'N',0,7000,0,'N',0,3000,0,'N',0,7000,0,'N',0,3000,0,'N',0,7000,0,'N',0,3000,0,'N',0,7000,0,'N',0,3000,0,'N',0,7000,0,'N',0,3000,0,'N',0,7000,0,'N',0,3000,0,'N',0,7000,0,'N',0,3000,0,'N',0,7000,0,'N',0,3000,0,'N',0,7000,0,'N',0,3000,0,'N',0,7000,0,'N',0,3000,0,'N',0,7000,0,'N',0,3000,0,'N',0,7000,0,'N',0,3000,0,'N',0,7000,0,'N',0,3000,0,'N',0,7000,0,'N',0,3000,0,'N',0,10000,0,'N',0,10000,0,'N',0,10000,0,'N',0
'1323',647703,64600,0,'N',0,7000,0,'N',0,3000,0,'N',0,7000,0,'N',0,3000,0,'N',0,7000,0,'N',0,3000,0,'N',0,7000,0,'N',0,3000,0,'N',0,7000,0,'N',0,3000,0,'N',0,7000,0,'N',0,3000,0,'N',0,7000,0,'N',0,3000,0,'N',0,7000,0,'N',0,3000,0,'N',0,7000,0,'N',0,3000,0,'N',0,7000,0,'N',0,3000,0,'N',0,7000,0,'N',0,3000,0,'N',0,7000,0,'N',0,3000,0,'N',0,7000,0,'N',0,3000,0,'N',0,7000,0,'N',0,3000,0,'N',0,10000,0,'N',0,10000,0,'N',0,10000,0,'N',0
'1324',647703,64600,0,'N',0,7000,0,'N',0,3000,0,'N',0,7000,0,'N',0,3000,0,'N',0,7000,0,'N',0,3000,0,'N',0,7000,0,'N',0,3000,0,'N',0,7000,0,'N',0,3000,0,'N',0,7000,0,'N',0,3000,0,'N',0,7000,0,'N',0,3000,0,'N',0,7000,0,'N',0,3000,0,'N',0,7000,0,'N',0,3000,0,'N',0,7000,0,'N',0,3000,0,'N',0,7000,0,'N',0,3000,0,'N',0,7000,0,'N',0,3000,0,'N',0,7000,0,'N',0,3000,0,'N',0,7000,0,'N',0,3000,0,'N',0,10000,0,'N',0,10000,0,'N',0,10000,0,'N',0
'1325',647703,64600,0,'N',0,7000,0,'N',0,3000,0,'N',0,7000,0,'N',0,3000,0,'N',0,7000,0,'N',0,3000,0,'N',0,7000,0,'N',0,3000,0,'N',0,7000,0,'N',0,3000,0,'N',0,7000,0,'N',0,3000,0,'N',0,7000,0,'N',0,3000,0,'N',0,7000,0,'N',0,3000,0,'N',0,7000,0,'N',0,3000,0,'N',0,7000,0,'N',0,3000,0,'N',0,7000,0,'N',0,3000,0,'N',0,7000,0,'N',0,3000,0,'N',0,7000,0,'N',0,3000,0,'N',0,7000,0,'N',0,3000,0,'N',0,10000,0,'N',0,10000,0,'N',0,10000,0,'N',0
'1326',647703,64600,0,'N',0,7000,0,'N',0,3000,0,'N',0,7000,0,'N',0,3000,0,'N',0,7000,0,'N',0,3000,0,'N',0,7000,0,'N',0,3000,0,'N',0,7000,0,'N',0,3000,0,'N',0,7000,0,'N',0,3000,0,'N',0,7000,0,'N',0,3000,0,'N',0,7000,0,'N',0,3000,0,'N',0,7000,0,'N',0,3000,0,'N',0,7000,0,'N',0,3000,0,'N',0,7000,0,'N',0,3000,0,'N',0,7000,0,'N',0,3000,0,'N',0,7000,0,'N',0,3000,0,'N',0,7000,0,'N',0,3000,0,'N',0,10000,0,'N',0,10000,0,'N',0,10000,0,'N',0
