1900,'1327',939,,2423,63,,,0,100,,2422,63,,,0,100,,2421,63,,,0,100,,2420,63,,,0,100,,2419,63,,,0,100,,2418,63,,,0,100,,2417,63,,,0,100,,2416,63,,,0,100,,2415,63,,,0,100,,2414,63,,,0,100,,2413,63,,,0,100,,2412,63,,,0
1900,'1328',839,,2424,63,,,0,100,,2425,63,,,0,100,,2426,63,,,0,70,,2427,63,,,0,30,,2428,63,,,0,70,,2429,63,,,0,30,,2430,63,,,0,70,,2431,63,,,0,30,,2432,63,,,0,70,,2433,63,,,0,30,,2434,63,,,0,70,,2435,63,,,0,30,,2436,63,,,0,70,,2437,63,,,0,30,,2438,63,,,0,70,,2439,63,,,0,30,,2440,63,,,0,70,,2441,63,,,0,30,,2442,63,,,0,70,,2443,63,,,0,30,,2444,63,,,0,70,,2445,63,,,0,30,,2446,63,,,0,100,,2447,63,,,0,100,,2448,63,,,0,100,,2449,63,,,0
1900,'1329',639,,2450,63,,,0,70,,2451,63,,,0,30,,2452,63,,,0,70,,2453,63,,,0,30,,2454,63,,,0,70,,2455,63,,,0,30,,2456,63,,,0,70,,2457,63,,,0,30,,2458,63,,,0,70,,2459,63,,,0,30,,2460,63,,,0,70,,2461,63,,,0,30,,2462,63,,,0,70,,2463,63,,,0,30,,2464,63,,,0,70,,2465,63,,,0,30,,2466,63,,,0,70,,2467,63,,,0,30,,2468,63,,,0,70,,2469,63,,,0,30,,2470,63,,,0,70,,2471,63,,,0,30,,2472,63,,,0,70,,2473,63,,,0,30,,2474,63,,,0,70,,2475,63,,,0,30,,2476,63,,,0,70,,2477,63,,,0,30,,2478,63,,,0,70,,2479,63,,,0,30,,2480,63,,,0,70,,2481,63,,,0,100,,2482,63,,,0,100,,2483,63,,,0
1900,'1330',639,,2484,63,,,0,70,,2485,63,,,0,30,,2486,63,,,0,70,,2487,63,,,0,30,,2488,63,,,0,70,,2489,63,,,0,30,,2490,63,,,0,70,,2491,63,,,0,30,,2492,63,,,0,70,,2493,63,,,0,30,,2494,63,,,0,70,,2495,63,,,0,30,,2496,63,,,0,70,,2497,63,,,0,30,,2498,63,,,0,70,,2499,63,,,0,30,,2500,63,,,0,70,,2501,63,,,0,30,,2502,63,,,0,70,,2503,63,,,0,30,,2504,63,,,0,70,,2505,63,,,0,30,,2506,63,,,0,70,,2507,63,,,0,30,,2508,63,,,0,70,,2509,63,,,0,30,,2510,63,,,0,70,,2511,63,,,0,30,,2512,63,,,0,70,,2513,63,,,0,30,,2514,63,,,0,70,,2515,63,,,0,100,,2516,63,,,0,100,,2517,63,,,0
1900,'1331',639,,2518,63,,,0,70,,2519,63,,,0,30,,2520,63,,,0,70,,2521,63,,,0,30,,2522,63,,,0,70,,2523,63,,,0,30,,2524,63,,,0,70,,2525,63,,,0,30,,2526,63,,,0,70,,2527,63,,,0,30,,2528,63,,,0,70,,2529,63,,,0,30,,2530,63,,,0,70,,2531,63,,,0,30,,2532,63,,,0,70,,2533,63,,,0,30,,2534,63,,,0,70,,2535,63,,,0,30,,2536,63,,,0,70,,2537,63,,,0,30,,2538,63,,,0,70,,2539,63,,,0,30,,2540,63,,,0,70,,2541,63,,,0,30,,2542,63,,,0,70,,2543,63,,,0,30,,2544,63,,,0,70,,2545,63,,,0,30,,2546,63,,,0,70,,2547,63,,,0,30,,2548,63,,,0,70,,2549,63,,,0,100,,2550,63,,,0,100,,2551,63,,,0
1900,'1332',639,,2552,63,,,0,70,,2553,63,,,0,30,,2554,63,,,0,70,,2555,63,,,0,30,,2556,63,,,0,70,,2557,63,,,0,30,,2558,63,,,0,70,,2559,63,,,0,30,,2560,63,,,0,70,,2561,63,,,0,30,,2562,63,,,0,70,,2563,63,,,0,30,,2564,63,,,0,70,,2565,63,,,0,30,,2566,63,,,0,70,,2567,63,,,0,30,,2568,63,,,0,70,,2569,63,,,0,30,,2570,63,,,0,70,,2571,63,,,0,30,,2572,63,,,0,70,,2573,63,,,0,30,,2574,63,,,0,70,,2575,63,,,0,30,,2576,63,,,0,70,,2577,63,,,0,30,,2578,63,,,0,70,,2579,63,,,0,30,,2580,63,,,0,70,,2581,63,,,0,30,,2582,63,,,0,70,,2583,63,,,0,100,,2584,63,,,0,100,,2585,63,,,0
1900,'1333',639,,2586,63,,,0,70,,2587,63,,,0,30,,2588,63,,,0,70,,2589,63,,,0,30,,2590,63,,,0,70,,2591,63,,,0,30,,2592,63,,,0,70,,2593,63,,,0,30,,2594,63,,,0,70,,2595,63,,,0,30,,2596,63,,,0,70,,2597,63,,,0,30,,2598,63,,,0,70,,2599,63,,,0,30,,2600,63,,,0,70,,2601,63,,,0,30,,2602,63,,,0,70,,2603,63,,,0,30,,2604,63,,,0,70,,2605,63,,,0,30,,2606,63,,,0,70,,2607,63,,,0,30,,2608,63,,,0,70,,2609,63,,,0,30,,2610,63,,,0,70,,2611,63,,,0,30,,2612,63,,,0,70,,2613,63,,,0,30,,2614,63,,,0,70,,2615,63,,,0,30,,2616,63,,,0,70,,2617,63,,,0,100,,2618,63,,,0,100,,2619,63,,,0
552201,'1329',701,,4349,10,0,9,0,30,,4350,10,0,9,0,70,,4351,10,0,9,0,30,,4352,10,0,9,0,70,,4353,10,0,9,0,30,,4354,10,0,9,0,70,,4355,10,0,9,0,30,,4356,10,0,9,0,70,,4357,10,0,9,0,30,,4358,10,0,9,0,70,,4359,10,0,9,0,30,,4360,10,0,9,0,70,,4361,10,0,9,0,30,,4362,10,0,9,0,70,,4363,10,0,9,0,30,,4364,10,0,9,0,70,,4365,10,0,9,0,30,,4366,10,0,9,0,70,,4367,10,0,9,0,30,,4368,10,0,9,0,70,,4369,10,0,9,0,30,,4370,10,0,9,0,70,,4371,10,0,9,0
552201,'1330',701,,4372,10,0,9,0,30,,4373,10,0,9,0,70,,4374,10,0,9,0,30,,4375,10,0,9,0,70,,4376,10,0,9,0,30,,4377,10,0,9,0,70,,4378,10,0,9,0,30,,4379,10,0,9,0,70,,4380,10,0,9,0,30,,4381,10,0,9,0,70,,4382,10,0,9,0,30,,4383,10,0,9,0,70,,4384,10,0,9,0,30,,4385,10,0,9,0,70,,4386,10,0,9,0,30,,4387,10,0,9,0,70,,4388,10,0,9,0,30,,4389,10,0,9,0,70,,4390,10,0,9,0,30,,4391,10,0,9,0,70,,4392,10,0,9,0,30,,4393,10,0,9,0,70,,4394,10,0,9,0
552201,'1331',701,,4395,10,0,9,0,30,,4396,10,0,9,0,70,,4397,10,0,9,0,30,,4398,10,0,9,0,70,,4399,10,0,9,0,30,,4400,10,0,9,0,70,,4401,10,0,9,0,30,,4402,10,0,9,0,70,,4403,10,0,9,0,30,,4404,10,0,9,0,70,,4405,10,0,9,0,30,,4406,10,0,9,0,70,,4407,10,0,9,0,30,,4408,10,0,9,0,70,,4409,10,0,9,0,30,,4410,10,0,9,0,70,,4411,10,0,9,0,30,,4412,10,0,9,0,70,,4413,10,0,9,0,30,,4414,10,0,9,0,70,,4415,10,0,9,0,30,,4416,10,0,9,0,70,,4417,10,0,9,0
552201,'1332',701,,4418,10,0,9,0,30,,4419,10,0,9,0,70,,4420,10,0,9,0,30,,4421,10,0,9,0,70,,4422,10,0,9,0,30,,4423,10,0,9,0,70,,4424,10,0,9,0,30,,4425,10,0,9,0,70,,4426,10,0,9,0,30,,4427,10,0,9,0,70,,4428,10,0,9,0,30,,4429,10,0,9,0,70,,4430,10,0,9,0,30,,4431,10,0,9,0,70,,4432,10,0,9,0,30,,4433,10,0,9,0,70,,4434,10,0,9,0,30,,4435,10,0,9,0,70,,4436,10,0,9,0,30,,4437,10,0,9,0,70,,4438,10,0,9,0,30,,4439,10,0,9,0,70,,4440,10,0,9,0
552201,'1333',701,,4441,10,0,9,0,30,,4442,10,0,9,0,70,,4443,10,0,9,0,30,,4444,10,0,9,0,70,,4445,10,0,9,0,30,,4446,10,0,9,0,70,,4447,10,0,9,0,30,,4448,10,0,9,0,70,,4449,10,0,9,0,30,,4450,10,0,9,0,70,,4451,10,0,9,0,30,,4452,10,0,9,0,70,,4453,10,0,9,0,30,,4454,10,0,9,0,70,,4455,10,0,9,0,30,,4456,10,0,9,0,70,,4457,10,0,9,0,30,,4458,10,0,9,0,70,,4459,10,0,9,0,30,,4460,10,0,9,0,70,,4461,10,0,9,0,30,,4462,10,0,9,0,70,,4463,10,0,9,0
