'1320',1800,70100,0,'',0,10000,0,'',0,10000,0,'',0,4000,0,'',0,8000,0,'',0,8500,0,'',0,4000,0,'',0,8000,0,'',0,8000,0,'',0,4000,0,'',0,8000,0,'',0,8000,0,'',0,4000,0,'',0,8000,0,'',0,8000,0,'',0,4000,0,'',0,8000,0,'',0,8000,0,'',0
'1321',1800,52300,0,'',0,8500,0,'',0,3000,0,'',0,7000,0,'',0,3000,0,'',0,7000,0,'',0,3000,0,'',0,7000,0,'',0,3000,0,'',0,7000,0,'',0,2000,0,'',0,2000,0,'',0,6000,0,'',0,2000,0,'',0,2000,0,'',0,6000,0,'',0,2000,0,'',0,2000,0,'',0,6000,0,'',0,2000,0,'',0,2000,0,'',0,6000,0,'',0,2000,0,'',0,2000,0,'',0,6000,0,'',0,2000,0,'',0,2000,0,'',0,6000,0,'',0,2000,0,'',0,2000,0,'',0,6000,0,'',0,2000,0,'',0,2000,0,'',0,6000,0,'',0,3000,0,'',0,7000,0,'',0,3000,0,'',0,7000,0,'',0,3000,0,'',0,7000,0,'',0,3000,0,'',0,7000,0,'',0,3000,0,'',0,7000,0,'',0,3000,0,'',0,7000,0,'',0,3000,0,'',0
'1322',1800,52200,0,'',0,3500,0,'',0,5400,0,'',0,1500,0,'',0,1500,0,'',0,1500,0,'',0,5500,0,'',0,1000,0,'',0,1000,0,'',0,1000,0,'',0,1000,0,'',0,5000,0,'',0,1000,0,'',0,1000,0,'',0,1500,0,'',0,1500,0,'',0,5500,0,'',0,1500,0,'',0,1500,0,'',0,1500,0,'',0,5300,0,'',0,1500,0,'',0,1500,0,'',0,1500,0,'',0,5500,0,'',0,1500,0,'',0,1500,0,'',0,1500,0,'',0,5500,0,'',0,1500,0,'',0,1500,0,'',0,1500,0,'',0,5900,0,'',0,2000,0,'',0,1500,0,'',0,1500,0,'',0,5500,0,'',0,1000,0,'',0,1000,0,'',0,1000,0,'',0,1000,0,'',0,5000,0,'',0,1000,0,'',0,1000,0,'',0,1000,0,'',0,1000,0,'',0,1000,0,'',0,5000,0,'',0,1000,0,'',0,1000,0,'',0,1000,0,'',0,1000,0,'',0,1000,0,'',0,5000,0,'',0,1000,0,'',0,1500,0,'',0,1500,0,'',0,6200,0,'',0,3000,0,'',0,7000,0,'',0,3000,0,'',0,7000,0,'',0,3000,0,'',0,7000,0,'',0,3000,0,'',0,7000,0,'',0,3000,0,'',0,7000,0,'',0,3000,0,'',0,7000,0,'',0,3000,0,'',0
'1323',1800,52200,0,'',0,3500,0,'',0,5400,0,'',0,1500,0,'',0,1500,0,'',0,1500,0,'',0,5500,0,'',0,1000,0,'',0,1000,0,'',0,1000,0,'',0,1000,0,'',0,5000,0,'',0,1000,0,'',0,1000,0,'',0,1500,0,'',0,1500,0,'',0,5500,0,'',0,1500,0,'',0,1500,0,'',0,1500,0,'',0,5300,0,'',0,1500,0,'',0,1500,0,'',0,1500,0,'',0,5500,0,'',0,1500,0,'',0,1500,0,'',0,1500,0,'',0,5500,0,'',0,1500,0,'',0,1500,0,'',0,1500,0,'',0,5900,0,'',0,2000,0,'',0,1500,0,'',0,1500,0,'',0,5500,0,'',0,1000,0,'',0,1000,0,'',0,1000,0,'',0,1000,0,'',0,5000,0,'',0,1000,0,'',0,1000,0,'',0,1000,0,'',0,1000,0,'',0,1000,0,'',0,5000,0,'',0,1000,0,'',0,1000,0,'',0,1000,0,'',0,1000,0,'',0,1000,0,'',0,5000,0,'',0,1000,0,'',0,1500,0,'',0,1500,0,'',0,6200,0,'',0,3000,0,'',0,7000,0,'',0,3000,0,'',0,7000,0,'',0,3000,0,'',0,7000,0,'',0,3000,0,'',0,7000,0,'',0,3000,0,'',0,7000,0,'',0,3000,0,'',0,7000,0,'',0,3000,0,'',0
'1324',1800,52200,0,'',0,3500,0,'',0,5400,0,'',0,1500,0,'',0,1500,0,'',0,1500,0,'',0,5500,0,'',0,1000,0,'',0,1000,0,'',0,1000,0,'',0,1000,0,'',0,5000,0,'',0,1000,0,'',0,1000,0,'',0,1500,0,'',0,1500,0,'',0,5500,0,'',0,1500,0,'',0,1500,0,'',0,1500,0,'',0,5300,0,'',0,1500,0,'',0,1500,0,'',0,1500,0,'',0,5500,0,'',0,1500,0,'',0,1500,0,'',0,1500,0,'',0,5500,0,'',0,1500,0,'',0,1500,0,'',0,1500,0,'',0,5900,0,'',0,2000,0,'',0,1500,0,'',0,1500,0,'',0,5500,0,'',0,1000,0,'',0,1000,0,'',0,1000,0,'',0,1000,0,'',0,5000,0,'',0,1000,0,'',0,1000,0,'',0,1000,0,'',0,1000,0,'',0,1000,0,'',0,5000,0,'',0,1000,0,'',0,1000,0,'',0,1000,0,'',0,1000,0,'',0,1000,0,'',0,5000,0,'',0,1000,0,'',0,1500,0,'',0,1500,0,'',0,6200,0,'',0,3000,0,'',0,7000,0,'',0,3000,0,'',0,7000,0,'',0,3000,0,'',0,7000,0,'',0,3000,0,'',0,7000,0,'',0,3000,0,'',0,7000,0,'',0,3000,0,'',0,7000,0,'',0,3000,0,'',0
'1325',1800,52200,0,'',0,3500,0,'',0,5400,0,'',0,1500,0,'',0,1500,0,'',0,1500,0,'',0,5500,0,'',0,1000,0,'',0,1000,0,'',0,1000,0,'',0,1000,0,'',0,5000,0,'',0,1000,0,'',0,1000,0,'',0,1500,0,'',0,1500,0,'',0,5500,0,'',0,1500,0,'',0,1500,0,'',0,1500,0,'',0,5300,0,'',0,1500,0,'',0,1500,0,'',0,1500,0,'',0,5500,0,'',0,1500,0,'',0,1500,0,'',0,1500,0,'',0,5500,0,'',0,1500,0,'',0,1500,0,'',0,1500,0,'',0,5900,0,'',0,2000,0,'',0,1500,0,'',0,1500,0,'',0,5500,0,'',0,1000,0,'',0,1000,0,'',0,1000,0,'',0,1000,0,'',0,5000,0,'',0,1000,0,'',0,1000,0,'',0,1000,0,'',0,1000,0,'',0,1000,0,'',0,5000,0,'',0,1000,0,'',0,1000,0,'',0,1000,0,'',0,1000,0,'',0,1000,0,'',0,5000,0,'',0,1000,0,'',0,1500,0,'',0,1500,0,'',0,6200,0,'',0,3000,0,'',0,7000,0,'',0,3000,0,'',0,7000,0,'',0,3000,0,'',0,7000,0,'',0,3000,0,'',0,7000,0,'',0,3000,0,'',0,7000,0,'',0,3000,0,'',0,7000,0,'',0,3000,0,'',0
'1326',1800,52200,0,'',0,3500,0,'',0,5400,0,'',0,1500,0,'',0,1500,0,'',0,1500,0,'',0,5500,0,'',0,1000,0,'',0,1000,0,'',0,1000,0,'',0,1000,0,'',0,5000,0,'',0,1000,0,'',0,1000,0,'',0,1500,0,'',0,1500,0,'',0,5500,0,'',0,1500,0,'',0,1500,0,'',0,1500,0,'',0,5300,0,'',0,1500,0,'',0,1500,0,'',0,1500,0,'',0,5500,0,'',0,1500,0,'',0,1500,0,'',0,1500,0,'',0,5500,0,'',0,1500,0,'',0,1500,0,'',0,1500,0,'',0,5900,0,'',0,2000,0,'',0,1500,0,'',0,1500,0,'',0,5500,0,'',0,1000,0,'',0,1000,0,'',0,1000,0,'',0,1000,0,'',0,5000,0,'',0,1000,0,'',0,1000,0,'',0,1000,0,'',0,1000,0,'',0,1000,0,'',0,5000,0,'',0,1000,0,'',0,1000,0,'',0,1000,0,'',0,1000,0,'',0,1000,0,'',0,5000,0,'',0,1000,0,'',0,1500,0,'',0,1500,0,'',0,6200,0,'',0,3000,0,'',0,7000,0,'',0,3000,0,'',0,7000,0,'',0,3000,0,'',0,7000,0,'',0,3000,0,'',0,7000,0,'',0,3000,0,'',0,7000,0,'',0,3000,0,'',0,7000,0,'',0,3000,0,'',0
'1321',2800,73200,0,'',0,11000,0,'',0,11000,0,'',0,15000,0,'',0,11000,0,'',0,11000,0,'',0,11000,0,'',0,11000,0,'',0,11000,0,'',0,15000,0,'',0,11000,0,'',0
'1322',2800,63200,0,'',0,7500,0,'',0,3500,0,'',0,7500,0,'',0,3500,0,'',0,7500,0,'',0,7500,0,'',0,3500,0,'',0,7500,0,'',0,3500,0,'',0,7500,0,'',0,3500,0,'',0,7500,0,'',0,7500,0,'',0,3500,0,'',0,7500,0,'',0,3500,0,'',0,7500,0,'',0,7500,0,'',0,3500,0,'',0,7500,0,'',0,3500,0,'',0,7500,0,'',0
'1323',2800,63200,0,'',0,7500,0,'',0,3500,0,'',0,7500,0,'',0,3500,0,'',0,7500,0,'',0,7500,0,'',0,3500,0,'',0,7500,0,'',0,3500,0,'',0,7500,0,'',0,3500,0,'',0,7500,0,'',0,7500,0,'',0,3500,0,'',0,7500,0,'',0,3500,0,'',0,7500,0,'',0,7500,0,'',0,3500,0,'',0,7500,0,'',0,3500,0,'',0,7500,0,'',0
'1324',2800,63200,0,'',0,7500,0,'',0,3500,0,'',0,7500,0,'',0,3500,0,'',0,7500,0,'',0,7500,0,'',0,3500,0,'',0,7500,0,'',0,3500,0,'',0,7500,0,'',0,3500,0,'',0,7500,0,'',0,7500,0,'',0,3500,0,'',0,7500,0,'',0,3500,0,'',0,7500,0,'',0,7500,0,'',0,3500,0,'',0,7500,0,'',0,3500,0,'',0,7500,0,'',0
'1325',2800,63200,0,'',0,7500,0,'',0,3500,0,'',0,7500,0,'',0,3500,0,'',0,7500,0,'',0,7500,0,'',0,3500,0,'',0,7500,0,'',0,3500,0,'',0,7500,0,'',0,3500,0,'',0,7500,0,'',0,7500,0,'',0,3500,0,'',0,7500,0,'',0,3500,0,'',0,7500,0,'',0,7500,0,'',0,3500,0,'',0,7500,0,'',0,3500,0,'',0,7500,0,'',0
'1326',2800,63200,0,'',0,7500,0,'',0,3500,0,'',0,7500,0,'',0,3500,0,'',0,7500,0,'',0,7500,0,'',0,3500,0,'',0,7500,0,'',0,3500,0,'',0,7500,0,'',0,3500,0,'',0,7500,0,'',0,7500,0,'',0,3500,0,'',0,7500,0,'',0,3500,0,'',0,7500,0,'',0,7500,0,'',0,3500,0,'',0,7500,0,'',0,3500,0,'',0,7500,0,'',0
