1900,'1355',936,,31299,58,,,0,100,,31298,58,,,0,100,,31297,58,,,0,100,,31296,58,,,0,100,,31295,58,,,0,100,,31294,58,,,0,100,,31293,58,,,0,100,,31292,58,,,0,100,,31291,58,,,0,100,,31290,58,,,0,100,,31289,58,,,0,100,,31288,58,,,0
1900,'1356',836,,31300,58,,,0,100,,31301,58,,,0,100,,31302,58,,,0,70,,31303,58,,,0,30,,31304,58,,,0,70,,31305,58,,,0,30,,31306,58,,,0,70,,31307,58,,,0,30,,31308,58,,,0,70,,31309,58,,,0,30,,31310,58,,,0,70,,31311,58,,,0,30,,31312,58,,,0,70,,31313,58,,,0,30,,31314,58,,,0,70,,31315,58,,,0,30,,31316,58,,,0,70,,31317,58,,,0,30,,31318,58,,,0,70,,31319,58,,,0,30,,31320,58,,,0,70,,31321,58,,,0,30,,31322,58,,,0,100,,31323,58,,,0,100,,31324,58,,,0,100,,31325,58,,,0
1900,'1357',636,,31326,58,,,0,70,,31327,58,,,0,30,,31328,58,,,0,70,,31329,58,,,0,30,,31330,58,,,0,70,,31331,58,,,0,30,,31332,58,,,0,70,,31333,58,,,0,30,,31334,58,,,0,70,,31335,58,,,0,30,,31336,58,,,0,70,,31337,58,,,0,30,,31338,58,,,0,70,,31339,58,,,0,30,,31340,58,,,0,70,,31341,58,,,0,30,,31342,58,,,0,70,,31343,58,,,0,30,,31344,58,,,0,70,,31345,58,,,0,30,,31346,58,,,0,70,,31347,58,,,0,30,,31348,58,,,0,70,,31349,58,,,0,30,,31350,58,,,0,70,,31351,58,,,0,30,,31352,58,,,0,70,,31353,58,,,0,30,,31354,58,,,0,70,,31355,58,,,0,30,,31356,58,,,0,70,,31357,58,,,0,100,,31358,58,,,0,100,,31359,58,,,0
1900,'1358',636,,31360,58,,,0,70,,31361,58,,,0,30,,31362,58,,,0,70,,31363,58,,,0,30,,31364,58,,,0,70,,31365,58,,,0,30,,31366,58,,,0,70,,31367,58,,,0,30,,31368,58,,,0,70,,31369,58,,,0,30,,31370,58,,,0,70,,31371,58,,,0,30,,31372,58,,,0,70,,31373,58,,,0,30,,31374,58,,,0,70,,31375,58,,,0,30,,31376,58,,,0,70,,31377,58,,,0,30,,31378,58,,,0,70,,31379,58,,,0,30,,31380,58,,,0,70,,31381,58,,,0,30,,31382,58,,,0,70,,31383,58,,,0,30,,31384,58,,,0,70,,31385,58,,,0,30,,31386,58,,,0,70,,31387,58,,,0,30,,31388,58,,,0,70,,31389,58,,,0,30,,31390,58,,,0,70,,31391,58,,,0,100,,31392,58,,,0,100,,31393,58,,,0
1900,'1359',636,,31394,58,,,0,70,,31395,58,,,0,30,,31396,58,,,0,70,,31397,58,,,0,30,,31398,58,,,0,70,,31399,58,,,0,30,,31400,58,,,0,70,,31401,58,,,0,30,,31402,58,,,0,70,,31403,58,,,0,30,,31404,58,,,0,70,,31405,58,,,0,30,,31406,58,,,0,70,,31407,58,,,0,30,,31408,58,,,0,70,,31409,58,,,0,30,,31410,58,,,0,70,,31411,58,,,0,30,,31412,58,,,0,70,,31413,58,,,0,30,,31414,58,,,0,70,,31415,58,,,0,30,,31416,58,,,0,70,,31417,58,,,0,30,,31418,58,,,0,70,,31419,58,,,0,30,,31420,58,,,0,70,,31421,58,,,0,30,,31422,58,,,0,70,,31423,58,,,0,30,,31424,58,,,0,70,,31425,58,,,0,100,,31426,58,,,0,100,,31427,58,,,0
1900,'1360',636,,31428,58,,,0,70,,31429,58,,,0,30,,31430,58,,,0,70,,31431,58,,,0,30,,31432,58,,,0,70,,31433,58,,,0,30,,31434,58,,,0,70,,31435,58,,,0,30,,31436,58,,,0,70,,31437,58,,,0,30,,31438,58,,,0,70,,31439,58,,,0,30,,31440,58,,,0,70,,31441,58,,,0,30,,31442,58,,,0,70,,31443,58,,,0,30,,31444,58,,,0,70,,31445,58,,,0,30,,31446,58,,,0,70,,31447,58,,,0,30,,31448,58,,,0,70,,31449,58,,,0,30,,31450,58,,,0,70,,31451,58,,,0,30,,31452,58,,,0,70,,31453,58,,,0,30,,31454,58,,,0,70,,31455,58,,,0,30,,31456,58,,,0,70,,31457,58,,,0,30,,31458,58,,,0,70,,31459,58,,,0,100,,31460,58,,,0,100,,31461,58,,,0
1900,'1361',636,,31462,58,,,0,70,,31463,58,,,0,30,,31464,58,,,0,70,,31465,58,,,0,30,,31466,58,,,0,70,,31467,58,,,0,30,,31468,58,,,0,70,,31469,58,,,0,30,,31470,58,,,0,70,,31471,58,,,0,30,,31472,58,,,0,70,,31473,58,,,0,30,,31474,58,,,0,70,,31475,58,,,0,30,,31476,58,,,0,70,,31477,58,,,0,30,,31478,58,,,0,70,,31479,58,,,0,30,,31480,58,,,0,70,,31481,58,,,0,30,,31482,58,,,0,70,,31483,58,,,0,30,,31484,58,,,0,70,,31485,58,,,0,30,,31486,58,,,0,70,,31487,58,,,0,30,,31488,58,,,0,70,,31489,58,,,0,30,,31490,58,,,0,70,,31491,58,,,0,30,,31492,58,,,0,70,,31493,58,,,0,100,,31494,58,,,0,100,,31495,58,,,0
552201,'1357',659,,33191,9,0,9,0,70,,33192,9,0,9,0,30,,33193,9,0,9,0,70,,33194,9,0,9,0,30,,33195,9,0,9,0,70,,33196,9,0,9,0,30,,33197,9,0,9,0,70,,33198,9,0,9,0,30,,33199,9,0,9,0,70,,33200,9,0,9,0,30,,33201,9,0,9,0,70,,33202,9,0,9,0,30,,33203,9,0,9,0,70,,33204,9,0,9,0,30,,33205,9,0,9,0,70,,33206,9,0,9,0,30,,33207,9,0,9,0,70,,33208,9,0,9,0,30,,33209,9,0,9,0,70,,33210,9,0,9,0,30,,33211,9,0,9,0,70,,33212,9,0,9,0,30,,33213,9,0,9,0
552201,'1358',659,,33214,9,0,9,0,70,,33215,9,0,9,0,30,,33216,9,0,9,0,70,,33217,9,0,9,0,30,,33218,9,0,9,0,70,,33219,9,0,9,0,30,,33220,9,0,9,0,70,,33221,9,0,9,0,30,,33222,9,0,9,0,70,,33223,9,0,9,0,30,,33224,9,0,9,0,70,,33225,9,0,9,0,30,,33226,9,0,9,0,70,,33227,9,0,9,0,30,,33228,9,0,9,0,70,,33229,9,0,9,0,30,,33230,9,0,9,0,70,,33231,9,0,9,0,30,,33232,9,0,9,0,70,,33233,9,0,9,0,30,,33234,9,0,9,0,70,,33235,9,0,9,0,30,,33236,9,0,9,0
552201,'1359',659,,33237,9,0,9,0,70,,33238,9,0,9,0,30,,33239,9,0,9,0,70,,33240,9,0,9,0,30,,33241,9,0,9,0,70,,33242,9,0,9,0,30,,33243,9,0,9,0,70,,33244,9,0,9,0,30,,33245,9,0,9,0,70,,33246,9,0,9,0,30,,33247,9,0,9,0,70,,33248,9,0,9,0,30,,33249,9,0,9,0,70,,33250,9,0,9,0,30,,33251,9,0,9,0,70,,33252,9,0,9,0,30,,33253,9,0,9,0,70,,33254,9,0,9,0,30,,33255,9,0,9,0,70,,33256,9,0,9,0,30,,33257,9,0,9,0,70,,33258,9,0,9,0,30,,33259,9,0,9,0
552201,'1360',659,,33260,9,0,9,0,70,,33261,9,0,9,0,30,,33262,9,0,9,0,70,,33263,9,0,9,0,30,,33264,9,0,9,0,70,,33265,9,0,9,0,30,,33266,9,0,9,0,70,,33267,9,0,9,0,30,,33268,9,0,9,0,70,,33269,9,0,9,0,30,,33270,9,0,9,0,70,,33271,9,0,9,0,30,,33272,9,0,9,0,70,,33273,9,0,9,0,30,,33274,9,0,9,0,70,,33275,9,0,9,0,30,,33276,9,0,9,0,70,,33277,9,0,9,0,30,,33278,9,0,9,0,70,,33279,9,0,9,0,30,,33280,9,0,9,0,70,,33281,9,0,9,0,30,,33282,9,0,9,0
552201,'1361',659,,33283,9,0,9,0,70,,33284,9,0,9,0,30,,33285,9,0,9,0,70,,33286,9,0,9,0,30,,33287,9,0,9,0,70,,33288,9,0,9,0,30,,33289,9,0,9,0,70,,33290,9,0,9,0,30,,33291,9,0,9,0,70,,33292,9,0,9,0,30,,33293,9,0,9,0,70,,33294,9,0,9,0,30,,33295,9,0,9,0,70,,33296,9,0,9,0,30,,33297,9,0,9,0,70,,33298,9,0,9,0,30,,33299,9,0,9,0,70,,33300,9,0,9,0,30,,33301,9,0,9,0,70,,33302,9,0,9,0,30,,33303,9,0,9,0,70,,33304,9,0,9,0,30,,33305,9,0,9,0
