'1296',463600,92900,0,'605',0,48000,0,'605',0,13000,0,'605',0,28500,0,'605',0
'1297',463600,75900,0,'605',0,67000,0,'605',0,13000,0,'605',0,30000,0,'605',0
'1298',463600,65900,0,'605',0,77000,0,'605',0,43000,0,'605',0,17000,0,'605',0
'1299',463600,65900,0,'605',0,77000,0,'605',0,43000,0,'605',0,17000,0,'605',0
'1300',463600,65900,0,'605',0,77000,0,'605',0,43000,0,'605',0,17000,0,'605',0
'1301',463600,65900,0,'605',0,77000,0,'605',0,43000,0,'605',0,17000,0,'605',0
'1302',463600,65900,0,'605',0,77000,0,'605',0,43000,0,'605',0,17000,0,'605',0
'1303',463600,92900,0,'605',0,48000,0,'605',0,13000,0,'605',0,28500,0,'605',0
'1304',463600,95900,0,'605',0,30000,0,'605',0,30000,0,'605',0
'1305',463600,92900,0,'605',0,48000,0,'605',0,13000,0,'605',0,28500,0,'605',0
