'1149',463600,93100,0,'605',0,48000,0,'605',0,13000,0,'605',0,28500,0,'605',0
'1150',463600,80100,0,'605',0,63000,0,'605',0,17000,0,'605',0,30000,0,'605',0
'1151',463600,93100,0,'605',0,48000,0,'605',0,13000,0,'605',0,28500,0,'605',0
'1152',463600,70100,0,'605',0,73000,0,'605',0,47000,0,'605',0,13000,0,'605',0
'1153',463600,70100,0,'605',0,73000,0,'605',0,47000,0,'605',0,13000,0,'605',0
'1154',463600,70100,0,'605',0,73000,0,'605',0,47000,0,'605',0,13000,0,'605',0
'1155',463600,70100,0,'605',0,73000,0,'605',0,47000,0,'605',0,13000,0,'605',0
'1156',463600,70100,0,'605',0,73000,0,'605',0,47000,0,'605',0,13000,0,'605',0
'1157',463600,93100,0,'605',0,48000,0,'605',0,41500,0,'605',0
'1158',463600,100100,0,'605',0,30000,0,'605',0,30000,0,'605',0
'1159',463600,93100,0,'605',0,48000,0,'605',0,41500,0,'605',0
