'1286',463600,93000,0,'605',0,48000,0,'605',0,13000,0,'605',0,28500,0,'605',0
'1287',463600,80000,0,'605',0,63000,0,'605',0,17000,0,'605',0,30000,0,'605',0
'1288',463600,70000,0,'605',0,73000,0,'605',0,47000,0,'605',0,13000,0,'605',0
'1289',463600,70000,0,'605',0,73000,0,'605',0,47000,0,'605',0,13000,0,'605',0
'1290',463600,70000,0,'605',0,73000,0,'605',0,47000,0,'605',0,13000,0,'605',0
'1291',463600,70000,0,'605',0,73000,0,'605',0,47000,0,'605',0,13000,0,'605',0
'1292',463600,70000,0,'605',0,73000,0,'605',0,47000,0,'605',0,13000,0,'605',0
'1293',463600,93000,0,'605',0,48000,0,'605',0,13000,0,'605',0,28500,0,'605',0
'1294',463600,100000,0,'605',0,30000,0,'605',0,30000,0,'605',0
'1295',463600,93000,0,'605',0,48000,0,'605',0,13000,0,'605',0,28500,0,'605',0
