721303,'1348',841,,27587,7,0,15,0,80,,27586,7,0,15,0,80,,27585,7,0,15,0,40,,27584,7,0,15,0,80,,27583,7,0,15,0,80,,27582,7,0,15,0,40,,27581,7,0,15,0,80,,27580,7,0,15,0,80,,27579,7,0,15,0,40,,27578,7,0,15,0,80,,27577,7,0,15,0,80,,27576,7,0,15,0,40,,27575,7,0,15,0,80,,27574,7,0,15,0,80,,27573,7,0,15,0,40,,27572,7,0,15,0,80,,27589,7,0,15,0,80,,27588,7,0,15,0
721303,'1349',641,,27590,7,0,15,0,80,,27591,7,0,15,0,80,,27592,7,0,15,0,40,,27593,7,0,15,0,80,,27594,7,0,15,0,80,,27595,7,0,15,0,40,,27596,7,0,15,0,80,,27597,7,0,15,0,80,,27598,7,0,15,0,20,,27599,7,0,15,0,20,,27600,7,0,15,0,60,,27601,7,0,15,0,20,,27602,7,0,15,0,20,,27603,7,0,15,0,60,,27604,7,0,15,0,20,,27605,7,0,15,0,20,,27606,7,0,15,0,60,,27607,7,0,15,0,20,,27608,7,0,15,0,20,,27609,7,0,15,0,60,,27610,7,0,15,0,20,,27611,7,0,15,0,20,,27612,7,0,15,0,60,,27613,7,0,15,0,20,,27614,7,0,15,0,20,,27615,7,0,15,0,60,,27616,7,0,15,0,20,,27617,7,0,15,0,20,,27618,7,0,15,0,80,,27619,7,0,15,0,80,,27620,7,0,15,0,40,,27621,7,0,15,0,80,,27622,7,0,15,0,80,,27623,7,0,15,0,40,,27624,7,0,15,0,80,,27625,7,0,15,0
721303,'1350',616,,27626,7,0,15,0,85,,27627,7,0,15,0,20,,27628,7,0,15,0,25,,27629,7,0,15,0,60,,27630,7,0,15,0,25,,27631,7,0,15,0,20,,27632,7,0,15,0,65,,27633,7,0,15,0,20,,27634,7,0,15,0,65,,27635,7,0,15,0,20,,27636,7,0,15,0,25,,27637,7,0,15,0,60,,27638,7,0,15,0,25,,27639,7,0,15,0,20,,27640,7,0,15,0,65,,27641,7,0,15,0,20,,27642,7,0,15,0,65,,27643,7,0,15,0,20,,27644,7,0,15,0,25,,27645,7,0,15,0,60,,27646,7,0,15,0,25,,27647,7,0,15,0,20,,27648,7,0,15,0,65,,27649,7,0,15,0,20,,27650,7,0,15,0,65,,27651,7,0,15,0,20,,27652,7,0,15,0,25,,27653,7,0,15,0,60,,27654,7,0,15,0,25,,27655,7,0,15,0,20,,27656,7,0,15,0,65,,27657,7,0,15,0,20,,27658,7,0,15,0,69,,27659,7,0,15,0,36,,27660,7,0,15,0,80,,27661,7,0,15,0,80,,27666,7,0,15,0,40,,27665,7,0,15,0,80,,27664,7,0,15,0,80,,27663,7,0,15,0,40,,27662,7,0,15,0
721303,'1351',616,,27667,7,0,15,0,85,,27668,7,0,15,0,20,,27669,7,0,15,0,25,,27670,7,0,15,0,60,,27671,7,0,15,0,25,,27672,7,0,15,0,20,,27673,7,0,15,0,65,,27674,7,0,15,0,20,,27675,7,0,15,0,65,,27676,7,0,15,0,20,,27677,7,0,15,0,25,,27678,7,0,15,0,60,,27679,7,0,15,0,25,,27680,7,0,15,0,20,,27681,7,0,15,0,65,,27682,7,0,15,0,20,,27683,7,0,15,0,65,,27684,7,0,15,0,20,,27685,7,0,15,0,25,,27686,7,0,15,0,60,,27687,7,0,15,0,25,,27688,7,0,15,0,20,,27689,7,0,15,0,65,,27690,7,0,15,0,20,,27691,7,0,15,0,65,,27692,7,0,15,0,20,,27693,7,0,15,0,25,,27694,7,0,15,0,60,,27695,7,0,15,0,25,,27696,7,0,15,0,20,,27697,7,0,15,0,65,,27698,7,0,15,0,20,,27699,7,0,15,0,69,,27700,7,0,15,0,36,,27701,7,0,15,0,80,,27702,7,0,15,0,80,,27707,7,0,15,0,40,,27706,7,0,15,0,80,,27705,7,0,15,0,80,,27704,7,0,15,0,40,,27703,7,0,15,0
721303,'1352',616,,27708,7,0,15,0,85,,27709,7,0,15,0,20,,27710,7,0,15,0,25,,27711,7,0,15,0,60,,27712,7,0,15,0,25,,27713,7,0,15,0,20,,27714,7,0,15,0,65,,27715,7,0,15,0,20,,27716,7,0,15,0,65,,27717,7,0,15,0,20,,27718,7,0,15,0,25,,27719,7,0,15,0,60,,27720,7,0,15,0,25,,27721,7,0,15,0,20,,27722,7,0,15,0,65,,27723,7,0,15,0,20,,27724,7,0,15,0,65,,27725,7,0,15,0,20,,27726,7,0,15,0,25,,27727,7,0,15,0,60,,27728,7,0,15,0,25,,27729,7,0,15,0,20,,27730,7,0,15,0,65,,27731,7,0,15,0,20,,27732,7,0,15,0,65,,27733,7,0,15,0,20,,27734,7,0,15,0,25,,27735,7,0,15,0,60,,27736,7,0,15,0,25,,27737,7,0,15,0,20,,27738,7,0,15,0,65,,27739,7,0,15,0,20,,27740,7,0,15,0,69,,27741,7,0,15,0,36,,27742,7,0,15,0,80,,27743,7,0,15,0,80,,27748,7,0,15,0,40,,27747,7,0,15,0,80,,27746,7,0,15,0,80,,27745,7,0,15,0,40,,27744,7,0,15,0
721303,'1353',616,,27749,7,0,15,0,85,,27750,7,0,15,0,20,,27751,7,0,15,0,25,,27752,7,0,15,0,60,,27753,7,0,15,0,25,,27754,7,0,15,0,20,,27755,7,0,15,0,65,,27756,7,0,15,0,20,,27757,7,0,15,0,65,,27758,7,0,15,0,20,,27759,7,0,15,0,25,,27760,7,0,15,0,60,,27761,7,0,15,0,25,,27762,7,0,15,0,20,,27763,7,0,15,0,65,,27764,7,0,15,0,20,,27765,7,0,15,0,65,,27766,7,0,15,0,20,,27767,7,0,15,0,25,,27768,7,0,15,0,60,,27769,7,0,15,0,25,,27770,7,0,15,0,20,,27771,7,0,15,0,65,,27772,7,0,15,0,20,,27773,7,0,15,0,65,,27774,7,0,15,0,20,,27775,7,0,15,0,25,,27776,7,0,15,0,60,,27777,7,0,15,0,25,,27778,7,0,15,0,20,,27779,7,0,15,0,65,,27780,7,0,15,0,20,,27781,7,0,15,0,69,,27782,7,0,15,0,36,,27783,7,0,15,0,80,,27784,7,0,15,0,80,,27789,7,0,15,0,40,,27788,7,0,15,0,80,,27787,7,0,15,0,80,,27786,7,0,15,0,40,,27785,7,0,15,0
721303,'1354',616,,27790,7,0,15,0,85,,27791,7,0,15,0,20,,27792,7,0,15,0,25,,27793,7,0,15,0,60,,27794,7,0,15,0,25,,27795,7,0,15,0,20,,27796,7,0,15,0,65,,27797,7,0,15,0,20,,27798,7,0,15,0,65,,27799,7,0,15,0,20,,27800,7,0,15,0,25,,27801,7,0,15,0,60,,27802,7,0,15,0,25,,27803,7,0,15,0,20,,27804,7,0,15,0,65,,27805,7,0,15,0,20,,27806,7,0,15,0,65,,27807,7,0,15,0,20,,27808,7,0,15,0,25,,27809,7,0,15,0,60,,27810,7,0,15,0,25,,27811,7,0,15,0,20,,27812,7,0,15,0,65,,27813,7,0,15,0,20,,27814,7,0,15,0,65,,27815,7,0,15,0,20,,27816,7,0,15,0,25,,27817,7,0,15,0,60,,27818,7,0,15,0,25,,27819,7,0,15,0,20,,27820,7,0,15,0,65,,27821,7,0,15,0,20,,27822,7,0,15,0,69,,27823,7,0,15,0,36,,27824,7,0,15,0,80,,27825,7,0,15,0,80,,27830,7,0,15,0,40,,27829,7,0,15,0,80,,27828,7,0,15,0,80,,27827,7,0,15,0,40,,27826,7,0,15,0
721502,'1350',723,,28532,5,0,16,0
721502,'1351',723,,28561,5,0,16,0
721502,'1352',723,,28590,5,0,16,0
721502,'1353',723,,28619,5,0,16,0
721502,'1354',723,,28648,5,0,16,0
