721203,'1348',948,,27146,3,0,15,0,85,,27145,3,0,15,0,85,,27144,3,0,15,0,85,,27143,3,0,15,0,45,,27142,3,0,15,0,85,,27141,3,0,15,0,85,,27140,3,0,15,0,85,,27139,3,0,15,0,45,,27138,3,0,15,0,85,,27137,3,0,15,0,85,,27136,3,0,15,0,85,,27135,3,0,15,0,45,,27134,3,0,15,0,85,,27133,3,0,15,0
721203,'1349',648,,27147,3,0,15,0,85,,27148,3,0,15,0,85,,27149,3,0,15,0,85,,27150,3,0,15,0,45,,27151,3,0,15,0,85,,27152,3,0,15,0,70,,27153,3,0,15,0,30,,27154,3,0,15,0,70,,27155,3,0,15,0,30,,27156,3,0,15,0,70,,27157,3,0,15,0,30,,27158,3,0,15,0,70,,27159,3,0,15,0,30,,27160,3,0,15,0,70,,27161,3,0,15,0,30,,27162,3,0,15,0,70,,27163,3,0,15,0,30,,27164,3,0,15,0,70,,27165,3,0,15,0,30,,27166,3,0,15,0,70,,27167,3,0,15,0,30,,27168,3,0,15,0,85,,27169,3,0,15,0,85,,27170,3,0,15,0,45,,27171,3,0,15,0,85,,27172,3,0,15,0,85,,27173,3,0,15,0,85,,27174,3,0,15,0
721203,'1350',618,,27175,3,0,15,0,30,,27176,3,0,15,0,70,,27177,3,0,15,0,30,,27178,3,0,15,0,55,,27179,3,0,15,0,15,,27180,3,0,15,0,15,,27181,3,0,15,0,15,,27182,3,0,15,0,70,,27183,3,0,15,0,30,,27184,3,0,15,0,70,,27185,3,0,15,0,30,,27186,3,0,15,0,70,,27187,3,0,15,0,30,,27188,3,0,15,0,70,,27189,3,0,15,0,30,,27190,3,0,15,0,70,,27191,3,0,15,0,30,,27192,3,0,15,0,70,,27193,3,0,15,0,30,,27194,3,0,15,0,55,,27195,3,0,15,0,15,,27196,3,0,15,0,15,,27197,3,0,15,0,15,,27198,3,0,15,0,70,,27199,3,0,15,0,30,,27200,3,0,15,0,70,,27201,3,0,15,0,30,,27202,3,0,15,0,70,,27203,3,0,15,0,30,,27204,3,0,15,0,85,,27205,3,0,15,0,85,,27206,3,0,15,0,85,,27207,3,0,15,0,45,,27208,3,0,15,0,85,,27209,3,0,15,0,85,,27210,3,0,15,0
721203,'1351',618,,27211,3,0,15,0,30,,27212,3,0,15,0,70,,27213,3,0,15,0,30,,27214,3,0,15,0,55,,27215,3,0,15,0,15,,27216,3,0,15,0,15,,27217,3,0,15,0,15,,27218,3,0,15,0,70,,27219,3,0,15,0,30,,27220,3,0,15,0,70,,27221,3,0,15,0,30,,27222,3,0,15,0,70,,27223,3,0,15,0,30,,27224,3,0,15,0,70,,27225,3,0,15,0,30,,27226,3,0,15,0,70,,27227,3,0,15,0,30,,27228,3,0,15,0,70,,27229,3,0,15,0,30,,27230,3,0,15,0,55,,27231,3,0,15,0,15,,27232,3,0,15,0,15,,27233,3,0,15,0,15,,27234,3,0,15,0,70,,27235,3,0,15,0,30,,27236,3,0,15,0,70,,27237,3,0,15,0,30,,27238,3,0,15,0,70,,27239,3,0,15,0,30,,27240,3,0,15,0,85,,27241,3,0,15,0,85,,27242,3,0,15,0,85,,27243,3,0,15,0,45,,27244,3,0,15,0,85,,27245,3,0,15,0,85,,27246,3,0,15,0
721203,'1352',618,,27247,3,0,15,0,30,,27248,3,0,15,0,70,,27249,3,0,15,0,30,,27250,3,0,15,0,55,,27251,3,0,15,0,15,,27252,3,0,15,0,15,,27253,3,0,15,0,15,,27254,3,0,15,0,70,,27255,3,0,15,0,30,,27256,3,0,15,0,70,,27257,3,0,15,0,30,,27258,3,0,15,0,70,,27259,3,0,15,0,30,,27260,3,0,15,0,70,,27261,3,0,15,0,30,,27262,3,0,15,0,70,,27263,3,0,15,0,30,,27264,3,0,15,0,70,,27265,3,0,15,0,30,,27266,3,0,15,0,55,,27267,3,0,15,0,15,,27268,3,0,15,0,15,,27269,3,0,15,0,15,,27270,3,0,15,0,70,,27271,3,0,15,0,30,,27272,3,0,15,0,70,,27273,3,0,15,0,30,,27274,3,0,15,0,70,,27275,3,0,15,0,30,,27276,3,0,15,0,85,,27277,3,0,15,0,85,,27278,3,0,15,0,85,,27279,3,0,15,0,45,,27280,3,0,15,0,85,,27281,3,0,15,0,85,,27282,3,0,15,0
721203,'1353',618,,27283,3,0,15,0,30,,27284,3,0,15,0,70,,27285,3,0,15,0,30,,27286,3,0,15,0,55,,27287,3,0,15,0,15,,27288,3,0,15,0,15,,27289,3,0,15,0,15,,27290,3,0,15,0,70,,27291,3,0,15,0,30,,27292,3,0,15,0,70,,27293,3,0,15,0,30,,27294,3,0,15,0,70,,27295,3,0,15,0,30,,27296,3,0,15,0,70,,27297,3,0,15,0,30,,27298,3,0,15,0,70,,27299,3,0,15,0,30,,27300,3,0,15,0,70,,27301,3,0,15,0,30,,27302,3,0,15,0,55,,27303,3,0,15,0,15,,27304,3,0,15,0,15,,27305,3,0,15,0,15,,27306,3,0,15,0,70,,27307,3,0,15,0,30,,27308,3,0,15,0,70,,27309,3,0,15,0,30,,27310,3,0,15,0,70,,27311,3,0,15,0,30,,27312,3,0,15,0,85,,27313,3,0,15,0,85,,27314,3,0,15,0,85,,27315,3,0,15,0,45,,27316,3,0,15,0,85,,27317,3,0,15,0,85,,27318,3,0,15,0
721203,'1354',618,,27319,3,0,15,0,30,,27320,3,0,15,0,70,,27321,3,0,15,0,30,,27322,3,0,15,0,55,,27323,3,0,15,0,15,,27324,3,0,15,0,15,,27325,3,0,15,0,15,,27326,3,0,15,0,70,,27327,3,0,15,0,30,,27328,3,0,15,0,70,,27329,3,0,15,0,30,,27330,3,0,15,0,70,,27331,3,0,15,0,30,,27332,3,0,15,0,70,,27333,3,0,15,0,30,,27334,3,0,15,0,70,,27335,3,0,15,0,30,,27336,3,0,15,0,70,,27337,3,0,15,0,30,,27338,3,0,15,0,55,,27339,3,0,15,0,15,,27340,3,0,15,0,15,,27341,3,0,15,0,15,,27342,3,0,15,0,70,,27343,3,0,15,0,30,,27344,3,0,15,0,70,,27345,3,0,15,0,30,,27346,3,0,15,0,70,,27347,3,0,15,0,30,,27348,3,0,15,0,85,,27349,3,0,15,0,85,,27350,3,0,15,0,85,,27351,3,0,15,0,45,,27352,3,0,15,0,85,,27353,3,0,15,0,85,,27354,3,0,15,0
721501,'1348',936,,28342,29,0,17,0,100,,28341,29,0,17,0,100,,28333,29,0,17,0,100,,28332,29,0,17,0,100,,28338,29,0,17,0,100,,28337,29,0,17,0,100,,28336,29,0,17,0,100,,28335,29,0,17,0,100,,28334,29,0,17,0,100,,28340,29,0,17,0,100,,28339,29,0,17,0
721501,'1349',736,,28343,29,0,17,0,100,,28344,29,0,17,0,100,,28345,29,0,17,0,100,,28346,29,0,17,0,100,,28347,29,0,17,0,100,,28348,29,0,17,0,70,,28349,29,0,17,0,30,,28350,29,0,17,0,70,,28351,29,0,17,0,30,,28352,29,0,17,0,70,,28353,29,0,17,0,30,,28354,29,0,17,0,70,,28355,29,0,17,0,30,,28356,29,0,17,0,70,,28357,29,0,17,0,30,,28358,29,0,17,0,70,,28359,29,0,17,0,30,,28360,29,0,17,0,100,,28361,29,0,17,0
721501,'1350',736,,28362,29,0,17,0,70,,28363,29,0,17,0,30,,28364,29,0,17,0,70,,28365,29,0,17,0,30,,28366,29,0,17,0,70,,28367,29,0,17,0,30,,28368,29,0,17,0,70,,28369,29,0,17,0,30,,28370,29,0,17,0,70,,28371,29,0,17,0,30,,28372,29,0,17,0,70,,28373,29,0,17,0,30,,28374,29,0,17,0,70,,28375,29,0,17,0,30,,28376,29,0,17,0,70,,28377,29,0,17,0,30,,28378,29,0,17,0,70,,28379,29,0,17,0,30,,28380,29,0,17,0,70,,28381,29,0,17,0,30,,28382,29,0,17,0,70,,28383,29,0,17,0,30,,28384,29,0,17,0,70,,28385,29,0,17,0,30,,28386,29,0,17,0,100,,28387,29,0,17,0,100,,28388,29,0,17,0,100,,28389,29,0,17,0
721501,'1351',736,,28390,29,0,17,0,70,,28391,29,0,17,0,30,,28392,29,0,17,0,70,,28393,29,0,17,0,30,,28394,29,0,17,0,70,,28395,29,0,17,0,30,,28396,29,0,17,0,70,,28397,29,0,17,0,30,,28398,29,0,17,0,70,,28399,29,0,17,0,30,,28400,29,0,17,0,70,,28401,29,0,17,0,30,,28402,29,0,17,0,70,,28403,29,0,17,0,30,,28404,29,0,17,0,70,,28405,29,0,17,0,30,,28406,29,0,17,0,70,,28407,29,0,17,0,30,,28408,29,0,17,0,70,,28409,29,0,17,0,30,,28410,29,0,17,0,70,,28411,29,0,17,0,30,,28412,29,0,17,0,70,,28413,29,0,17,0,30,,28414,29,0,17,0,100,,28415,29,0,17,0,100,,28416,29,0,17,0,100,,28417,29,0,17,0
721501,'1352',736,,28418,29,0,17,0,70,,28419,29,0,17,0,30,,28420,29,0,17,0,70,,28421,29,0,17,0,30,,28422,29,0,17,0,70,,28423,29,0,17,0,30,,28424,29,0,17,0,70,,28425,29,0,17,0,30,,28426,29,0,17,0,70,,28427,29,0,17,0,30,,28428,29,0,17,0,70,,28429,29,0,17,0,30,,28430,29,0,17,0,70,,28431,29,0,17,0,30,,28432,29,0,17,0,70,,28433,29,0,17,0,30,,28434,29,0,17,0,70,,28435,29,0,17,0,30,,28436,29,0,17,0,70,,28437,29,0,17,0,30,,28438,29,0,17,0,70,,28439,29,0,17,0,30,,28440,29,0,17,0,70,,28441,29,0,17,0,30,,28442,29,0,17,0,100,,28443,29,0,17,0,100,,28444,29,0,17,0,100,,28445,29,0,17,0
721501,'1353',736,,28446,29,0,17,0,70,,28447,29,0,17,0,30,,28448,29,0,17,0,70,,28449,29,0,17,0,30,,28450,29,0,17,0,70,,28451,29,0,17,0,30,,28452,29,0,17,0,70,,28453,29,0,17,0,30,,28454,29,0,17,0,70,,28455,29,0,17,0,30,,28456,29,0,17,0,70,,28457,29,0,17,0,30,,28458,29,0,17,0,70,,28459,29,0,17,0,30,,28460,29,0,17,0,70,,28461,29,0,17,0,30,,28462,29,0,17,0,70,,28463,29,0,17,0,30,,28464,29,0,17,0,70,,28465,29,0,17,0,30,,28466,29,0,17,0,70,,28467,29,0,17,0,30,,28468,29,0,17,0,70,,28469,29,0,17,0,30,,28470,29,0,17,0,100,,28471,29,0,17,0,100,,28472,29,0,17,0,100,,28473,29,0,17,0
721501,'1354',736,,28474,29,0,17,0,70,,28475,29,0,17,0,30,,28476,29,0,17,0,70,,28477,29,0,17,0,30,,28478,29,0,17,0,70,,28479,29,0,17,0,30,,28480,29,0,17,0,70,,28481,29,0,17,0,30,,28482,29,0,17,0,70,,28483,29,0,17,0,30,,28484,29,0,17,0,70,,28485,29,0,17,0,30,,28486,29,0,17,0,70,,28487,29,0,17,0,30,,28488,29,0,17,0,70,,28489,29,0,17,0,30,,28490,29,0,17,0,70,,28491,29,0,17,0,30,,28492,29,0,17,0,70,,28493,29,0,17,0,30,,28494,29,0,17,0,70,,28495,29,0,17,0,30,,28496,29,0,17,0,70,,28497,29,0,17,0,30,,28498,29,0,17,0,100,,28499,29,0,17,0,100,,28500,29,0,17,0,100,,28501,29,0,17,0
