2800,'1350',632,,25085,3,,,0,75,,25086,3,,,0,35,,25087,3,,,0,75,,25088,3,,,0,35,,25089,3,,,0,75,,25090,3,,,0,75,,25091,3,,,0,35,,25092,3,,,0,75,,25093,3,,,0,35,,25094,3,,,0,75,,25095,3,,,0,35,,25096,3,,,0,75,,25097,3,,,0,75,,25098,3,,,0,35,,25099,3,,,0,75,,25100,3,,,0,35,,25101,3,,,0,75,,25102,3,,,0
2800,'1351',632,,25108,3,,,0,75,,25109,3,,,0,35,,25110,3,,,0,75,,25111,3,,,0,35,,25112,3,,,0,75,,25113,3,,,0,75,,25114,3,,,0,35,,25115,3,,,0,75,,25116,3,,,0,35,,25117,3,,,0,75,,25118,3,,,0,35,,25119,3,,,0,75,,25120,3,,,0,75,,25121,3,,,0,35,,25122,3,,,0,75,,25123,3,,,0,35,,25124,3,,,0,75,,25125,3,,,0
2800,'1352',632,,25131,3,,,0,75,,25132,3,,,0,35,,25133,3,,,0,75,,25134,3,,,0,35,,25135,3,,,0,75,,25136,3,,,0,75,,25137,3,,,0,35,,25138,3,,,0,75,,25139,3,,,0,35,,25140,3,,,0,75,,25141,3,,,0,35,,25142,3,,,0,75,,25143,3,,,0,75,,25144,3,,,0,35,,25145,3,,,0,75,,25146,3,,,0,35,,25147,3,,,0,75,,25148,3,,,0
2800,'1353',632,,25154,3,,,0,75,,25155,3,,,0,35,,25156,3,,,0,75,,25157,3,,,0,35,,25158,3,,,0,75,,25159,3,,,0,75,,25160,3,,,0,35,,25161,3,,,0,75,,25162,3,,,0,35,,25163,3,,,0,75,,25164,3,,,0,35,,25165,3,,,0,75,,25166,3,,,0,75,,25167,3,,,0,35,,25168,3,,,0,75,,25169,3,,,0,35,,25170,3,,,0,75,,25171,3,,,0
2800,'1354',632,,25177,3,,,0,75,,25178,3,,,0,35,,25179,3,,,0,75,,25180,3,,,0,35,,25181,3,,,0,75,,25182,3,,,0,75,,25183,3,,,0,35,,25184,3,,,0,75,,25185,3,,,0,35,,25186,3,,,0,75,,25187,3,,,0,35,,25188,3,,,0,75,,25189,3,,,0,75,,25190,3,,,0,35,,25191,3,,,0,75,,25192,3,,,0,35,,25193,3,,,0,75,,25194,3,,,0
2801,'1349',835,,25195,27,,,0,110,,25196,27,,,0,110,,25197,27,,,0,150,,25198,27,,,0,110,,25199,27,,,0,110,,25200,27,,,0,110,,25201,27,,,0,110,,25202,27,,,0,110,,25203,27,,,0,150,,25204,27,,,0
2801,'1350',1730,,25223,27,,,0,75,,25224,27,,,0,35,,25225,27,,,0,75,,25226,27,,,0,35,,25227,27,,,0
2801,'1351',1730,,25246,27,,,0,75,,25247,27,,,0,35,,25248,27,,,0,75,,25249,27,,,0,35,,25250,27,,,0
2801,'1352',1730,,25269,27,,,0,75,,25270,27,,,0,35,,25271,27,,,0,75,,25272,27,,,0,35,,25273,27,,,0
2801,'1353',1730,,25292,27,,,0,75,,25293,27,,,0,35,,25294,27,,,0,75,,25295,27,,,0,35,,25296,27,,,0
2801,'1354',1730,,25315,27,,,0,75,,25316,27,,,0,35,,25317,27,,,0,75,,25318,27,,,0,35,,25319,27,,,0
