70101,'1356',700,,32522,1,0,17,0,130,,32523,1,0,17,0,170,,32524,1,0,17,0,130,,32525,1,0,17,0,170,,32526,1,0,17,0,130,,32527,1,0,17,0,170,,32528,1,0,17,0,130,,32529,1,0,17,0
70101,'1357',700,,32530,1,0,17,0,45,,32531,1,0,17,0,85,,32532,1,0,17,0,85,,32533,1,0,17,0,85,,32534,1,0,17,0,130,,32535,1,0,17,0,170,,32536,1,0,17,0,45,,32537,1,0,17,0,85,,32538,1,0,17,0,85,,32539,1,0,17,0,85,,32540,1,0,17,0,45,,32541,1,0,17,0,85,,32542,1,0,17,0,85,,32543,1,0,17,0
70101,'1358',700,,32544,1,0,17,0,45,,32545,1,0,17,0,85,,32546,1,0,17,0,85,,32547,1,0,17,0,85,,32548,1,0,17,0,130,,32549,1,0,17,0,170,,32550,1,0,17,0,45,,32551,1,0,17,0,85,,32552,1,0,17,0,85,,32553,1,0,17,0,85,,32554,1,0,17,0,45,,32555,1,0,17,0,85,,32556,1,0,17,0,85,,32557,1,0,17,0
70101,'1359',700,,32558,1,0,17,0,45,,32559,1,0,17,0,85,,32560,1,0,17,0,85,,32561,1,0,17,0,85,,32562,1,0,17,0,130,,32563,1,0,17,0,170,,32564,1,0,17,0,45,,32565,1,0,17,0,85,,32566,1,0,17,0,85,,32567,1,0,17,0,85,,32568,1,0,17,0,45,,32569,1,0,17,0,85,,32570,1,0,17,0,85,,32571,1,0,17,0
70101,'1360',700,,32572,1,0,17,0,45,,32573,1,0,17,0,85,,32574,1,0,17,0,85,,32575,1,0,17,0,85,,32576,1,0,17,0,130,,32577,1,0,17,0,170,,32578,1,0,17,0,45,,32579,1,0,17,0,85,,32580,1,0,17,0,85,,32581,1,0,17,0,85,,32582,1,0,17,0,45,,32583,1,0,17,0,85,,32584,1,0,17,0,85,,32585,1,0,17,0
70101,'1361',700,,32586,1,0,17,0,45,,32587,1,0,17,0,85,,32588,1,0,17,0,85,,32589,1,0,17,0,85,,32590,1,0,17,0,130,,32591,1,0,17,0,170,,32592,1,0,17,0,45,,32593,1,0,17,0,85,,32594,1,0,17,0,85,,32595,1,0,17,0,85,,32596,1,0,17,0,45,,32597,1,0,17,0,85,,32598,1,0,17,0,85,,32599,1,0,17,0
70102,'1356',830,,32600,48,4,,0,170,,32601,48,4,,0,130,,32602,48,4,,0,170,,32603,48,4,,0,130,,32604,48,4,,0,170,,32605,48,4,,0,130,,32606,48,4,,0,170,,32607,48,4,,0
70102,'1357',745,,32608,48,4,,0,85,,32609,48,4,,0,85,,32610,48,4,,0,85,,32611,48,4,,0,45,,32612,48,4,,0,85,,32613,48,4,,0,170,,32614,48,4,,0,130,,32615,48,4,,0,85,,32616,48,4,,0,85,,32617,48,4,,0,45,,32618,48,4,,0,85,,32619,48,4,,0,85,,32620,48,4,,0,85,,32621,48,4,,0
70102,'1358',745,,32622,48,4,,0,85,,32623,48,4,,0,85,,32624,48,4,,0,85,,32625,48,4,,0,45,,32626,48,4,,0,85,,32627,48,4,,0,170,,32628,48,4,,0,130,,32629,48,4,,0,85,,32630,48,4,,0,85,,32631,48,4,,0,45,,32632,48,4,,0,85,,32633,48,4,,0,85,,32634,48,4,,0,85,,32635,48,4,,0
70102,'1359',745,,32636,48,4,,0,85,,32637,48,4,,0,85,,32638,48,4,,0,85,,32639,48,4,,0,45,,32640,48,4,,0,85,,32641,48,4,,0,170,,32642,48,4,,0,130,,32643,48,4,,0,85,,32644,48,4,,0,85,,32645,48,4,,0,45,,32646,48,4,,0,85,,32647,48,4,,0,85,,32648,48,4,,0,85,,32649,48,4,,0
70102,'1360',745,,32650,48,4,,0,85,,32651,48,4,,0,85,,32652,48,4,,0,85,,32653,48,4,,0,45,,32654,48,4,,0,85,,32655,48,4,,0,170,,32656,48,4,,0,130,,32657,48,4,,0,85,,32658,48,4,,0,85,,32659,48,4,,0,45,,32660,48,4,,0,85,,32661,48,4,,0,85,,32662,48,4,,0,85,,32663,48,4,,0
70102,'1361',745,,32664,48,4,,0,85,,32665,48,4,,0,85,,32666,48,4,,0,85,,32667,48,4,,0,45,,32668,48,4,,0,85,,32669,48,4,,0,170,,32670,48,4,,0,130,,32671,48,4,,0,85,,32672,48,4,,0,85,,32673,48,4,,0,45,,32674,48,4,,0,85,,32675,48,4,,0,85,,32676,48,4,,0,85,,32677,48,4,,0
