721203,'1348',1027,,27146,59,4,,0,85,,27145,59,4,,0,45,,27144,59,4,,0,85,,27143,59,4,,0,85,,27142,59,4,,0,85,,27141,59,4,,0,45,,27140,59,4,,0,85,,27139,59,4,,0,85,,27138,59,4,,0,85,,27137,59,4,,0,45,,27136,59,4,,0,85,,27135,59,4,,0,85,,27134,59,4,,0,85,,27133,59,4,,0
721203,'1349',727,,27147,59,4,,0,85,,27148,59,4,,0,45,,27149,59,4,,0,85,,27150,59,4,,0,85,,27151,59,4,,0,85,,27152,59,4,,0,30,,27153,59,4,,0,70,,27154,59,4,,0,30,,27155,59,4,,0,70,,27156,59,4,,0,30,,27157,59,4,,0,70,,27158,59,4,,0,30,,27159,59,4,,0,70,,27160,59,4,,0,30,,27161,59,4,,0,70,,27162,59,4,,0,30,,27163,59,4,,0,70,,27164,59,4,,0,30,,27165,59,4,,0,70,,27166,59,4,,0,30,,27167,59,4,,0,70,,27168,59,4,,0,45,,27169,59,4,,0,85,,27170,59,4,,0,85,,27171,59,4,,0,85,,27172,59,4,,0,45,,27173,59,4,,0,85,,27174,59,4,,0
721203,'1350',657,,27175,59,4,,0,70,,27176,59,4,,0,30,,27177,59,4,,0,70,,27178,59,4,,0,15,,27179,59,4,,0,15,,27180,59,4,,0,55,,27181,59,4,,0,15,,27182,59,4,,0,30,,27183,59,4,,0,70,,27184,59,4,,0,30,,27185,59,4,,0,70,,27186,59,4,,0,30,,27187,59,4,,0,70,,27188,59,4,,0,30,,27189,59,4,,0,70,,27190,59,4,,0,30,,27191,59,4,,0,70,,27192,59,4,,0,30,,27193,59,4,,0,70,,27194,59,4,,0,15,,27195,59,4,,0,15,,27196,59,4,,0,55,,27197,59,4,,0,15,,27198,59,4,,0,30,,27199,59,4,,0,70,,27200,59,4,,0,30,,27201,59,4,,0,70,,27202,59,4,,0,30,,27203,59,4,,0,70,,27204,59,4,,0,85,,27205,59,4,,0,45,,27206,59,4,,0,85,,27207,59,4,,0,85,,27208,59,4,,0,85,,27209,59,4,,0,45,,27210,59,4,,0
721203,'1351',657,,27211,59,4,,0,70,,27212,59,4,,0,30,,27213,59,4,,0,70,,27214,59,4,,0,15,,27215,59,4,,0,15,,27216,59,4,,0,55,,27217,59,4,,0,15,,27218,59,4,,0,30,,27219,59,4,,0,70,,27220,59,4,,0,30,,27221,59,4,,0,70,,27222,59,4,,0,30,,27223,59,4,,0,70,,27224,59,4,,0,30,,27225,59,4,,0,70,,27226,59,4,,0,30,,27227,59,4,,0,70,,27228,59,4,,0,30,,27229,59,4,,0,70,,27230,59,4,,0,15,,27231,59,4,,0,15,,27232,59,4,,0,55,,27233,59,4,,0,15,,27234,59,4,,0,30,,27235,59,4,,0,70,,27236,59,4,,0,30,,27237,59,4,,0,70,,27238,59,4,,0,30,,27239,59,4,,0,70,,27240,59,4,,0,85,,27241,59,4,,0,45,,27242,59,4,,0,85,,27243,59,4,,0,85,,27244,59,4,,0,85,,27245,59,4,,0,45,,27246,59,4,,0
721203,'1352',657,,27247,59,4,,0,70,,27248,59,4,,0,30,,27249,59,4,,0,70,,27250,59,4,,0,15,,27251,59,4,,0,15,,27252,59,4,,0,55,,27253,59,4,,0,15,,27254,59,4,,0,30,,27255,59,4,,0,70,,27256,59,4,,0,30,,27257,59,4,,0,70,,27258,59,4,,0,30,,27259,59,4,,0,70,,27260,59,4,,0,30,,27261,59,4,,0,70,,27262,59,4,,0,30,,27263,59,4,,0,70,,27264,59,4,,0,30,,27265,59,4,,0,70,,27266,59,4,,0,15,,27267,59,4,,0,15,,27268,59,4,,0,55,,27269,59,4,,0,15,,27270,59,4,,0,30,,27271,59,4,,0,70,,27272,59,4,,0,30,,27273,59,4,,0,70,,27274,59,4,,0,30,,27275,59,4,,0,70,,27276,59,4,,0,85,,27277,59,4,,0,45,,27278,59,4,,0,85,,27279,59,4,,0,85,,27280,59,4,,0,85,,27281,59,4,,0,45,,27282,59,4,,0
721203,'1353',657,,27283,59,4,,0,70,,27284,59,4,,0,30,,27285,59,4,,0,70,,27286,59,4,,0,15,,27287,59,4,,0,15,,27288,59,4,,0,55,,27289,59,4,,0,15,,27290,59,4,,0,30,,27291,59,4,,0,70,,27292,59,4,,0,30,,27293,59,4,,0,70,,27294,59,4,,0,30,,27295,59,4,,0,70,,27296,59,4,,0,30,,27297,59,4,,0,70,,27298,59,4,,0,30,,27299,59,4,,0,70,,27300,59,4,,0,30,,27301,59,4,,0,70,,27302,59,4,,0,15,,27303,59,4,,0,15,,27304,59,4,,0,55,,27305,59,4,,0,15,,27306,59,4,,0,30,,27307,59,4,,0,70,,27308,59,4,,0,30,,27309,59,4,,0,70,,27310,59,4,,0,30,,27311,59,4,,0,70,,27312,59,4,,0,85,,27313,59,4,,0,45,,27314,59,4,,0,85,,27315,59,4,,0,85,,27316,59,4,,0,85,,27317,59,4,,0,45,,27318,59,4,,0
721203,'1354',657,,27319,59,4,,0,70,,27320,59,4,,0,30,,27321,59,4,,0,70,,27322,59,4,,0,15,,27323,59,4,,0,15,,27324,59,4,,0,55,,27325,59,4,,0,15,,27326,59,4,,0,30,,27327,59,4,,0,70,,27328,59,4,,0,30,,27329,59,4,,0,70,,27330,59,4,,0,30,,27331,59,4,,0,70,,27332,59,4,,0,30,,27333,59,4,,0,70,,27334,59,4,,0,30,,27335,59,4,,0,70,,27336,59,4,,0,30,,27337,59,4,,0,70,,27338,59,4,,0,15,,27339,59,4,,0,15,,27340,59,4,,0,55,,27341,59,4,,0,15,,27342,59,4,,0,30,,27343,59,4,,0,70,,27344,59,4,,0,30,,27345,59,4,,0,70,,27346,59,4,,0,30,,27347,59,4,,0,70,,27348,59,4,,0,85,,27349,59,4,,0,45,,27350,59,4,,0,85,,27351,59,4,,0,85,,27352,59,4,,0,85,,27353,59,4,,0,45,,27354,59,4,,0
721204,'1348',900,,27368,1,0,14,0,45,,27367,1,0,14,0,85,,27366,1,0,14,0,85,,27365,1,0,14,0,85,,27364,1,0,14,0,45,,27363,1,0,14,0,85,,27362,1,0,14,0,85,,27361,1,0,14,0,85,,27360,1,0,14,0,45,,27359,1,0,14,0,85,,27358,1,0,14,0,85,,27357,1,0,14,0,85,,27356,1,0,14,0,45,,27355,1,0,14,0
721204,'1349',600,,27369,1,0,14,0,45,,27370,1,0,14,0,85,,27371,1,0,14,0,85,,27372,1,0,14,0,85,,27373,1,0,14,0,45,,27374,1,0,14,0,70,,27375,1,0,14,0,30,,27376,1,0,14,0,70,,27377,1,0,14,0,30,,27378,1,0,14,0,70,,27379,1,0,14,0,30,,27380,1,0,14,0,70,,27381,1,0,14,0,30,,27382,1,0,14,0,70,,27383,1,0,14,0,30,,27384,1,0,14,0,70,,27385,1,0,14,0,30,,27386,1,0,14,0,70,,27387,1,0,14,0,30,,27388,1,0,14,0,70,,27389,1,0,14,0,30,,27390,1,0,14,0,85,,27391,1,0,14,0,85,,27392,1,0,14,0,85,,27393,1,0,14,0,45,,27394,1,0,14,0,85,,27395,1,0,14,0,85,,27396,1,0,14,0
721204,'1350',600,,27397,1,0,14,0,30,,27398,1,0,14,0,70,,27399,1,0,14,0,15,,27400,1,0,14,0,15,,27401,1,0,14,0,15,,27402,1,0,14,0,55,,27403,1,0,14,0,30,,27404,1,0,14,0,70,,27405,1,0,14,0,30,,27406,1,0,14,0,70,,27407,1,0,14,0,30,,27408,1,0,14,0,70,,27409,1,0,14,0,30,,27410,1,0,14,0,70,,27411,1,0,14,0,30,,27412,1,0,14,0,70,,27413,1,0,14,0,30,,27414,1,0,14,0,70,,27415,1,0,14,0,15,,27416,1,0,14,0,15,,27417,1,0,14,0,15,,27418,1,0,14,0,55,,27419,1,0,14,0,30,,27420,1,0,14,0,70,,27421,1,0,14,0,30,,27422,1,0,14,0,70,,27423,1,0,14,0,30,,27424,1,0,14,0,70,,27425,1,0,14,0,45,,27426,1,0,14,0,85,,27427,1,0,14,0,85,,27428,1,0,14,0,85,,27429,1,0,14,0,45,,27430,1,0,14,0,85,,27431,1,0,14,0
721204,'1351',600,,27432,1,0,14,0,30,,27433,1,0,14,0,70,,27434,1,0,14,0,15,,27435,1,0,14,0,15,,27436,1,0,14,0,15,,27437,1,0,14,0,55,,27438,1,0,14,0,30,,27439,1,0,14,0,70,,27440,1,0,14,0,30,,27441,1,0,14,0,70,,27442,1,0,14,0,30,,27443,1,0,14,0,70,,27444,1,0,14,0,30,,27445,1,0,14,0,70,,27446,1,0,14,0,30,,27447,1,0,14,0,70,,27448,1,0,14,0,30,,27449,1,0,14,0,70,,27450,1,0,14,0,15,,27451,1,0,14,0,15,,27452,1,0,14,0,15,,27453,1,0,14,0,55,,27454,1,0,14,0,30,,27455,1,0,14,0,70,,27456,1,0,14,0,30,,27457,1,0,14,0,70,,27458,1,0,14,0,30,,27459,1,0,14,0,70,,27460,1,0,14,0,45,,27461,1,0,14,0,85,,27462,1,0,14,0,85,,27463,1,0,14,0,85,,27464,1,0,14,0,45,,27465,1,0,14,0,85,,27466,1,0,14,0
721204,'1352',600,,27467,1,0,14,0,30,,27468,1,0,14,0,70,,27469,1,0,14,0,15,,27470,1,0,14,0,15,,27471,1,0,14,0,15,,27472,1,0,14,0,55,,27473,1,0,14,0,30,,27474,1,0,14,0,70,,27475,1,0,14,0,30,,27476,1,0,14,0,70,,27477,1,0,14,0,30,,27478,1,0,14,0,70,,27479,1,0,14,0,30,,27480,1,0,14,0,70,,27481,1,0,14,0,30,,27482,1,0,14,0,70,,27483,1,0,14,0,30,,27484,1,0,14,0,70,,27485,1,0,14,0,15,,27486,1,0,14,0,15,,27487,1,0,14,0,15,,27488,1,0,14,0,55,,27489,1,0,14,0,30,,27490,1,0,14,0,70,,27491,1,0,14,0,30,,27492,1,0,14,0,70,,27493,1,0,14,0,30,,27494,1,0,14,0,70,,27495,1,0,14,0,45,,27496,1,0,14,0,85,,27497,1,0,14,0,85,,27498,1,0,14,0,85,,27499,1,0,14,0,45,,27500,1,0,14,0,85,,27501,1,0,14,0
721204,'1353',600,,27502,1,0,14,0,30,,27503,1,0,14,0,70,,27504,1,0,14,0,15,,27505,1,0,14,0,15,,27506,1,0,14,0,15,,27507,1,0,14,0,55,,27508,1,0,14,0,30,,27509,1,0,14,0,70,,27510,1,0,14,0,30,,27511,1,0,14,0,70,,27512,1,0,14,0,30,,27513,1,0,14,0,70,,27514,1,0,14,0,30,,27515,1,0,14,0,70,,27516,1,0,14,0,30,,27517,1,0,14,0,70,,27518,1,0,14,0,30,,27519,1,0,14,0,70,,27520,1,0,14,0,15,,27521,1,0,14,0,15,,27522,1,0,14,0,15,,27523,1,0,14,0,55,,27524,1,0,14,0,30,,27525,1,0,14,0,70,,27526,1,0,14,0,30,,27527,1,0,14,0,70,,27528,1,0,14,0,30,,27529,1,0,14,0,70,,27530,1,0,14,0,45,,27531,1,0,14,0,85,,27532,1,0,14,0,85,,27533,1,0,14,0,85,,27534,1,0,14,0,45,,27535,1,0,14,0,85,,27536,1,0,14,0
721204,'1354',600,,27537,1,0,14,0,30,,27538,1,0,14,0,70,,27539,1,0,14,0,15,,27540,1,0,14,0,15,,27541,1,0,14,0,15,,27542,1,0,14,0,55,,27543,1,0,14,0,30,,27544,1,0,14,0,70,,27545,1,0,14,0,30,,27546,1,0,14,0,70,,27547,1,0,14,0,30,,27548,1,0,14,0,70,,27549,1,0,14,0,30,,27550,1,0,14,0,70,,27551,1,0,14,0,30,,27552,1,0,14,0,70,,27553,1,0,14,0,30,,27554,1,0,14,0,70,,27555,1,0,14,0,15,,27556,1,0,14,0,15,,27557,1,0,14,0,15,,27558,1,0,14,0,55,,27559,1,0,14,0,30,,27560,1,0,14,0,70,,27561,1,0,14,0,30,,27562,1,0,14,0,70,,27563,1,0,14,0,30,,27564,1,0,14,0,70,,27565,1,0,14,0,45,,27566,1,0,14,0,85,,27567,1,0,14,0,85,,27568,1,0,14,0,85,,27569,1,0,14,0,45,,27570,1,0,14,0,85,,27571,1,0,14,0
