721303,'1327',835,,13165,0,6,0,80,,13164,0,6,0,40,,13163,0,6,0,80,,13162,0,6,0,80,,13161,0,6,0,40,,13160,0,6,0,80,,13159,0,6,0,80,,13158,0,6,0,40,,13157,0,6,0,80,,13156,0,6,0,80,,13155,0,6,0,40,,13154,0,6,0,80,,13153,0,6,0,80,,13152,0,6,0,40,,13151,0,6,0,80,,13150,0,6,0,80,,13149,0,6,0,40,,13148,0,6,0
721303,'1328',635,,13166,0,6,0,80,,13167,0,6,0,40,,13168,0,6,0,80,,13169,0,6,0,80,,13170,0,6,0,40,,13171,0,6,0,80,,13172,0,6,0,80,,13173,0,6,0,40,,13174,0,6,0,60,,13175,0,6,0,20,,13176,0,6,0,20,,13177,0,6,0,60,,13178,0,6,0,20,,13179,0,6,0,20,,13180,0,6,0,60,,13181,0,6,0,20,,13182,0,6,0,20,,13183,0,6,0,60,,13184,0,6,0,20,,13185,0,6,0,20,,13186,0,6,0,60,,13187,0,6,0,20,,13188,0,6,0,20,,13189,0,6,0,60,,13190,0,6,0,20,,13191,0,6,0,20,,13192,0,6,0,60,,13193,0,6,0,20,,13194,0,6,0,80,,13195,0,6,0,40,,13196,0,6,0,80,,13197,0,6,0,80,,13198,0,6,0,40,,13199,0,6,0,80,,13200,0,6,0,80,,13201,0,6,0
721303,'1329',610,,13202,0,6,0,45,,13203,0,6,0,60,,13204,0,6,0,25,,13205,0,6,0,60,,13206,0,6,0,25,,13207,0,6,0,20,,13208,0,6,0,65,,13209,0,6,0,20,,13210,0,6,0,25,,13211,0,6,0,60,,13212,0,6,0,25,,13213,0,6,0,60,,13214,0,6,0,25,,13215,0,6,0,20,,13216,0,6,0,65,,13217,0,6,0,20,,13218,0,6,0,25,,13219,0,6,0,60,,13220,0,6,0,25,,13221,0,6,0,60,,13222,0,6,0,25,,13223,0,6,0,20,,13224,0,6,0,65,,13225,0,6,0,20,,13226,0,6,0,25,,13227,0,6,0,60,,13228,0,6,0,25,,13229,0,6,0,60,,13230,0,6,0,25,,13231,0,6,0,20,,13232,0,6,0,65,,13233,0,6,0,20,,13234,0,6,0,70,,13235,0,6,0,35,,13236,0,6,0,80,,13237,0,6,0,40,,13238,0,6,0,80,,13239,0,6,0,80,,13240,0,6,0,40,,13241,0,6,0,80,,13242,0,6,0
721303,'1330',610,,13243,0,6,0,45,,13244,0,6,0,60,,13245,0,6,0,25,,13246,0,6,0,60,,13247,0,6,0,25,,13248,0,6,0,20,,13249,0,6,0,65,,13250,0,6,0,20,,13251,0,6,0,25,,13252,0,6,0,60,,13253,0,6,0,25,,13254,0,6,0,60,,13255,0,6,0,25,,13256,0,6,0,20,,13257,0,6,0,65,,13258,0,6,0,20,,13259,0,6,0,25,,13260,0,6,0,60,,13261,0,6,0,25,,13262,0,6,0,60,,13263,0,6,0,25,,13264,0,6,0,20,,13265,0,6,0,65,,13266,0,6,0,20,,13267,0,6,0,25,,13268,0,6,0,60,,13269,0,6,0,25,,13270,0,6,0,60,,13271,0,6,0,25,,13272,0,6,0,20,,13273,0,6,0,65,,13274,0,6,0,20,,13275,0,6,0,70,,13276,0,6,0,35,,13277,0,6,0,80,,13278,0,6,0,40,,13279,0,6,0,80,,13280,0,6,0,80,,13281,0,6,0,40,,13282,0,6,0,80,,13283,0,6,0
721303,'1331',610,,13284,0,6,0,45,,13285,0,6,0,60,,13286,0,6,0,25,,13287,0,6,0,60,,13288,0,6,0,25,,13289,0,6,0,20,,13290,0,6,0,65,,13291,0,6,0,20,,13292,0,6,0,25,,13293,0,6,0,60,,13294,0,6,0,25,,13295,0,6,0,60,,13296,0,6,0,25,,13297,0,6,0,20,,13298,0,6,0,65,,13299,0,6,0,20,,13300,0,6,0,25,,13301,0,6,0,60,,13302,0,6,0,25,,13303,0,6,0,60,,13304,0,6,0,25,,13305,0,6,0,20,,13306,0,6,0,65,,13307,0,6,0,20,,13308,0,6,0,25,,13309,0,6,0,60,,13310,0,6,0,25,,13311,0,6,0,60,,13312,0,6,0,25,,13313,0,6,0,20,,13314,0,6,0,65,,13315,0,6,0,20,,13316,0,6,0,70,,13317,0,6,0,35,,13318,0,6,0,80,,13319,0,6,0,40,,13320,0,6,0,80,,13321,0,6,0,80,,13322,0,6,0,40,,13323,0,6,0,80,,13324,0,6,0
721303,'1332',610,,13325,0,6,0,45,,13326,0,6,0,60,,13327,0,6,0,25,,13328,0,6,0,60,,13329,0,6,0,25,,13330,0,6,0,20,,13331,0,6,0,65,,13332,0,6,0,20,,13333,0,6,0,25,,13334,0,6,0,60,,13335,0,6,0,25,,13336,0,6,0,60,,13337,0,6,0,25,,13338,0,6,0,20,,13339,0,6,0,65,,13340,0,6,0,20,,13341,0,6,0,25,,13342,0,6,0,60,,13343,0,6,0,25,,13344,0,6,0,60,,13345,0,6,0,25,,13346,0,6,0,20,,13347,0,6,0,65,,13348,0,6,0,20,,13349,0,6,0,25,,13350,0,6,0,60,,13351,0,6,0,25,,13352,0,6,0,60,,13353,0,6,0,25,,13354,0,6,0,20,,13355,0,6,0,65,,13356,0,6,0,20,,13357,0,6,0,70,,13358,0,6,0,35,,13359,0,6,0,80,,13360,0,6,0,40,,13361,0,6,0,80,,13362,0,6,0,80,,13363,0,6,0,40,,13364,0,6,0,80,,13365,0,6,0
721303,'1333',610,,13366,0,6,0,45,,13367,0,6,0,60,,13368,0,6,0,25,,13369,0,6,0,60,,13370,0,6,0,25,,13371,0,6,0,20,,13372,0,6,0,65,,13373,0,6,0,20,,13374,0,6,0,25,,13375,0,6,0,60,,13376,0,6,0,25,,13377,0,6,0,60,,13378,0,6,0,25,,13379,0,6,0,20,,13380,0,6,0,65,,13381,0,6,0,20,,13382,0,6,0,25,,13383,0,6,0,60,,13384,0,6,0,25,,13385,0,6,0,60,,13386,0,6,0,25,,13387,0,6,0,20,,13388,0,6,0,65,,13389,0,6,0,20,,13390,0,6,0,25,,13391,0,6,0,60,,13392,0,6,0,25,,13393,0,6,0,60,,13394,0,6,0,25,,13395,0,6,0,20,,13396,0,6,0,65,,13397,0,6,0,20,,13398,0,6,0,70,,13399,0,6,0,35,,13400,0,6,0,80,,13401,0,6,0,40,,13402,0,6,0,80,,13403,0,6,0,80,,13404,0,6,0,40,,13405,0,6,0,80,,13406,0,6,0
721304,'1327',835,,13424,4,,0,80,,13423,4,,0,40,,13422,4,,0,80,,13421,4,,0,80,,13420,4,,0,40,,13419,4,,0,80,,13418,4,,0,80,,13417,4,,0,40,,13416,4,,0,80,,13415,4,,0,80,,13414,4,,0,40,,13413,4,,0,80,,13412,4,,0,80,,13411,4,,0,40,,13410,4,,0,80,,13409,4,,0,80,,13408,4,,0,40,,13407,4,,0
721304,'1328',635,,13425,4,,0,80,,13426,4,,0,40,,13427,4,,0,80,,13428,4,,0,80,,13429,4,,0,40,,13430,4,,0,80,,13431,4,,0,80,,13432,4,,0,40,,13433,4,,0,60,,13434,4,,0,20,,13435,4,,0,20,,13436,4,,0,60,,13437,4,,0,20,,13438,4,,0,20,,13439,4,,0,60,,13440,4,,0,20,,13441,4,,0,20,,13442,4,,0,60,,13443,4,,0,20,,13444,4,,0,20,,13445,4,,0,60,,13446,4,,0,20,,13447,4,,0,20,,13448,4,,0,60,,13449,4,,0,20,,13450,4,,0,20,,13451,4,,0,60,,13452,4,,0,20,,13453,4,,0,80,,13454,4,,0,40,,13455,4,,0,80,,13456,4,,0,80,,13457,4,,0,40,,13458,4,,0,80,,13459,4,,0,80,,13460,4,,0
721304,'1329',610,,13465,4,,0,45,,13464,4,,0,60,,13463,4,,0,25,,13462,4,,0,60,,13461,4,,0,25,,13466,4,,0,20,,13467,4,,0,65,,13468,4,,0,20,,13469,4,,0,25,,13470,4,,0,60,,13471,4,,0,25,,13472,4,,0,60,,13473,4,,0,25,,13474,4,,0,20,,13475,4,,0,65,,13476,4,,0,20,,13477,4,,0,25,,13478,4,,0,60,,13479,4,,0,25,,13480,4,,0,60,,13481,4,,0,25,,13482,4,,0,20,,13483,4,,0,65,,13484,4,,0,20,,13485,4,,0,25,,13486,4,,0,60,,13487,4,,0,25,,13488,4,,0,60,,13489,4,,0,25,,13490,4,,0,20,,13491,4,,0,65,,13492,4,,0,20,,13493,4,,0,70,,13494,4,,0,35,,13495,4,,0,80,,13496,4,,0,40,,13497,4,,0,80,,13498,4,,0,80,,13499,4,,0,40,,13500,4,,0,80,,13501,4,,0
721304,'1330',610,,13505,4,,0,45,,13504,4,,0,60,,13503,4,,0,25,,13502,4,,0,60,,13506,4,,0,25,,13507,4,,0,20,,13508,4,,0,65,,13509,4,,0,20,,13510,4,,0,25,,13511,4,,0,60,,13512,4,,0,25,,13513,4,,0,60,,13514,4,,0,25,,13515,4,,0,20,,13516,4,,0,65,,13517,4,,0,20,,13518,4,,0,25,,13519,4,,0,60,,13520,4,,0,25,,13521,4,,0,60,,13522,4,,0,25,,13523,4,,0,20,,13524,4,,0,65,,13525,4,,0,20,,13526,4,,0,25,,13527,4,,0,60,,13528,4,,0,25,,13529,4,,0,60,,13530,4,,0,25,,13531,4,,0,20,,13532,4,,0,65,,13533,4,,0,20,,13534,4,,0,70,,13535,4,,0,35,,13536,4,,0,80,,13537,4,,0,40,,13538,4,,0,80,,13539,4,,0,80,,13540,4,,0,40,,13541,4,,0,80,,13542,4,,0
721304,'1331',610,,13546,4,,0,45,,13545,4,,0,60,,13544,4,,0,25,,13543,4,,0,60,,13547,4,,0,25,,13548,4,,0,20,,13549,4,,0,65,,13550,4,,0,20,,13551,4,,0,25,,13552,4,,0,60,,13553,4,,0,25,,13554,4,,0,60,,13555,4,,0,25,,13556,4,,0,20,,13557,4,,0,65,,13558,4,,0,20,,13559,4,,0,25,,13560,4,,0,60,,13561,4,,0,25,,13562,4,,0,60,,13563,4,,0,25,,13564,4,,0,20,,13565,4,,0,65,,13566,4,,0,20,,13567,4,,0,25,,13568,4,,0,60,,13569,4,,0,25,,13570,4,,0,60,,13571,4,,0,25,,13572,4,,0,20,,13573,4,,0,65,,13574,4,,0,20,,13575,4,,0,70,,13576,4,,0,35,,13577,4,,0,80,,13578,4,,0,40,,13579,4,,0,80,,13580,4,,0,80,,13581,4,,0,40,,13582,4,,0,80,,13583,4,,0
721304,'1332',610,,13587,4,,0,45,,13586,4,,0,60,,13585,4,,0,25,,13584,4,,0,60,,13588,4,,0,25,,13589,4,,0,20,,13590,4,,0,65,,13591,4,,0,20,,13592,4,,0,25,,13593,4,,0,60,,13594,4,,0,25,,13595,4,,0,60,,13596,4,,0,25,,13597,4,,0,20,,13598,4,,0,65,,13599,4,,0,20,,13600,4,,0,25,,13601,4,,0,60,,13602,4,,0,25,,13603,4,,0,60,,13604,4,,0,25,,13605,4,,0,20,,13606,4,,0,65,,13607,4,,0,20,,13608,4,,0,25,,13609,4,,0,60,,13610,4,,0,25,,13611,4,,0,60,,13612,4,,0,25,,13613,4,,0,20,,13614,4,,0,65,,13615,4,,0,20,,13616,4,,0,70,,13617,4,,0,35,,13618,4,,0,80,,13619,4,,0,40,,13620,4,,0,80,,13621,4,,0,80,,13622,4,,0,40,,13623,4,,0,80,,13624,4,,0
721304,'1333',610,,13628,4,,0,45,,13627,4,,0,60,,13626,4,,0,25,,13625,4,,0,60,,13629,4,,0,25,,13630,4,,0,20,,13631,4,,0,65,,13632,4,,0,20,,13633,4,,0,25,,13634,4,,0,60,,13635,4,,0,25,,13636,4,,0,60,,13637,4,,0,25,,13638,4,,0,20,,13639,4,,0,65,,13640,4,,0,20,,13641,4,,0,25,,13642,4,,0,60,,13643,4,,0,25,,13644,4,,0,60,,13645,4,,0,25,,13646,4,,0,20,,13647,4,,0,65,,13648,4,,0,20,,13649,4,,0,25,,13650,4,,0,60,,13651,4,,0,25,,13652,4,,0,60,,13653,4,,0,25,,13654,4,,0,20,,13655,4,,0,65,,13656,4,,0,20,,13657,4,,0,70,,13658,4,,0,35,,13659,4,,0,80,,13660,4,,0,40,,13661,4,,0,80,,13662,4,,0,80,,13663,4,,0,40,,13664,4,,0,80,,13665,4,,0
