721501,'1355',957,,35544,51,0,17,0,100,,35543,51,0,17,0,100,,35542,51,0,17,0,100,,35541,51,0,17,0,100,,35540,51,0,17,0,100,,35539,51,0,17,0,100,,35538,51,0,17,0,100,,35537,51,0,17,0,100,,35536,51,0,17,0,100,,35535,51,0,17,0,100,,35534,51,0,17,0
721501,'1356',757,,35545,51,0,17,0,100,,35546,51,0,17,0,100,,35547,51,0,17,0,100,,35548,51,0,17,0,100,,35549,51,0,17,0,100,,35550,51,0,17,0,70,,35551,51,0,17,0,30,,35552,51,0,17,0,70,,35553,51,0,17,0,30,,35554,51,0,17,0,70,,35555,51,0,17,0,30,,35556,51,0,17,0,70,,35557,51,0,17,0,30,,35558,51,0,17,0,70,,35559,51,0,17,0,30,,35560,51,0,17,0,70,,35561,51,0,17,0,30,,35562,51,0,17,0,100,,35563,51,0,17,0
721501,'1357',757,,35564,51,0,17,0,70,,35565,51,0,17,0,30,,35566,51,0,17,0,70,,35567,51,0,17,0,30,,35568,51,0,17,0,70,,35569,51,0,17,0,30,,35570,51,0,17,0,70,,35571,51,0,17,0,30,,35572,51,0,17,0,70,,35573,51,0,17,0,30,,35574,51,0,17,0,70,,35575,51,0,17,0,30,,35576,51,0,17,0,70,,35577,51,0,17,0,30,,35578,51,0,17,0,70,,35579,51,0,17,0,30,,35580,51,0,17,0,70,,35581,51,0,17,0,30,,35582,51,0,17,0,70,,35583,51,0,17,0,30,,35584,51,0,17,0,70,,35585,51,0,17,0,30,,35586,51,0,17,0,70,,35587,51,0,17,0,30,,35588,51,0,17,0,100,,35589,51,0,17,0,100,,35590,51,0,17,0,100,,35591,51,0,17,0
721501,'1358',757,,35592,51,0,17,0,70,,35593,51,0,17,0,30,,35594,51,0,17,0,70,,35595,51,0,17,0,30,,35596,51,0,17,0,70,,35597,51,0,17,0,30,,35598,51,0,17,0,70,,35599,51,0,17,0,30,,35600,51,0,17,0,70,,35601,51,0,17,0,30,,35602,51,0,17,0,70,,35603,51,0,17,0,30,,35604,51,0,17,0,70,,35605,51,0,17,0,30,,35606,51,0,17,0,70,,35607,51,0,17,0,30,,35608,51,0,17,0,70,,35609,51,0,17,0,30,,35610,51,0,17,0,70,,35611,51,0,17,0,30,,35612,51,0,17,0,70,,35613,51,0,17,0,30,,35614,51,0,17,0,70,,35615,51,0,17,0,30,,35616,51,0,17,0,100,,35617,51,0,17,0,100,,35618,51,0,17,0,100,,35619,51,0,17,0
721501,'1359',757,,35620,51,0,17,0,70,,35621,51,0,17,0,30,,35622,51,0,17,0,70,,35623,51,0,17,0,30,,35624,51,0,17,0,70,,35625,51,0,17,0,30,,35626,51,0,17,0,70,,35627,51,0,17,0,30,,35628,51,0,17,0,70,,35629,51,0,17,0,30,,35630,51,0,17,0,70,,35631,51,0,17,0,30,,35632,51,0,17,0,70,,35633,51,0,17,0,30,,35634,51,0,17,0,70,,35635,51,0,17,0,30,,35636,51,0,17,0,70,,35637,51,0,17,0,30,,35638,51,0,17,0,70,,35639,51,0,17,0,30,,35640,51,0,17,0,70,,35641,51,0,17,0,30,,35642,51,0,17,0,70,,35643,51,0,17,0,30,,35644,51,0,17,0,100,,35645,51,0,17,0,100,,35646,51,0,17,0,100,,35647,51,0,17,0
721501,'1360',757,,35648,51,0,17,0,70,,35649,51,0,17,0,30,,35650,51,0,17,0,70,,35651,51,0,17,0,30,,35652,51,0,17,0,70,,35653,51,0,17,0,30,,35654,51,0,17,0,70,,35655,51,0,17,0,30,,35656,51,0,17,0,70,,35657,51,0,17,0,30,,35658,51,0,17,0,70,,35659,51,0,17,0,30,,35660,51,0,17,0,70,,35661,51,0,17,0,30,,35662,51,0,17,0,70,,35663,51,0,17,0,30,,35664,51,0,17,0,70,,35665,51,0,17,0,30,,35666,51,0,17,0,70,,35667,51,0,17,0,30,,35668,51,0,17,0,70,,35669,51,0,17,0,30,,35670,51,0,17,0,70,,35671,51,0,17,0,30,,35672,51,0,17,0,100,,35673,51,0,17,0,100,,35674,51,0,17,0,100,,35675,51,0,17,0
721501,'1361',757,,35676,51,0,17,0,70,,35677,51,0,17,0,30,,35678,51,0,17,0,70,,35679,51,0,17,0,30,,35680,51,0,17,0,70,,35681,51,0,17,0,30,,35682,51,0,17,0,70,,35683,51,0,17,0,30,,35684,51,0,17,0,70,,35685,51,0,17,0,30,,35686,51,0,17,0,70,,35687,51,0,17,0,30,,35688,51,0,17,0,70,,35689,51,0,17,0,30,,35690,51,0,17,0,70,,35691,51,0,17,0,30,,35692,51,0,17,0,70,,35693,51,0,17,0,30,,35694,51,0,17,0,70,,35695,51,0,17,0,30,,35696,51,0,17,0,70,,35697,51,0,17,0,30,,35698,51,0,17,0,70,,35699,51,0,17,0,30,,35700,51,0,17,0,100,,35701,51,0,17,0,100,,35702,51,0,17,0,100,,35703,51,0,17,0
721502,'1357',727,,35734,8,0,16,0
721502,'1358',727,,35763,8,0,16,0
721502,'1359',727,,35792,8,0,16,0
721502,'1360',727,,35821,8,0,16,0
721502,'1361',727,,35850,8,0,16,0
