261200,'1328',945,,11018,0,16 15,0,900,,11019,0,16 15,0
261200,'1329',715,,11020,0,16 15,0,700,,11021,0,16 15,0,500,,11022,0,16 15,0
261200,'1330',715,,11023,0,16 15,0,700,,11024,0,16 15,0,500,,11025,0,16 15,0
261200,'1331',715,,11026,0,16 15,0,700,,11027,0,16 15,0,500,,11028,0,16 15,0
261200,'1332',715,,11029,0,16 15,0,700,,11030,0,16 15,0,500,,11031,0,16 15,0
261200,'1333',715,,11032,0,16 15,0,700,,11033,0,16 15,0,500,,11034,0,16 15,0
261201,'1328',810,,11035,0,16 15,0,900,,11036,0,16 15,0
261201,'1329',540,,11037,0,16 15,0,700,,11038,0,16 15,0,500,,11039,0,16 15,0
261201,'1330',540,,11040,0,16 15,0,700,,11041,0,16 15,0,500,,11042,0,16 15,0
261201,'1331',540,,11043,0,16 15,0,700,,11044,0,16 15,0,500,,11045,0,16 15,0
261201,'1332',540,,11046,0,16 15,0,700,,11047,0,16 15,0,500,,11048,0,16 15,0
261201,'1333',540,,11049,0,16 15,0,700,,11050,0,16 15,0,500,,11051,0,16 15,0
