1901,'1348',908,,24297,10,,,0,100,,24296,10,,,0,100,,24295,10,,,0,100,,24294,10,,,0,100,,24305,10,,,0,100,,24302,10,,,0,100,,24301,10,,,0,100,,24300,10,,,0,100,,24299,10,,,0,100,,24298,10,,,0,100,,24304,10,,,0,100,,24303,10,,,0
1901,'1349',808,,24306,10,,,0,100,,24307,10,,,0,100,,24308,10,,,0,30,,24309,10,,,0,70,,24310,10,,,0,30,,24311,10,,,0,70,,24312,10,,,0,30,,24313,10,,,0,70,,24314,10,,,0,30,,24315,10,,,0,70,,24316,10,,,0,30,,24317,10,,,0,70,,24318,10,,,0,30,,24319,10,,,0,70,,24320,10,,,0,30,,24321,10,,,0,70,,24322,10,,,0,30,,24323,10,,,0,70,,24324,10,,,0,30,,24325,10,,,0,70,,24326,10,,,0,30,,24327,10,,,0,70,,24328,10,,,0,100,,24329,10,,,0,100,,24330,10,,,0,100,,24331,10,,,0
1901,'1350',608,,24332,10,,,0,30,,24333,10,,,0,70,,24334,10,,,0,30,,24335,10,,,0,70,,24336,10,,,0,30,,24337,10,,,0,70,,24338,10,,,0,30,,24339,10,,,0,70,,24340,10,,,0,30,,24341,10,,,0,70,,24342,10,,,0,30,,24343,10,,,0,70,,24344,10,,,0,30,,24345,10,,,0,70,,24346,10,,,0,30,,24347,10,,,0,70,,24348,10,,,0,30,,24349,10,,,0,70,,24350,10,,,0,30,,24351,10,,,0,70,,24352,10,,,0,30,,24353,10,,,0,70,,24354,10,,,0,30,,24355,10,,,0,70,,24356,10,,,0,30,,24357,10,,,0,70,,24358,10,,,0,30,,24359,10,,,0,70,,24360,10,,,0,30,,24361,10,,,0,70,,24362,10,,,0,30,,24363,10,,,0,100,,24364,10,,,0,100,,24365,10,,,0
1901,'1351',608,,24366,10,,,0,30,,24367,10,,,0,70,,24368,10,,,0,30,,24369,10,,,0,70,,24370,10,,,0,30,,24371,10,,,0,70,,24372,10,,,0,30,,24373,10,,,0,70,,24374,10,,,0,30,,24375,10,,,0,70,,24376,10,,,0,30,,24377,10,,,0,70,,24378,10,,,0,30,,24379,10,,,0,70,,24380,10,,,0,30,,24381,10,,,0,70,,24382,10,,,0,30,,24383,10,,,0,70,,24384,10,,,0,30,,24385,10,,,0,70,,24386,10,,,0,30,,24387,10,,,0,70,,24388,10,,,0,30,,24389,10,,,0,70,,24390,10,,,0,30,,24391,10,,,0,70,,24392,10,,,0,30,,24393,10,,,0,70,,24394,10,,,0,30,,24395,10,,,0,70,,24396,10,,,0,30,,24397,10,,,0,100,,24398,10,,,0,100,,24399,10,,,0
1901,'1352',608,,24400,10,,,0,30,,24401,10,,,0,70,,24402,10,,,0,30,,24403,10,,,0,70,,24404,10,,,0,30,,24405,10,,,0,70,,24406,10,,,0,30,,24407,10,,,0,70,,24408,10,,,0,30,,24409,10,,,0,70,,24410,10,,,0,30,,24411,10,,,0,70,,24412,10,,,0,30,,24413,10,,,0,70,,24414,10,,,0,30,,24415,10,,,0,70,,24416,10,,,0,30,,24417,10,,,0,70,,24418,10,,,0,30,,24419,10,,,0,70,,24420,10,,,0,30,,24421,10,,,0,70,,24422,10,,,0,30,,24423,10,,,0,70,,24424,10,,,0,30,,24425,10,,,0,70,,24426,10,,,0,30,,24427,10,,,0,70,,24428,10,,,0,30,,24429,10,,,0,70,,24430,10,,,0,30,,24431,10,,,0,100,,24432,10,,,0,100,,24433,10,,,0
1901,'1353',608,,24434,10,,,0,30,,24435,10,,,0,70,,24436,10,,,0,30,,24437,10,,,0,70,,24438,10,,,0,30,,24439,10,,,0,70,,24440,10,,,0,30,,24441,10,,,0,70,,24442,10,,,0,30,,24443,10,,,0,70,,24444,10,,,0,30,,24445,10,,,0,70,,24446,10,,,0,30,,24447,10,,,0,70,,24448,10,,,0,30,,24449,10,,,0,70,,24450,10,,,0,30,,24451,10,,,0,70,,24452,10,,,0,30,,24453,10,,,0,70,,24454,10,,,0,30,,24455,10,,,0,70,,24456,10,,,0,30,,24457,10,,,0,70,,24458,10,,,0,30,,24459,10,,,0,70,,24460,10,,,0,30,,24461,10,,,0,70,,24462,10,,,0,30,,24463,10,,,0,70,,24464,10,,,0,30,,24465,10,,,0,100,,24466,10,,,0,100,,24467,10,,,0
1901,'1354',608,,24468,10,,,0,30,,24469,10,,,0,70,,24470,10,,,0,30,,24471,10,,,0,70,,24472,10,,,0,30,,24473,10,,,0,70,,24474,10,,,0,30,,24475,10,,,0,70,,24476,10,,,0,30,,24477,10,,,0,70,,24478,10,,,0,30,,24479,10,,,0,70,,24480,10,,,0,30,,24481,10,,,0,70,,24482,10,,,0,30,,24483,10,,,0,70,,24484,10,,,0,30,,24485,10,,,0,70,,24486,10,,,0,30,,24487,10,,,0,70,,24488,10,,,0,30,,24489,10,,,0,70,,24490,10,,,0,30,,24491,10,,,0,70,,24492,10,,,0,30,,24493,10,,,0,70,,24494,10,,,0,30,,24495,10,,,0,70,,24496,10,,,0,30,,24497,10,,,0,70,,24498,10,,,0,30,,24499,10,,,0,100,,24500,10,,,0,100,,24501,10,,,0
647703,'1348',953,,26741,32,0,15,0,70,,26740,32,0,15,0,30,,26739,32,0,15,0,70,,26738,32,0,15,0,30,,26737,32,0,15,0,70,,26736,32,0,15,0,30,,26735,32,0,15,0,70,,26734,32,0,15,0,30,,26733,32,0,15,0,70,,26732,32,0,15,0,30,,26731,32,0,15,0,70,,26730,32,0,15,0,30,,26729,32,0,15,0,70,,26728,32,0,15,0,30,,26727,32,0,15,0,70,,26726,32,0,15,0,30,,26725,32,0,15,0,100,,26724,32,0,15,0,100,,26723,32,0,15,0
647703,'1349',853,,26742,32,0,15,0,70,,26743,32,0,15,0,30,,26744,32,0,15,0,70,,26745,32,0,15,0,30,,26746,32,0,15,0,70,,26747,32,0,15,0,30,,26748,32,0,15,0,70,,26749,32,0,15,0,30,,26750,32,0,15,0,70,,26751,32,0,15,0,30,,26752,32,0,15,0,70,,26753,32,0,15,0,30,,26754,32,0,15,0,70,,26755,32,0,15,0,30,,26756,32,0,15,0,70,,26757,32,0,15,0,30,,26758,32,0,15,0,70,,26759,32,0,15,0,30,,26760,32,0,15,0,70,,26761,32,0,15,0,30,,26762,32,0,15,0,70,,26763,32,0,15,0,30,,26764,32,0,15,0,100,,26765,32,0,15,0,100,,26766,32,0,15,0,100,,26767,32,0,15,0
647703,'1350',653,,26768,32,0,15,0,70,,26769,32,0,15,0,30,,26770,32,0,15,0,70,,26771,32,0,15,0,30,,26772,32,0,15,0,70,,26773,32,0,15,0,30,,26774,32,0,15,0,70,,26775,32,0,15,0,30,,26776,32,0,15,0,70,,26777,32,0,15,0,30,,26778,32,0,15,0,70,,26779,32,0,15,0,30,,26780,32,0,15,0,70,,26781,32,0,15,0,30,,26782,32,0,15,0,70,,26783,32,0,15,0,30,,26784,32,0,15,0,70,,26785,32,0,15,0,30,,26786,32,0,15,0,70,,26787,32,0,15,0,30,,26788,32,0,15,0,70,,26789,32,0,15,0,30,,26790,32,0,15,0,70,,26791,32,0,15,0,30,,26792,32,0,15,0,70,,26793,32,0,15,0,30,,26794,32,0,15,0,70,,26795,32,0,15,0,30,,26796,32,0,15,0,100,,26797,32,0,15,0,100,,26798,32,0,15,0,100,,26799,32,0,15,0
647703,'1351',653,,26800,32,0,15,0,70,,26801,32,0,15,0,30,,26802,32,0,15,0,70,,26803,32,0,15,0,30,,26804,32,0,15,0,70,,26805,32,0,15,0,30,,26806,32,0,15,0,70,,26807,32,0,15,0,30,,26808,32,0,15,0,70,,26809,32,0,15,0,30,,26810,32,0,15,0,70,,26811,32,0,15,0,30,,26812,32,0,15,0,70,,26813,32,0,15,0,30,,26814,32,0,15,0,70,,26815,32,0,15,0,30,,26816,32,0,15,0,70,,26817,32,0,15,0,30,,26818,32,0,15,0,70,,26819,32,0,15,0,30,,26820,32,0,15,0,70,,26821,32,0,15,0,30,,26822,32,0,15,0,70,,26823,32,0,15,0,30,,26824,32,0,15,0,70,,26825,32,0,15,0,30,,26826,32,0,15,0,70,,26827,32,0,15,0,30,,26828,32,0,15,0,100,,26829,32,0,15,0,100,,26830,32,0,15,0,100,,26831,32,0,15,0
647703,'1352',653,,26832,32,0,15,0,70,,26833,32,0,15,0,30,,26834,32,0,15,0,70,,26835,32,0,15,0,30,,26836,32,0,15,0,70,,26837,32,0,15,0,30,,26838,32,0,15,0,70,,26839,32,0,15,0,30,,26840,32,0,15,0,70,,26841,32,0,15,0,30,,26842,32,0,15,0,70,,26843,32,0,15,0,30,,26844,32,0,15,0,70,,26845,32,0,15,0,30,,26846,32,0,15,0,70,,26847,32,0,15,0,30,,26848,32,0,15,0,70,,26849,32,0,15,0,30,,26850,32,0,15,0,70,,26851,32,0,15,0,30,,26852,32,0,15,0,70,,26853,32,0,15,0,30,,26854,32,0,15,0,70,,26855,32,0,15,0,30,,26856,32,0,15,0,70,,26857,32,0,15,0,30,,26858,32,0,15,0,70,,26859,32,0,15,0,30,,26860,32,0,15,0,100,,26861,32,0,15,0,100,,26862,32,0,15,0,100,,26863,32,0,15,0
647703,'1353',653,,26864,32,0,15,0,70,,26865,32,0,15,0,30,,26866,32,0,15,0,70,,26867,32,0,15,0,30,,26868,32,0,15,0,70,,26869,32,0,15,0,30,,26870,32,0,15,0,70,,26871,32,0,15,0,30,,26872,32,0,15,0,70,,26873,32,0,15,0,30,,26874,32,0,15,0,70,,26875,32,0,15,0,30,,26876,32,0,15,0,70,,26877,32,0,15,0,30,,26878,32,0,15,0,70,,26879,32,0,15,0,30,,26880,32,0,15,0,70,,26881,32,0,15,0,30,,26882,32,0,15,0,70,,26883,32,0,15,0,30,,26884,32,0,15,0,70,,26885,32,0,15,0,30,,26886,32,0,15,0,70,,26887,32,0,15,0,30,,26888,32,0,15,0,70,,26889,32,0,15,0,30,,26890,32,0,15,0,70,,26891,32,0,15,0,30,,26892,32,0,15,0,100,,26893,32,0,15,0,100,,26894,32,0,15,0,100,,26895,32,0,15,0
647703,'1354',653,,26896,32,0,15,0,70,,26897,32,0,15,0,30,,26898,32,0,15,0,70,,26899,32,0,15,0,30,,26900,32,0,15,0,70,,26901,32,0,15,0,30,,26902,32,0,15,0,70,,26903,32,0,15,0,30,,26904,32,0,15,0,70,,26905,32,0,15,0,30,,26906,32,0,15,0,70,,26907,32,0,15,0,30,,26908,32,0,15,0,70,,26909,32,0,15,0,30,,26910,32,0,15,0,70,,26911,32,0,15,0,30,,26912,32,0,15,0,70,,26913,32,0,15,0,30,,26914,32,0,15,0,70,,26915,32,0,15,0,30,,26916,32,0,15,0,70,,26917,32,0,15,0,30,,26918,32,0,15,0,70,,26919,32,0,15,0,30,,26920,32,0,15,0,70,,26921,32,0,15,0,30,,26922,32,0,15,0,70,,26923,32,0,15,0,30,,26924,32,0,15,0,100,,26925,32,0,15,0,100,,26926,32,0,15,0,100,,26927,32,0,15,0
