2000,'1348',917,,24502,2,,,0
2000,'1349',617,,24518,2,,,0
2000,'1350',542,,24558,2,,,0
2000,'1351',542,,24606,2,,,0
2000,'1352',542,,24654,2,,,0
2000,'1353',542,,24702,2,,,0
2000,'1354',542,,24750,2,,,0
2001,'1348',1002,,24801,70,,,0,45,,24800,70,,,0,85,,24799,70,,,0,85,,24798,70,,,0,85,,24797,70,,,0,45,,24796,70,,,0,85,,24792,70,,,0,85,,24803,70,,,0,85,,24802,70,,,0,45,,24795,70,,,0,86,,24794,70,,,0,84,,24793,70,,,0,85,,24791,70,,,0,45,,24790,70,,,0,85,,24789,70,,,0
2001,'1349',702,,24821,70,,,0,45,,24822,70,,,0,85,,24823,70,,,0,85,,24824,70,,,0,38,,24804,70,,,0,70,,24805,70,,,0,30,,24806,70,,,0,70,,24807,70,,,0,80,,24808,70,,,0,30,,24809,70,,,0,70,,24810,70,,,0,30,,24811,70,,,0,80,,24812,70,,,0,30,,24813,70,,,0,70,,24814,70,,,0,30,,24815,70,,,0,80,,24816,70,,,0,30,,24817,70,,,0,70,,24818,70,,,0,30,,24819,70,,,0,80,,24820,70,,,0,77,,24825,70,,,0,45,,24826,70,,,0,85,,24827,70,,,0,85,,24828,70,,,0,85,,24829,70,,,0,45,,24830,70,,,0,85,,24831,70,,,0,85,,24832,70,,,0,85,,24833,70,,,0
2001,'1350',642,,24834,70,,,0,60,,24835,70,,,0,20,,24836,70,,,0,20,,24837,70,,,0,60,,24838,70,,,0,20,,24839,70,,,0,20,,24840,70,,,0,60,,24841,70,,,0,20,,24842,70,,,0,20,,24843,70,,,0,60,,24844,70,,,0,20,,24845,70,,,0,20,,24846,70,,,0,60,,24847,70,,,0,20,,24848,70,,,0,20,,24849,70,,,0,60,,24850,70,,,0,20,,24851,70,,,0,20,,24852,70,,,0,60,,24853,70,,,0,20,,24854,70,,,0,20,,24855,70,,,0,60,,24856,70,,,0,20,,24857,70,,,0,20,,24858,70,,,0,60,,24859,70,,,0,20,,24860,70,,,0,20,,24861,70,,,0,60,,24862,70,,,0,20,,24863,70,,,0,20,,24864,70,,,0,60,,24865,70,,,0,20,,24866,70,,,0,20,,24867,70,,,0,60,,24868,70,,,0,20,,24869,70,,,0,20,,24870,70,,,0,60,,24871,70,,,0,45,,24872,70,,,0,85,,24873,70,,,0,85,,24874,70,,,0,85,,24875,70,,,0,45,,24876,70,,,0,85,,24877,70,,,0,85,,24878,70,,,0,85,,24879,70,,,0,45,,24880,70,,,0
2001,'1351',642,,24881,70,,,0,60,,24882,70,,,0,20,,24883,70,,,0,20,,24884,70,,,0,60,,24885,70,,,0,20,,24886,70,,,0,20,,24887,70,,,0,60,,24888,70,,,0,20,,24889,70,,,0,20,,24890,70,,,0,60,,24891,70,,,0,20,,24892,70,,,0,20,,24893,70,,,0,60,,24894,70,,,0,20,,24895,70,,,0,20,,24896,70,,,0,60,,24897,70,,,0,20,,24898,70,,,0,20,,24899,70,,,0,60,,24900,70,,,0,20,,24901,70,,,0,20,,24902,70,,,0,60,,24903,70,,,0,20,,24904,70,,,0,20,,24905,70,,,0,60,,24906,70,,,0,20,,24907,70,,,0,20,,24908,70,,,0,60,,24909,70,,,0,20,,24910,70,,,0,20,,24911,70,,,0,60,,24912,70,,,0,20,,24913,70,,,0,20,,24914,70,,,0,60,,24915,70,,,0,20,,24916,70,,,0,20,,24917,70,,,0,60,,24918,70,,,0,45,,24919,70,,,0,85,,24920,70,,,0,85,,24921,70,,,0,85,,24922,70,,,0,45,,24923,70,,,0,85,,24924,70,,,0,85,,24925,70,,,0,85,,24926,70,,,0,45,,24927,70,,,0
2001,'1352',642,,24928,70,,,0,60,,24929,70,,,0,20,,24930,70,,,0,20,,24931,70,,,0,60,,24932,70,,,0,20,,24933,70,,,0,20,,24934,70,,,0,60,,24935,70,,,0,20,,24936,70,,,0,20,,24937,70,,,0,60,,24938,70,,,0,20,,24939,70,,,0,20,,24940,70,,,0,60,,24941,70,,,0,20,,24942,70,,,0,20,,24943,70,,,0,60,,24944,70,,,0,20,,24945,70,,,0,20,,24946,70,,,0,60,,24947,70,,,0,20,,24948,70,,,0,20,,24949,70,,,0,60,,24950,70,,,0,20,,24951,70,,,0,20,,24952,70,,,0,60,,24953,70,,,0,20,,24954,70,,,0,20,,24955,70,,,0,60,,24956,70,,,0,20,,24957,70,,,0,20,,24958,70,,,0,60,,24959,70,,,0,20,,24960,70,,,0,20,,24961,70,,,0,60,,24962,70,,,0,20,,24963,70,,,0,20,,24964,70,,,0,60,,24965,70,,,0,45,,24966,70,,,0,85,,24967,70,,,0,85,,24968,70,,,0,85,,24969,70,,,0,45,,24970,70,,,0,85,,24971,70,,,0,85,,24972,70,,,0,85,,24973,70,,,0,45,,24974,70,,,0
2001,'1353',642,,24975,70,,,0,60,,24976,70,,,0,20,,24977,70,,,0,20,,24978,70,,,0,60,,24979,70,,,0,20,,24980,70,,,0,20,,24981,70,,,0,60,,24982,70,,,0,20,,24983,70,,,0,20,,24984,70,,,0,60,,24985,70,,,0,20,,24986,70,,,0,20,,24987,70,,,0,60,,24988,70,,,0,20,,24989,70,,,0,20,,24990,70,,,0,60,,24991,70,,,0,20,,24992,70,,,0,20,,24993,70,,,0,60,,24994,70,,,0,20,,24995,70,,,0,20,,24996,70,,,0,60,,24997,70,,,0,20,,24998,70,,,0,20,,24999,70,,,0,60,,25000,70,,,0,20,,25001,70,,,0,20,,25002,70,,,0,60,,25003,70,,,0,20,,25004,70,,,0,20,,25005,70,,,0,60,,25006,70,,,0,20,,25007,70,,,0,20,,25008,70,,,0,60,,25009,70,,,0,20,,25010,70,,,0,20,,25011,70,,,0,60,,25012,70,,,0,45,,25013,70,,,0,85,,25014,70,,,0,85,,25015,70,,,0,85,,25016,70,,,0,45,,25017,70,,,0,85,,25018,70,,,0,85,,25019,70,,,0,85,,25020,70,,,0,45,,25021,70,,,0
2001,'1354',642,,25022,70,,,0,60,,25023,70,,,0,20,,25024,70,,,0,20,,25025,70,,,0,60,,25026,70,,,0,20,,25027,70,,,0,20,,25028,70,,,0,60,,25029,70,,,0,20,,25030,70,,,0,20,,25031,70,,,0,60,,25032,70,,,0,20,,25033,70,,,0,20,,25034,70,,,0,60,,25035,70,,,0,20,,25036,70,,,0,20,,25037,70,,,0,60,,25038,70,,,0,20,,25039,70,,,0,20,,25040,70,,,0,60,,25041,70,,,0,20,,25042,70,,,0,20,,25043,70,,,0,60,,25044,70,,,0,20,,25045,70,,,0,20,,25046,70,,,0,60,,25047,70,,,0,20,,25048,70,,,0,20,,25049,70,,,0,60,,25050,70,,,0,20,,25051,70,,,0,20,,25052,70,,,0,60,,25053,70,,,0,20,,25054,70,,,0,20,,25055,70,,,0,60,,25056,70,,,0,20,,25057,70,,,0,20,,25058,70,,,0,60,,25059,70,,,0,45,,25060,70,,,0,85,,25061,70,,,0,85,,25062,70,,,0,85,,25063,70,,,0,45,,25064,70,,,0,85,,25065,70,,,0,85,,25066,70,,,0,85,,25067,70,,,0,45,,25068,70,,,0
