647701,'1327',925,,12522,,,0,100,,12521,,,0,30,,12520,,,0,70,,12519,,,0,30,,12518,,,0,70,,12517,,,0,30,,12516,,,0,70,,12515,,,0,30,,12514,,,0,70,,12513,,,0,30,,12512,,,0,70,,12511,,,0,30,,12510,,,0,70,,12509,,,0,30,,12508,,,0,70,,12507,,,0,30,,12506,,,0,70,,12505,,,0,100,,12504,,,0
647701,'1328',825,,12523,,,0,100,,12524,,,0,30,,12525,,,0,70,,12526,,,0,30,,12527,,,0,70,,12528,,,0,30,,12529,,,0,70,,12530,,,0,30,,12531,,,0,70,,12532,,,0,30,,12533,,,0,70,,12534,,,0,30,,12535,,,0,70,,12536,,,0,30,,12537,,,0,70,,12538,,,0,30,,12539,,,0,70,,12540,,,0,30,,12541,,,0,70,,12542,,,0,30,,12543,,,0,70,,12544,,,0,30,,12545,,,0,70,,12546,,,0,100,,12547,,,0,100,,12548,,,0
647701,'1329',625,,12549,,,0,100,,12550,,,0,30,,12551,,,0,70,,12552,,,0,30,,12553,,,0,70,,12554,,,0,30,,12555,,,0,70,,12556,,,0,30,,12557,,,0,70,,12558,,,0,30,,12559,,,0,70,,12560,,,0,30,,12561,,,0,70,,12562,,,0,30,,12563,,,0,70,,12564,,,0,30,,12565,,,0,70,,12566,,,0,30,,12567,,,0,70,,12568,,,0,30,,12569,,,0,70,,12570,,,0,30,,12571,,,0,70,,12572,,,0,30,,12573,,,0,70,,12574,,,0,30,,12575,,,0,70,,12576,,,0,30,,12577,,,0,70,,12578,,,0,100,,12579,,,0,100,,12580,,,0
647701,'1330',625,,12581,,,0,100,,12582,,,0,30,,12583,,,0,70,,12584,,,0,30,,12585,,,0,70,,12586,,,0,30,,12587,,,0,70,,12588,,,0,30,,12589,,,0,70,,12590,,,0,30,,12591,,,0,70,,12592,,,0,30,,12593,,,0,70,,12594,,,0,30,,12595,,,0,70,,12596,,,0,30,,12597,,,0,70,,12598,,,0,30,,12599,,,0,70,,12600,,,0,30,,12601,,,0,70,,12602,,,0,30,,12603,,,0,70,,12604,,,0,30,,12605,,,0,70,,12606,,,0,30,,12607,,,0,70,,12608,,,0,30,,12609,,,0,70,,12610,,,0,100,,12611,,,0,100,,12612,,,0
647701,'1331',625,,12613,,,0,100,,12614,,,0,30,,12615,,,0,70,,12616,,,0,30,,12617,,,0,70,,12618,,,0,30,,12619,,,0,70,,12620,,,0,30,,12621,,,0,70,,12622,,,0,30,,12623,,,0,70,,12624,,,0,30,,12625,,,0,70,,12626,,,0,30,,12627,,,0,70,,12628,,,0,30,,12629,,,0,70,,12630,,,0,30,,12631,,,0,70,,12632,,,0,30,,12633,,,0,70,,12634,,,0,30,,12635,,,0,70,,12636,,,0,30,,12637,,,0,70,,12638,,,0,30,,12639,,,0,70,,12640,,,0,30,,12641,,,0,70,,12642,,,0,100,,12643,,,0,100,,12644,,,0
647701,'1332',625,,12645,,,0,100,,12646,,,0,30,,12647,,,0,70,,12648,,,0,30,,12649,,,0,70,,12650,,,0,30,,12651,,,0,70,,12652,,,0,30,,12653,,,0,70,,12654,,,0,30,,12655,,,0,70,,12656,,,0,30,,12657,,,0,70,,12658,,,0,30,,12659,,,0,70,,12660,,,0,30,,12661,,,0,70,,12662,,,0,30,,12663,,,0,70,,12664,,,0,30,,12665,,,0,70,,12666,,,0,30,,12667,,,0,70,,12668,,,0,30,,12669,,,0,70,,12670,,,0,30,,12671,,,0,70,,12672,,,0,30,,12673,,,0,70,,12674,,,0,100,,12675,,,0,100,,12676,,,0
647701,'1333',625,,12677,,,0,100,,12678,,,0,30,,12679,,,0,70,,12680,,,0,30,,12681,,,0,70,,12682,,,0,30,,12683,,,0,70,,12684,,,0,30,,12685,,,0,70,,12686,,,0,30,,12687,,,0,70,,12688,,,0,30,,12689,,,0,70,,12690,,,0,30,,12691,,,0,70,,12692,,,0,30,,12693,,,0,70,,12694,,,0,30,,12695,,,0,70,,12696,,,0,30,,12697,,,0,70,,12698,,,0,30,,12699,,,0,70,,12700,,,0,30,,12701,,,0,70,,12702,,,0,30,,12703,,,0,70,,12704,,,0,30,,12705,,,0,70,,12706,,,0,100,,12707,,,0,100,,12708,,,0
721500,'1327',921,,14088,,,0,100,,14087,,,0,100,,14086,,,0,100,,14085,,,0,100,,14084,,,0,100,,14083,,,0,100,,14082,,,0,100,,14081,,,0,100,,14080,,,0,100,,14079,,,0,100,,14078,,,0
721500,'1328',721,,14089,,,0,100,,14090,,,0,100,,14091,,,0,100,,14092,,,0,100,,14093,,,0,100,,14094,,,0,100,,14095,,,0,30,,14096,,,0,70,,14097,,,0,30,,14098,,,0,70,,14099,,,0,30,,14100,,,0,70,,14101,,,0,30,,14102,,,0,70,,14103,,,0,30,,14104,,,0,70,,14105,,,0,30,,14106,,,0,70,,14107,,,0
721500,'1329',721,,14108,,,0,30,,14109,,,0,70,,14110,,,0,30,,14111,,,0,70,,14112,,,0,30,,14113,,,0,70,,14114,,,0,30,,14115,,,0,70,,14116,,,0,30,,14117,,,0,70,,14118,,,0,30,,14119,,,0,70,,14120,,,0,30,,14121,,,0,70,,14122,,,0,30,,14123,,,0,70,,14124,,,0,30,,14125,,,0,70,,14126,,,0,30,,14127,,,0,70,,14128,,,0,30,,14129,,,0,70,,14130,,,0,30,,14131,,,0,70,,14132,,,0,100,,14133,,,0,100,,14134,,,0,100,,14135,,,0
721500,'1330',721,,14137,,,0,30,,14138,,,0,70,,14139,,,0,30,,14140,,,0,70,,14141,,,0,30,,14142,,,0,70,,14143,,,0,30,,14144,,,0,70,,14145,,,0,30,,14146,,,0,70,,14147,,,0,30,,14148,,,0,70,,14149,,,0,30,,14150,,,0,70,,14151,,,0,30,,14152,,,0,70,,14153,,,0,30,,14154,,,0,70,,14155,,,0,30,,14156,,,0,70,,14157,,,0,30,,14158,,,0,70,,14159,,,0,30,,14160,,,0,70,,14161,,,0,100,,14162,,,0,100,,14163,,,0,100,,14164,,,0
721500,'1331',721,,14166,,,0,30,,14167,,,0,70,,14168,,,0,30,,14169,,,0,70,,14170,,,0,30,,14171,,,0,70,,14172,,,0,30,,14173,,,0,70,,14174,,,0,30,,14175,,,0,70,,14176,,,0,30,,14177,,,0,70,,14178,,,0,30,,14179,,,0,70,,14180,,,0,30,,14181,,,0,70,,14182,,,0,30,,14183,,,0,70,,14184,,,0,30,,14185,,,0,70,,14186,,,0,30,,14187,,,0,70,,14188,,,0,30,,14189,,,0,70,,14190,,,0,100,,14191,,,0,100,,14192,,,0,100,,14193,,,0
721500,'1332',721,,14195,,,0,30,,14196,,,0,70,,14197,,,0,30,,14198,,,0,70,,14199,,,0,30,,14200,,,0,70,,14201,,,0,30,,14202,,,0,70,,14203,,,0,30,,14204,,,0,70,,14205,,,0,30,,14206,,,0,70,,14207,,,0,30,,14208,,,0,70,,14209,,,0,30,,14210,,,0,70,,14211,,,0,30,,14212,,,0,70,,14213,,,0,30,,14214,,,0,70,,14215,,,0,30,,14216,,,0,70,,14217,,,0,30,,14218,,,0,70,,14219,,,0,100,,14220,,,0,100,,14221,,,0,100,,14222,,,0
721500,'1333',721,,14224,,,0,30,,14225,,,0,70,,14226,,,0,30,,14227,,,0,70,,14228,,,0,30,,14229,,,0,70,,14230,,,0,30,,14231,,,0,70,,14232,,,0,30,,14233,,,0,70,,14234,,,0,30,,14235,,,0,70,,14236,,,0,30,,14237,,,0,70,,14238,,,0,30,,14239,,,0,70,,14240,,,0,30,,14241,,,0,70,,14242,,,0,30,,14243,,,0,70,,14244,,,0,30,,14245,,,0,70,,14246,,,0,30,,14247,,,0,70,,14248,,,0,100,,14249,,,0,100,,14250,,,0,100,,14251,,,0
721501,'1327',926,,13918,,,0,100,,13917,,,0,100,,13916,,,0,100,,13915,,,0,100,,13914,,,0,100,,13913,,,0,100,,13912,,,0,100,,13911,,,0,100,,13910,,,0,100,,13909,,,0,100,,13908,,,0
721501,'1328',726,,13919,,,0,100,,13920,,,0,100,,13921,,,0,100,,13922,,,0,100,,13923,,,0,100,,13924,,,0,30,,13925,,,0,70,,13926,,,0,30,,13927,,,0,70,,13928,,,0,30,,13929,,,0,70,,13930,,,0,30,,13931,,,0,70,,13932,,,0,30,,13933,,,0,70,,13934,,,0,30,,13935,,,0,70,,13936,,,0,100,,13937,,,0
721501,'1329',726,,13938,,,0,30,,13939,,,0,70,,13940,,,0,30,,13941,,,0,70,,13942,,,0,30,,13943,,,0,70,,13944,,,0,30,,13945,,,0,70,,13946,,,0,30,,13947,,,0,70,,13948,,,0,30,,13949,,,0,70,,13950,,,0,30,,13951,,,0,70,,13952,,,0,30,,13953,,,0,70,,13954,,,0,30,,13955,,,0,70,,13956,,,0,30,,13957,,,0,70,,13958,,,0,30,,13959,,,0,70,,13960,,,0,30,,13961,,,0,70,,13962,,,0,100,,13963,,,0,100,,13964,,,0,100,,13965,,,0
721501,'1330',726,,13966,,,0,30,,13967,,,0,70,,13968,,,0,30,,13969,,,0,70,,13970,,,0,30,,13971,,,0,70,,13972,,,0,30,,13973,,,0,70,,13974,,,0,30,,13975,,,0,70,,13976,,,0,30,,13977,,,0,70,,13978,,,0,30,,13979,,,0,70,,13980,,,0,30,,13981,,,0,70,,13982,,,0,30,,13983,,,0,70,,13984,,,0,30,,13985,,,0,70,,13986,,,0,30,,13987,,,0,70,,13988,,,0,30,,13989,,,0,70,,13990,,,0,100,,13991,,,0,100,,13992,,,0,100,,13993,,,0
721501,'1331',726,,13994,,,0,30,,13995,,,0,70,,13996,,,0,30,,13997,,,0,70,,13998,,,0,30,,13999,,,0,70,,14000,,,0,30,,14001,,,0,70,,14002,,,0,30,,14003,,,0,70,,14004,,,0,30,,14005,,,0,70,,14006,,,0,30,,14007,,,0,70,,14008,,,0,30,,14009,,,0,70,,14010,,,0,30,,14011,,,0,70,,14012,,,0,30,,14013,,,0,70,,14014,,,0,30,,14015,,,0,70,,14016,,,0,30,,14017,,,0,70,,14018,,,0,100,,14019,,,0,100,,14020,,,0,100,,14021,,,0
721501,'1332',726,,14022,,,0,30,,14023,,,0,70,,14024,,,0,30,,14025,,,0,70,,14026,,,0,30,,14027,,,0,70,,14028,,,0,30,,14029,,,0,70,,14030,,,0,30,,14031,,,0,70,,14032,,,0,30,,14033,,,0,70,,14034,,,0,30,,14035,,,0,70,,14036,,,0,30,,14037,,,0,70,,14038,,,0,30,,14039,,,0,70,,14040,,,0,30,,14041,,,0,70,,14042,,,0,30,,14043,,,0,70,,14044,,,0,30,,14045,,,0,70,,14046,,,0,100,,14047,,,0,100,,14048,,,0,100,,14049,,,0
721501,'1333',726,,14050,,,0,30,,14051,,,0,70,,14052,,,0,30,,14053,,,0,70,,14054,,,0,30,,14055,,,0,70,,14056,,,0,30,,14057,,,0,70,,14058,,,0,30,,14059,,,0,70,,14060,,,0,30,,14061,,,0,70,,14062,,,0,30,,14063,,,0,70,,14064,,,0,30,,14065,,,0,70,,14066,,,0,30,,14067,,,0,70,,14068,,,0,30,,14069,,,0,70,,14070,,,0,30,,14071,,,0,70,,14072,,,0,30,,14073,,,0,70,,14074,,,0,100,,14075,,,0,100,,14076,,,0,100,,14077,,,0
