721301,'1327',821,,13424,,,0,80,,13423,,,0,40,,13422,,,0,80,,13421,,,0,80,,13420,,,0,40,,13419,,,0,80,,13418,,,0,80,,13417,,,0,40,,13416,,,0,80,,13415,,,0,80,,13414,,,0,40,,13413,,,0,80,,13412,,,0,80,,13411,,,0,40,,13410,,,0,80,,13409,,,0,80,,13408,,,0,40,,13407,,,0
721301,'1328',621,,13425,,,0,80,,13426,,,0,40,,13427,,,0,80,,13428,,,0,80,,13429,,,0,40,,13430,,,0,80,,13431,,,0,80,,13432,,,0,40,,13433,,,0,60,,13434,,,0,20,,13435,,,0,20,,13436,,,0,60,,13437,,,0,20,,13438,,,0,20,,13439,,,0,60,,13440,,,0,20,,13441,,,0,20,,13442,,,0,60,,13443,,,0,20,,13444,,,0,20,,13445,,,0,60,,13446,,,0,20,,13447,,,0,20,,13448,,,0,60,,13449,,,0,20,,13450,,,0,20,,13451,,,0,60,,13452,,,0,20,,13453,,,0,80,,13454,,,0,40,,13455,,,0,80,,13456,,,0,80,,13457,,,0,40,,13458,,,0,80,,13459,,,0,80,,13460,,,0
721301,'1329',554,,13465,,,0,85,,13464,,,0,20,,13463,,,0,65,,13462,,,0,20,,13461,,,0,65,,13466,,,0,20,,13467,,,0,25,,13468,,,0,60,,13469,,,0,25,,13470,,,0,20,,13471,,,0,65,,13472,,,0,20,,13473,,,0,65,,13474,,,0,20,,13475,,,0,25,,13476,,,0,60,,13477,,,0,25,,13478,,,0,20,,13479,,,0,65,,13480,,,0,20,,13481,,,0,65,,13482,,,0,20,,13483,,,0,25,,13484,,,0,60,,13485,,,0,25,,13486,,,0,20,,13487,,,0,65,,13488,,,0,20,,13489,,,0,65,,13490,,,0,20,,13491,,,0,25,,13492,,,0,60,,13493,,,0,30,,13494,,,0,77,,13495,,,0,80,,13496,,,0,40,,13497,,,0,80,,13498,,,0,80,,13499,,,0,40,,13500,,,0,80,,13501,,,0
721301,'1330',554,,13505,,,0,85,,13504,,,0,20,,13503,,,0,65,,13502,,,0,20,,13506,,,0,65,,13507,,,0,20,,13508,,,0,25,,13509,,,0,60,,13510,,,0,25,,13511,,,0,20,,13512,,,0,65,,13513,,,0,20,,13514,,,0,65,,13515,,,0,20,,13516,,,0,25,,13517,,,0,60,,13518,,,0,25,,13519,,,0,20,,13520,,,0,65,,13521,,,0,20,,13522,,,0,65,,13523,,,0,20,,13524,,,0,25,,13525,,,0,60,,13526,,,0,25,,13527,,,0,20,,13528,,,0,65,,13529,,,0,20,,13530,,,0,65,,13531,,,0,20,,13532,,,0,25,,13533,,,0,60,,13534,,,0,30,,13535,,,0,77,,13536,,,0,80,,13537,,,0,40,,13538,,,0,80,,13539,,,0,80,,13540,,,0,40,,13541,,,0,80,,13542,,,0
721301,'1331',554,,13546,,,0,85,,13545,,,0,20,,13544,,,0,65,,13543,,,0,20,,13547,,,0,65,,13548,,,0,20,,13549,,,0,25,,13550,,,0,60,,13551,,,0,25,,13552,,,0,20,,13553,,,0,65,,13554,,,0,20,,13555,,,0,65,,13556,,,0,20,,13557,,,0,25,,13558,,,0,60,,13559,,,0,25,,13560,,,0,20,,13561,,,0,65,,13562,,,0,20,,13563,,,0,65,,13564,,,0,20,,13565,,,0,25,,13566,,,0,60,,13567,,,0,25,,13568,,,0,20,,13569,,,0,65,,13570,,,0,20,,13571,,,0,65,,13572,,,0,20,,13573,,,0,25,,13574,,,0,60,,13575,,,0,30,,13576,,,0,77,,13577,,,0,80,,13578,,,0,40,,13579,,,0,80,,13580,,,0,80,,13581,,,0,40,,13582,,,0,80,,13583,,,0
721301,'1332',554,,13587,,,0,85,,13586,,,0,20,,13585,,,0,65,,13584,,,0,20,,13588,,,0,65,,13589,,,0,20,,13590,,,0,25,,13591,,,0,60,,13592,,,0,25,,13593,,,0,20,,13594,,,0,65,,13595,,,0,20,,13596,,,0,65,,13597,,,0,20,,13598,,,0,25,,13599,,,0,60,,13600,,,0,25,,13601,,,0,20,,13602,,,0,65,,13603,,,0,20,,13604,,,0,65,,13605,,,0,20,,13606,,,0,25,,13607,,,0,60,,13608,,,0,25,,13609,,,0,20,,13610,,,0,65,,13611,,,0,20,,13612,,,0,65,,13613,,,0,20,,13614,,,0,25,,13615,,,0,60,,13616,,,0,30,,13617,,,0,77,,13618,,,0,80,,13619,,,0,40,,13620,,,0,80,,13621,,,0,80,,13622,,,0,40,,13623,,,0,80,,13624,,,0
721301,'1333',554,,13628,,,0,85,,13627,,,0,20,,13626,,,0,65,,13625,,,0,20,,13629,,,0,65,,13630,,,0,20,,13631,,,0,25,,13632,,,0,60,,13633,,,0,25,,13634,,,0,20,,13635,,,0,65,,13636,,,0,20,,13637,,,0,65,,13638,,,0,20,,13639,,,0,25,,13640,,,0,60,,13641,,,0,25,,13642,,,0,20,,13643,,,0,65,,13644,,,0,20,,13645,,,0,65,,13646,,,0,20,,13647,,,0,25,,13648,,,0,60,,13649,,,0,25,,13650,,,0,20,,13651,,,0,65,,13652,,,0,20,,13653,,,0,65,,13654,,,0,20,,13655,,,0,25,,13656,,,0,60,,13657,,,0,30,,13658,,,0,77,,13659,,,0,80,,13660,,,0,40,,13661,,,0,80,,13662,,,0,80,,13663,,,0,40,,13664,,,0,80,,13665,,,0
722501,'1329',519,,14253,,,0,120,,14254,,,0,100,,14255,,,0,100,,14256,,,0,100,,14257,,,0,100,,14258,,,0,100,,14259,,,0,100,,14260,,,0,100,,14261,,,0,100,,14262,,,0,100,,14263,,,0,100,,14264,,,0,100,,14265,,,0,100,,14266,,,0,100,,14267,,,0,100,,14268,,,0,100,,14269,,,0,100,,14270,,,0
722501,'1330',519,,14271,,,0,120,,14272,,,0,100,,14273,,,0,100,,14274,,,0,100,,14275,,,0,100,,14276,,,0,100,,14277,,,0,100,,14278,,,0,100,,14279,,,0,100,,14280,,,0,100,,14281,,,0,100,,14282,,,0,100,,14283,,,0,100,,14284,,,0,100,,14285,,,0,100,,14286,,,0,100,,14287,,,0,100,,14288,,,0
722501,'1331',519,,14289,,,0,120,,14290,,,0,100,,14291,,,0,100,,14292,,,0,100,,14293,,,0,100,,14294,,,0,100,,14295,,,0,100,,14296,,,0,100,,14297,,,0,100,,14298,,,0,100,,14299,,,0,100,,14300,,,0,100,,14301,,,0,100,,14302,,,0,100,,14303,,,0,100,,14304,,,0,100,,14305,,,0,100,,14306,,,0
722501,'1332',519,,14307,,,0,120,,14308,,,0,100,,14309,,,0,100,,14310,,,0,100,,14311,,,0,100,,14312,,,0,100,,14313,,,0,100,,14314,,,0,100,,14315,,,0,100,,14316,,,0,100,,14317,,,0,100,,14318,,,0,100,,14319,,,0,100,,14320,,,0,100,,14321,,,0,100,,14322,,,0,100,,14323,,,0,100,,14324,,,0
722501,'1333',519,,14325,,,0,120,,14326,,,0,100,,14327,,,0,100,,14328,,,0,100,,14329,,,0,100,,14330,,,0,100,,14331,,,0,100,,14332,,,0,100,,14333,,,0,100,,14334,,,0,100,,14335,,,0,100,,14336,,,0,100,,14337,,,0,100,,14338,,,0,100,,14339,,,0,100,,14340,,,0,100,,14341,,,0,100,,14342,,,0
