'1187',2400,80000,0,'TunnelBus',0,10000,0,'TunnelBus',0,10000,0,'TunnelBus',0,10000,0,'TunnelBus',0,10000,0,'TunnelBus',0,10000,0,'TunnelBus',0,10000,0,'TunnelBus',0,10000,0,'TunnelBus',0,10000,0,'TunnelBus',0,10000,0,'TunnelBus',0,10000,0,'TunnelBus',0,10000,0,'TunnelBus',0
'1187',2401,85400,4,'',0,10000,4,'',0,10000,4,'',0,10000,4,'',0,10000,4,'',0,10000,4,'',0,10000,4,'',0,10000,4,'',0,10000,4,'',0,10000,4,'',0,10000,4,'',0,10000,4,'',0
'1188',2400,60000,0,'TunnelBus',0,10000,0,'TunnelBus',0,10000,0,'TunnelBus',0,10000,0,'TunnelBus',0,10000,0,'TunnelBus',0,10000,0,'TunnelBus',0,10000,0,'TunnelBus',0,10000,0,'TunnelBus',0,10000,0,'TunnelBus',0,10000,0,'TunnelBus',0,10000,0,'TunnelBus',0,10000,0,'TunnelBus',0,10000,0,'TunnelBus',0,10000,0,'TunnelBus',0,10000,0,'TunnelBus',0,10000,0,'TunnelBus',0,10000,0,'TunnelBus',0,10000,0,'TunnelBus',0
'1188',2401,65400,4,'',0,10000,4,'',0,10000,4,'',0,10000,4,'',0,10000,4,'',0,10000,4,'',0,10000,4,'',0,10000,4,'',0,10000,4,'',0,10000,4,'',0,10000,4,'',0,10000,4,'',0,10000,4,'',0,10000,4,'',0,10000,4,'',0,10000,4,'',0,10000,4,'',0,10000,4,'',0
'1189',2400,60000,0,'TunnelBus',0,10000,0,'TunnelBus',0,10000,0,'TunnelBus',0,10000,0,'TunnelBus',0,10000,0,'TunnelBus',0,10000,0,'TunnelBus',0,10000,0,'TunnelBus',0,10000,0,'TunnelBus',0,10000,0,'TunnelBus',0,10000,0,'TunnelBus',0,10000,0,'TunnelBus',0,10000,0,'TunnelBus',0,10000,0,'TunnelBus',0,10000,0,'TunnelBus',0,10000,0,'TunnelBus',0,10000,0,'TunnelBus',0,10000,0,'TunnelBus',0,10000,0,'TunnelBus',0
'1189',2401,65400,4,'',0,10000,4,'',0,10000,4,'',0,10000,4,'',0,10000,4,'',0,10000,4,'',0,10000,4,'',0,10000,4,'',0,10000,4,'',0,10000,4,'',0,10000,4,'',0,10000,4,'',0,10000,4,'',0,10000,4,'',0,10000,4,'',0,10000,4,'',0,10000,4,'',0,10000,4,'',0
'1190',2400,60000,0,'TunnelBus',0,10000,0,'TunnelBus',0,10000,0,'TunnelBus',0,10000,0,'TunnelBus',0,10000,0,'TunnelBus',0,10000,0,'TunnelBus',0,10000,0,'TunnelBus',0,10000,0,'TunnelBus',0,10000,0,'TunnelBus',0,10000,0,'TunnelBus',0,10000,0,'TunnelBus',0,10000,0,'TunnelBus',0,10000,0,'TunnelBus',0,10000,0,'TunnelBus',0,10000,0,'TunnelBus',0,10000,0,'TunnelBus',0
'1190',2401,65400,4,'',0,10000,4,'',0,10000,4,'',0,10000,4,'',0,10000,4,'',0,10000,4,'',0,10000,4,'',0,10000,4,'',0,10000,4,'',0,10000,4,'',0,10000,4,'',0,10000,4,'',0,10000,4,'',0,10000,4,'',0,10000,4,'',0,10000,4,'',0
'1191',2400,60000,0,'TunnelBus',0,10000,0,'TunnelBus',0,10000,0,'TunnelBus',0,10000,0,'TunnelBus',0,10000,0,'TunnelBus',0,10000,0,'TunnelBus',0,10000,0,'TunnelBus',0,10000,0,'TunnelBus',0,10000,0,'TunnelBus',0,10000,0,'TunnelBus',0,10000,0,'TunnelBus',0,10000,0,'TunnelBus',0,10000,0,'TunnelBus',0,10000,0,'TunnelBus',0,10000,0,'TunnelBus',0,10000,0,'TunnelBus',0
'1191',2401,65400,4,'',0,10000,4,'',0,10000,4,'',0,10000,4,'',0,10000,4,'',0,10000,4,'',0,10000,4,'',0,10000,4,'',0,10000,4,'',0,10000,4,'',0,10000,4,'',0,10000,4,'',0,10000,4,'',0,10000,4,'',0,10000,4,'',0,10000,4,'',0
'1192',2400,60000,0,'TunnelBus',0,10000,0,'TunnelBus',0,10000,0,'TunnelBus',0,10000,0,'TunnelBus',0,10000,0,'TunnelBus',0,10000,0,'TunnelBus',0,10000,0,'TunnelBus',0,10000,0,'TunnelBus',0,10000,0,'TunnelBus',0,10000,0,'TunnelBus',0,10000,0,'TunnelBus',0,10000,0,'TunnelBus',0,10000,0,'TunnelBus',0,10000,0,'TunnelBus',0,10000,0,'TunnelBus',0,10000,0,'TunnelBus',0
'1192',2401,65400,4,'',0,10000,4,'',0,10000,4,'',0,10000,4,'',0,10000,4,'',0,10000,4,'',0,10000,4,'',0,10000,4,'',0,10000,4,'',0,10000,4,'',0,10000,4,'',0,10000,4,'',0,10000,4,'',0,10000,4,'',0,10000,4,'',0,10000,4,'',0
'1193',2400,60000,0,'TunnelBus',0,10000,0,'TunnelBus',0,10000,0,'TunnelBus',0,10000,0,'TunnelBus',0,10000,0,'TunnelBus',0,10000,0,'TunnelBus',0,10000,0,'TunnelBus',0,10000,0,'TunnelBus',0,10000,0,'TunnelBus',0,10000,0,'TunnelBus',0,10000,0,'TunnelBus',0,10000,0,'TunnelBus',0,10000,0,'TunnelBus',0,10000,0,'TunnelBus',0,10000,0,'TunnelBus',0,10000,0,'TunnelBus',0
'1193',2401,65400,4,'',0,10000,4,'',0,10000,4,'',0,10000,4,'',0,10000,4,'',0,10000,4,'',0,10000,4,'',0,10000,4,'',0,10000,4,'',0,10000,4,'',0,10000,4,'',0,10000,4,'',0,10000,4,'',0,10000,4,'',0,10000,4,'',0,10000,4,'',0
