721404,'1355',929,,35420,42,0,14,0,110,,35419,42,0,14,0,110,,35418,42,0,14,0,110,,35417,42,0,14,0,150,,35416,42,0,14,0,110,,35415,42,0,14,0,110,,35414,42,0,14,0,110,,35413,42,0,14,0
721404,'1356',829,,35421,42,0,14,0,110,,35422,42,0,14,0,110,,35423,42,0,14,0,110,,35424,42,0,14,0,150,,35425,42,0,14,0,112,,35426,42,0,14,0,85,,35427,42,0,14,0,45,,35428,42,0,14,0,85,,35429,42,0,14,0,85,,35430,42,0,14,0,85,,35431,42,0,14,0,45,,35432,42,0,14,0,85,,35433,42,0,14,0
721404,'1357',653,,35434,42,0,14,0,97,,35435,42,0,14,0,85,,35436,42,0,14,0,85,,35437,42,0,14,0,85,,35438,42,0,14,0,45,,35439,42,0,14,0,85,,35440,42,0,14,0,85,,35441,42,0,14,0,85,,35442,42,0,14,0,45,,35443,42,0,14,0,85,,35444,42,0,14,0,85,,35445,42,0,14,0,85,,35446,42,0,14,0,45,,35447,42,0,14,0,85,,35448,42,0,14,0,85,,35449,42,0,14,0,85,,35450,42,0,14,0,45,,35451,42,0,14,0,85,,35452,42,0,14,0,85,,35453,42,0,14,0
721404,'1358',653,,35454,42,0,14,0,97,,35455,42,0,14,0,85,,35456,42,0,14,0,85,,35457,42,0,14,0,85,,35458,42,0,14,0,45,,35459,42,0,14,0,85,,35460,42,0,14,0,85,,35461,42,0,14,0,85,,35462,42,0,14,0,45,,35463,42,0,14,0,85,,35464,42,0,14,0,85,,35465,42,0,14,0,85,,35466,42,0,14,0,45,,35467,42,0,14,0,85,,35468,42,0,14,0,85,,35469,42,0,14,0,85,,35470,42,0,14,0,45,,35471,42,0,14,0,85,,35472,42,0,14,0,85,,35473,42,0,14,0
721404,'1359',653,,35474,42,0,14,0,97,,35475,42,0,14,0,85,,35476,42,0,14,0,85,,35477,42,0,14,0,85,,35478,42,0,14,0,45,,35479,42,0,14,0,85,,35480,42,0,14,0,85,,35481,42,0,14,0,85,,35482,42,0,14,0,45,,35483,42,0,14,0,85,,35484,42,0,14,0,85,,35485,42,0,14,0,85,,35486,42,0,14,0,45,,35487,42,0,14,0,85,,35488,42,0,14,0,85,,35489,42,0,14,0,85,,35490,42,0,14,0,45,,35491,42,0,14,0,85,,35492,42,0,14,0,85,,35493,42,0,14,0
721404,'1360',653,,35494,42,0,14,0,97,,35495,42,0,14,0,85,,35496,42,0,14,0,85,,35497,42,0,14,0,85,,35498,42,0,14,0,45,,35499,42,0,14,0,85,,35500,42,0,14,0,85,,35501,42,0,14,0,85,,35502,42,0,14,0,45,,35503,42,0,14,0,85,,35504,42,0,14,0,85,,35505,42,0,14,0,85,,35506,42,0,14,0,45,,35507,42,0,14,0,85,,35508,42,0,14,0,85,,35509,42,0,14,0,85,,35510,42,0,14,0,45,,35511,42,0,14,0,85,,35512,42,0,14,0,85,,35513,42,0,14,0
721404,'1361',653,,35514,42,0,14,0,97,,35515,42,0,14,0,85,,35516,42,0,14,0,85,,35517,42,0,14,0,85,,35518,42,0,14,0,45,,35519,42,0,14,0,85,,35520,42,0,14,0,85,,35521,42,0,14,0,85,,35522,42,0,14,0,45,,35523,42,0,14,0,85,,35524,42,0,14,0,85,,35525,42,0,14,0,85,,35526,42,0,14,0,45,,35527,42,0,14,0,85,,35528,42,0,14,0,85,,35529,42,0,14,0,85,,35530,42,0,14,0,45,,35531,42,0,14,0,85,,35532,42,0,14,0,85,,35533,42,0,14,0
722600,'1357',720,,36062,6,,,0,85,,36059,6,,,0,649,,36060,7,,,0,83,,36061,7,,,0
722600,'1358',720,,36066,6,,,0,85,,36063,6,,,0,649,,36064,7,,,0,83,,36065,7,,,0
722600,'1359',720,,36070,6,,,0,85,,36067,6,,,0,649,,36068,7,,,0,83,,36069,7,,,0
722600,'1360',720,,36074,6,,,0,85,,36071,6,,,0,649,,36072,7,,,0,83,,36073,7,,,0
722600,'1361',720,,36078,6,,,0,85,,36075,6,,,0,649,,36076,7,,,0,83,,36077,7,,,0
