70100,'1328',805,,10940,,,0,130,,10941,,,0,170,,10942,,,0,130,,10943,,,0,170,,10944,,,0,130,,10945,,,0,170,,10946,,,0,130,,10947,,,0
70100,'1329',720,,10948,,,0,85,,10949,,,0,45,,10950,,,0,85,,10951,,,0,85,,10952,,,0,85,,10953,,,0,130,,10954,,,0,170,,10955,,,0,45,,10956,,,0,85,,10957,,,0,85,,10958,,,0,85,,10959,,,0,45,,10960,,,0,85,,10961,,,0
70100,'1330',720,,10962,,,0,85,,10963,,,0,45,,10964,,,0,85,,10965,,,0,85,,10966,,,0,85,,10967,,,0,130,,10968,,,0,170,,10969,,,0,45,,10970,,,0,85,,10971,,,0,85,,10972,,,0,85,,10973,,,0,45,,10974,,,0,85,,10975,,,0
70100,'1331',720,,10976,,,0,85,,10977,,,0,45,,10978,,,0,85,,10979,,,0,85,,10980,,,0,85,,10981,,,0,130,,10982,,,0,170,,10983,,,0,45,,10984,,,0,85,,10985,,,0,85,,10986,,,0,85,,10987,,,0,45,,10988,,,0,85,,10989,,,0
70100,'1332',720,,10990,,,0,85,,10991,,,0,45,,10992,,,0,85,,10993,,,0,85,,10994,,,0,85,,10995,,,0,130,,10996,,,0,170,,10997,,,0,45,,10998,,,0,85,,10999,,,0,85,,11000,,,0,85,,11001,,,0,45,,11002,,,0,85,,11003,,,0
70100,'1333',720,,11004,,,0,85,,11005,,,0,45,,11006,,,0,85,,11007,,,0,85,,11008,,,0,85,,11009,,,0,130,,11010,,,0,170,,11011,,,0,45,,11012,,,0,85,,11013,,,0,85,,11014,,,0,85,,11015,,,0,45,,11016,,,0,85,,11017,,,0
721500,'1327',940,,14088,,,0,100,,14087,,,0,100,,14086,,,0,100,,14085,,,0,100,,14084,,,0,100,,14083,,,0,100,,14082,,,0,100,,14081,,,0,100,,14080,,,0,100,,14079,,,0,100,,14078,,,0
721500,'1328',740,,14089,,,0,100,,14090,,,0,100,,14091,,,0,100,,14092,,,0,100,,14093,,,0,100,,14094,,,0,100,,14095,,,0,70,,14096,,,0,30,,14097,,,0,70,,14098,,,0,30,,14099,,,0,70,,14100,,,0,30,,14101,,,0,70,,14102,,,0,30,,14103,,,0,70,,14104,,,0,30,,14105,,,0,70,,14106,,,0,30,,14107,,,0
721500,'1329',740,,14108,,,0,70,,14109,,,0,30,,14110,,,0,70,,14111,,,0,30,,14112,,,0,70,,14113,,,0,30,,14114,,,0,70,,14115,,,0,30,,14116,,,0,70,,14117,,,0,30,,14118,,,0,70,,14119,,,0,30,,14120,,,0,70,,14121,,,0,30,,14122,,,0,70,,14123,,,0,30,,14124,,,0,70,,14125,,,0,30,,14126,,,0,70,,14127,,,0,30,,14128,,,0,70,,14129,,,0,30,,14130,,,0,70,,14131,,,0,30,,14132,,,0,100,,14133,,,0,100,,14134,,,0,100,,14135,,,0
721500,'1330',740,,14137,,,0,70,,14138,,,0,30,,14139,,,0,70,,14140,,,0,30,,14141,,,0,70,,14142,,,0,30,,14143,,,0,70,,14144,,,0,30,,14145,,,0,70,,14146,,,0,30,,14147,,,0,70,,14148,,,0,30,,14149,,,0,70,,14150,,,0,30,,14151,,,0,70,,14152,,,0,30,,14153,,,0,70,,14154,,,0,30,,14155,,,0,70,,14156,,,0,30,,14157,,,0,70,,14158,,,0,30,,14159,,,0,70,,14160,,,0,30,,14161,,,0,100,,14162,,,0,100,,14163,,,0,100,,14164,,,0
721500,'1331',740,,14166,,,0,70,,14167,,,0,30,,14168,,,0,70,,14169,,,0,30,,14170,,,0,70,,14171,,,0,30,,14172,,,0,70,,14173,,,0,30,,14174,,,0,70,,14175,,,0,30,,14176,,,0,70,,14177,,,0,30,,14178,,,0,70,,14179,,,0,30,,14180,,,0,70,,14181,,,0,30,,14182,,,0,70,,14183,,,0,30,,14184,,,0,70,,14185,,,0,30,,14186,,,0,70,,14187,,,0,30,,14188,,,0,70,,14189,,,0,30,,14190,,,0,100,,14191,,,0,100,,14192,,,0,100,,14193,,,0
721500,'1332',740,,14195,,,0,70,,14196,,,0,30,,14197,,,0,70,,14198,,,0,30,,14199,,,0,70,,14200,,,0,30,,14201,,,0,70,,14202,,,0,30,,14203,,,0,70,,14204,,,0,30,,14205,,,0,70,,14206,,,0,30,,14207,,,0,70,,14208,,,0,30,,14209,,,0,70,,14210,,,0,30,,14211,,,0,70,,14212,,,0,30,,14213,,,0,70,,14214,,,0,30,,14215,,,0,70,,14216,,,0,30,,14217,,,0,70,,14218,,,0,30,,14219,,,0,100,,14220,,,0,100,,14221,,,0,100,,14222,,,0
721500,'1333',740,,14224,,,0,70,,14225,,,0,30,,14226,,,0,70,,14227,,,0,30,,14228,,,0,70,,14229,,,0,30,,14230,,,0,70,,14231,,,0,30,,14232,,,0,70,,14233,,,0,30,,14234,,,0,70,,14235,,,0,30,,14236,,,0,70,,14237,,,0,30,,14238,,,0,70,,14239,,,0,30,,14240,,,0,70,,14241,,,0,30,,14242,,,0,70,,14243,,,0,30,,14244,,,0,70,,14245,,,0,30,,14246,,,0,70,,14247,,,0,30,,14248,,,0,100,,14249,,,0,100,,14250,,,0,100,,14251,,,0
