1900,'1334',926,,9659,46,,,0,100,,9658,46,,,0,100,,9657,46,,,0,100,,9656,46,,,0,100,,9655,46,,,0,100,,9654,46,,,0,100,,9653,46,,,0,100,,9652,46,,,0,100,,9651,46,,,0,100,,9650,46,,,0,100,,9649,46,,,0,100,,9648,46,,,0
1900,'1335',826,,9660,46,,,0,100,,9661,46,,,0,100,,9662,46,,,0,30,,9663,46,,,0,70,,9664,46,,,0,30,,9665,46,,,0,70,,9666,46,,,0,30,,9667,46,,,0,70,,9668,46,,,0,30,,9669,46,,,0,70,,9670,46,,,0,30,,9671,46,,,0,70,,9672,46,,,0,30,,9673,46,,,0,70,,9674,46,,,0,30,,9675,46,,,0,70,,9676,46,,,0,30,,9677,46,,,0,70,,9678,46,,,0,30,,9679,46,,,0,70,,9680,46,,,0,30,,9681,46,,,0,70,,9682,46,,,0,100,,9683,46,,,0,100,,9684,46,,,0,100,,9685,46,,,0
1900,'1336',626,,9686,46,,,0,30,,9687,46,,,0,70,,9688,46,,,0,30,,9689,46,,,0,70,,9690,46,,,0,30,,9691,46,,,0,70,,9692,46,,,0,30,,9693,46,,,0,70,,9694,46,,,0,30,,9695,46,,,0,70,,9696,46,,,0,30,,9697,46,,,0,70,,9698,46,,,0,30,,9699,46,,,0,70,,9700,46,,,0,30,,9701,46,,,0,70,,9702,46,,,0,30,,9703,46,,,0,70,,9704,46,,,0,30,,9705,46,,,0,70,,9706,46,,,0,30,,9707,46,,,0,70,,9708,46,,,0,30,,9709,46,,,0,70,,9710,46,,,0,30,,9711,46,,,0,70,,9712,46,,,0,30,,9713,46,,,0,70,,9714,46,,,0,30,,9715,46,,,0,70,,9716,46,,,0,30,,9717,46,,,0,100,,9718,46,,,0,100,,9719,46,,,0
1900,'1337',626,,9720,46,,,0,30,,9721,46,,,0,70,,9722,46,,,0,30,,9723,46,,,0,70,,9724,46,,,0,30,,9725,46,,,0,70,,9726,46,,,0,30,,9727,46,,,0,70,,9728,46,,,0,30,,9729,46,,,0,70,,9730,46,,,0,30,,9731,46,,,0,70,,9732,46,,,0,30,,9733,46,,,0,70,,9734,46,,,0,30,,9735,46,,,0,70,,9736,46,,,0,30,,9737,46,,,0,70,,9738,46,,,0,30,,9739,46,,,0,70,,9740,46,,,0,30,,9741,46,,,0,70,,9742,46,,,0,30,,9743,46,,,0,70,,9744,46,,,0,30,,9745,46,,,0,70,,9746,46,,,0,30,,9747,46,,,0,70,,9748,46,,,0,30,,9749,46,,,0,70,,9750,46,,,0,30,,9751,46,,,0,100,,9752,46,,,0,100,,9753,46,,,0
1900,'1338',626,,9754,46,,,0,30,,9755,46,,,0,70,,9756,46,,,0,30,,9757,46,,,0,70,,9758,46,,,0,30,,9759,46,,,0,70,,9760,46,,,0,30,,9761,46,,,0,70,,9762,46,,,0,30,,9763,46,,,0,70,,9764,46,,,0,30,,9765,46,,,0,70,,9766,46,,,0,30,,9767,46,,,0,70,,9768,46,,,0,30,,9769,46,,,0,70,,9770,46,,,0,30,,9771,46,,,0,70,,9772,46,,,0,30,,9773,46,,,0,70,,9774,46,,,0,30,,9775,46,,,0,70,,9776,46,,,0,30,,9777,46,,,0,70,,9778,46,,,0,30,,9779,46,,,0,70,,9780,46,,,0,30,,9781,46,,,0,70,,9782,46,,,0,30,,9783,46,,,0,70,,9784,46,,,0,30,,9785,46,,,0,100,,9786,46,,,0,100,,9787,46,,,0
1900,'1339',626,,9788,46,,,0,30,,9789,46,,,0,70,,9790,46,,,0,30,,9791,46,,,0,70,,9792,46,,,0,30,,9793,46,,,0,70,,9794,46,,,0,30,,9795,46,,,0,70,,9796,46,,,0,30,,9797,46,,,0,70,,9798,46,,,0,30,,9799,46,,,0,70,,9800,46,,,0,30,,9801,46,,,0,70,,9802,46,,,0,30,,9803,46,,,0,70,,9804,46,,,0,30,,9805,46,,,0,70,,9806,46,,,0,30,,9807,46,,,0,70,,9808,46,,,0,30,,9809,46,,,0,70,,9810,46,,,0,30,,9811,46,,,0,70,,9812,46,,,0,30,,9813,46,,,0,70,,9814,46,,,0,30,,9815,46,,,0,70,,9816,46,,,0,30,,9817,46,,,0,70,,9818,46,,,0,30,,9819,46,,,0,100,,9820,46,,,0,100,,9821,46,,,0
1900,'1340',626,,9822,46,,,0,30,,9823,46,,,0,70,,9824,46,,,0,30,,9825,46,,,0,70,,9826,46,,,0,30,,9827,46,,,0,70,,9828,46,,,0,30,,9829,46,,,0,70,,9830,46,,,0,30,,9831,46,,,0,70,,9832,46,,,0,30,,9833,46,,,0,70,,9834,46,,,0,30,,9835,46,,,0,70,,9836,46,,,0,30,,9837,46,,,0,70,,9838,46,,,0,30,,9839,46,,,0,70,,9840,46,,,0,30,,9841,46,,,0,70,,9842,46,,,0,30,,9843,46,,,0,70,,9844,46,,,0,30,,9845,46,,,0,70,,9846,46,,,0,30,,9847,46,,,0,70,,9848,46,,,0,30,,9849,46,,,0,70,,9850,46,,,0,30,,9851,46,,,0,70,,9852,46,,,0,30,,9853,46,,,0,100,,9854,46,,,0,100,,9855,46,,,0
721403,'1334',1002,,13693,39,0,15,0,110,,13692,39,0,15,0,110,,13691,39,0,15,0,110,,13690,39,0,15,0,110,,13689,39,0,15,0,110,,13688,39,0,15,0,150,,13687,39,0,15,0,110,,13686,39,0,15,0
721403,'1335',901,,13694,39,0,15,0,110,,13695,39,0,15,0,110,,13696,39,0,15,0,110,,13697,39,0,15,0,117,,13698,39,0,15,0,155,,13699,39,0,15,0,45,,13700,39,0,15,0,85,,13701,39,0,15,0,85,,13702,39,0,15,0,85,,13703,39,0,15,0,45,,13704,39,0,15,0,85,,13705,39,0,15,0,85,,13706,39,0,15,0
721403,'1336',733,,13707,39,0,15,0,100,,13708,39,0,15,0,85,,13709,39,0,15,0,85,,13710,39,0,15,0,45,,13711,39,0,15,0,85,,13712,39,0,15,0,85,,13713,39,0,15,0,85,,13714,39,0,15,0,45,,13715,39,0,15,0,85,,13716,39,0,15,0,85,,13717,39,0,15,0,85,,13718,39,0,15,0,45,,13719,39,0,15,0,85,,13720,39,0,15,0,85,,13721,39,0,15,0,85,,13722,39,0,15,0,45,,13723,39,0,15,0,85,,13724,39,0,15,0,85,,13725,39,0,15,0,85,,13726,39,0,15,0
721403,'1337',733,,13727,39,0,15,0,100,,13728,39,0,15,0,85,,13729,39,0,15,0,85,,13730,39,0,15,0,45,,13731,39,0,15,0,85,,13732,39,0,15,0,85,,13733,39,0,15,0,85,,13734,39,0,15,0,45,,13735,39,0,15,0,85,,13736,39,0,15,0,85,,13737,39,0,15,0,85,,13738,39,0,15,0,45,,13739,39,0,15,0,85,,13740,39,0,15,0,85,,13741,39,0,15,0,85,,13742,39,0,15,0,45,,13743,39,0,15,0,85,,13744,39,0,15,0,85,,13745,39,0,15,0,85,,13746,39,0,15,0
721403,'1338',733,,13747,39,0,15,0,100,,13748,39,0,15,0,85,,13749,39,0,15,0,85,,13750,39,0,15,0,45,,13751,39,0,15,0,85,,13752,39,0,15,0,85,,13753,39,0,15,0,85,,13754,39,0,15,0,45,,13755,39,0,15,0,85,,13756,39,0,15,0,85,,13757,39,0,15,0,85,,13758,39,0,15,0,45,,13759,39,0,15,0,85,,13760,39,0,15,0,85,,13761,39,0,15,0,85,,13762,39,0,15,0,45,,13763,39,0,15,0,85,,13764,39,0,15,0,85,,13765,39,0,15,0,85,,13766,39,0,15,0
721403,'1339',733,,13767,39,0,15,0,100,,13768,39,0,15,0,85,,13769,39,0,15,0,85,,13770,39,0,15,0,45,,13771,39,0,15,0,85,,13772,39,0,15,0,85,,13773,39,0,15,0,85,,13774,39,0,15,0,45,,13775,39,0,15,0,85,,13776,39,0,15,0,85,,13777,39,0,15,0,85,,13778,39,0,15,0,45,,13779,39,0,15,0,85,,13780,39,0,15,0,85,,13781,39,0,15,0,85,,13782,39,0,15,0,45,,13783,39,0,15,0,85,,13784,39,0,15,0,85,,13785,39,0,15,0,85,,13786,39,0,15,0
721403,'1340',733,,13787,39,0,15,0,100,,13788,39,0,15,0,85,,13789,39,0,15,0,85,,13790,39,0,15,0,45,,13791,39,0,15,0,85,,13792,39,0,15,0,85,,13793,39,0,15,0,85,,13794,39,0,15,0,45,,13795,39,0,15,0,85,,13796,39,0,15,0,85,,13797,39,0,15,0,85,,13798,39,0,15,0,45,,13799,39,0,15,0,85,,13800,39,0,15,0,85,,13801,39,0,15,0,85,,13802,39,0,15,0,45,,13803,39,0,15,0,85,,13804,39,0,15,0,85,,13805,39,0,15,0,85,,13806,39,0,15,0
