552200,'1357',712,,33076,23,4,,0,30,,33077,23,4,,0,70,,33078,23,4,,0,30,,33079,23,4,,0,70,,33080,23,4,,0,30,,33081,23,4,,0,70,,33082,23,4,,0,30,,33083,23,4,,0,70,,33084,23,4,,0,30,,33085,23,4,,0,70,,33086,23,4,,0,30,,33087,23,4,,0,70,,33088,23,4,,0,30,,33089,23,4,,0,70,,33090,23,4,,0,30,,33091,23,4,,0,70,,33092,23,4,,0,30,,33093,23,4,,0,70,,33094,23,4,,0,30,,33095,23,4,,0,70,,33096,23,4,,0,30,,33097,23,4,,0,70,,33098,23,4,,0
552200,'1358',712,,33099,23,4,,0,30,,33100,23,4,,0,70,,33101,23,4,,0,30,,33102,23,4,,0,70,,33103,23,4,,0,30,,33104,23,4,,0,70,,33105,23,4,,0,30,,33106,23,4,,0,70,,33107,23,4,,0,30,,33108,23,4,,0,70,,33109,23,4,,0,30,,33110,23,4,,0,70,,33111,23,4,,0,30,,33112,23,4,,0,70,,33113,23,4,,0,30,,33114,23,4,,0,70,,33115,23,4,,0,30,,33116,23,4,,0,70,,33117,23,4,,0,30,,33118,23,4,,0,70,,33119,23,4,,0,30,,33120,23,4,,0,70,,33121,23,4,,0
552200,'1359',712,,33122,23,4,,0,30,,33123,23,4,,0,70,,33124,23,4,,0,30,,33125,23,4,,0,70,,33126,23,4,,0,30,,33127,23,4,,0,70,,33128,23,4,,0,30,,33129,23,4,,0,70,,33130,23,4,,0,30,,33131,23,4,,0,70,,33132,23,4,,0,30,,33133,23,4,,0,70,,33134,23,4,,0,30,,33135,23,4,,0,70,,33136,23,4,,0,30,,33137,23,4,,0,70,,33138,23,4,,0,30,,33139,23,4,,0,70,,33140,23,4,,0,30,,33141,23,4,,0,70,,33142,23,4,,0,30,,33143,23,4,,0,70,,33144,23,4,,0
552200,'1360',712,,33145,23,4,,0,30,,33146,23,4,,0,70,,33147,23,4,,0,30,,33148,23,4,,0,70,,33149,23,4,,0,30,,33150,23,4,,0,70,,33151,23,4,,0,30,,33152,23,4,,0,70,,33153,23,4,,0,30,,33154,23,4,,0,70,,33155,23,4,,0,30,,33156,23,4,,0,70,,33157,23,4,,0,30,,33158,23,4,,0,70,,33159,23,4,,0,30,,33160,23,4,,0,70,,33161,23,4,,0,30,,33162,23,4,,0,70,,33163,23,4,,0,30,,33164,23,4,,0,70,,33165,23,4,,0,30,,33166,23,4,,0,70,,33167,23,4,,0
552200,'1361',712,,33168,23,4,,0,30,,33169,23,4,,0,70,,33170,23,4,,0,30,,33171,23,4,,0,70,,33172,23,4,,0,30,,33173,23,4,,0,70,,33174,23,4,,0,30,,33175,23,4,,0,70,,33176,23,4,,0,30,,33177,23,4,,0,70,,33178,23,4,,0,30,,33179,23,4,,0,70,,33180,23,4,,0,30,,33181,23,4,,0,70,,33182,23,4,,0,30,,33183,23,4,,0,70,,33184,23,4,,0,30,,33185,23,4,,0,70,,33186,23,4,,0,30,,33187,23,4,,0,70,,33188,23,4,,0,30,,33189,23,4,,0,70,,33190,23,4,,0
552201,'1357',645,,33191,1,0,9,0,70,,33192,1,0,9,0,30,,33193,1,0,9,0,70,,33194,1,0,9,0,30,,33195,1,0,9,0,70,,33196,1,0,9,0,30,,33197,1,0,9,0,70,,33198,1,0,9,0,30,,33199,1,0,9,0,70,,33200,1,0,9,0,30,,33201,1,0,9,0,70,,33202,1,0,9,0,30,,33203,1,0,9,0,70,,33204,1,0,9,0,30,,33205,1,0,9,0,70,,33206,1,0,9,0,30,,33207,1,0,9,0,70,,33208,1,0,9,0,30,,33209,1,0,9,0,70,,33210,1,0,9,0,30,,33211,1,0,9,0,70,,33212,1,0,9,0,30,,33213,1,0,9,0
552201,'1358',645,,33214,1,0,9,0,70,,33215,1,0,9,0,30,,33216,1,0,9,0,70,,33217,1,0,9,0,30,,33218,1,0,9,0,70,,33219,1,0,9,0,30,,33220,1,0,9,0,70,,33221,1,0,9,0,30,,33222,1,0,9,0,70,,33223,1,0,9,0,30,,33224,1,0,9,0,70,,33225,1,0,9,0,30,,33226,1,0,9,0,70,,33227,1,0,9,0,30,,33228,1,0,9,0,70,,33229,1,0,9,0,30,,33230,1,0,9,0,70,,33231,1,0,9,0,30,,33232,1,0,9,0,70,,33233,1,0,9,0,30,,33234,1,0,9,0,70,,33235,1,0,9,0,30,,33236,1,0,9,0
552201,'1359',645,,33237,1,0,9,0,70,,33238,1,0,9,0,30,,33239,1,0,9,0,70,,33240,1,0,9,0,30,,33241,1,0,9,0,70,,33242,1,0,9,0,30,,33243,1,0,9,0,70,,33244,1,0,9,0,30,,33245,1,0,9,0,70,,33246,1,0,9,0,30,,33247,1,0,9,0,70,,33248,1,0,9,0,30,,33249,1,0,9,0,70,,33250,1,0,9,0,30,,33251,1,0,9,0,70,,33252,1,0,9,0,30,,33253,1,0,9,0,70,,33254,1,0,9,0,30,,33255,1,0,9,0,70,,33256,1,0,9,0,30,,33257,1,0,9,0,70,,33258,1,0,9,0,30,,33259,1,0,9,0
552201,'1360',645,,33260,1,0,9,0,70,,33261,1,0,9,0,30,,33262,1,0,9,0,70,,33263,1,0,9,0,30,,33264,1,0,9,0,70,,33265,1,0,9,0,30,,33266,1,0,9,0,70,,33267,1,0,9,0,30,,33268,1,0,9,0,70,,33269,1,0,9,0,30,,33270,1,0,9,0,70,,33271,1,0,9,0,30,,33272,1,0,9,0,70,,33273,1,0,9,0,30,,33274,1,0,9,0,70,,33275,1,0,9,0,30,,33276,1,0,9,0,70,,33277,1,0,9,0,30,,33278,1,0,9,0,70,,33279,1,0,9,0,30,,33280,1,0,9,0,70,,33281,1,0,9,0,30,,33282,1,0,9,0
552201,'1361',645,,33283,1,0,9,0,70,,33284,1,0,9,0,30,,33285,1,0,9,0,70,,33286,1,0,9,0,30,,33287,1,0,9,0,70,,33288,1,0,9,0,30,,33289,1,0,9,0,70,,33290,1,0,9,0,30,,33291,1,0,9,0,70,,33292,1,0,9,0,30,,33293,1,0,9,0,70,,33294,1,0,9,0,30,,33295,1,0,9,0,70,,33296,1,0,9,0,30,,33297,1,0,9,0,70,,33298,1,0,9,0,30,,33299,1,0,9,0,70,,33300,1,0,9,0,30,,33301,1,0,9,0,70,,33302,1,0,9,0,30,,33303,1,0,9,0,70,,33304,1,0,9,0,30,,33305,1,0,9,0
