70101,'1349',714,,25320,29,0,17,0,130,,25321,29,0,17,0,170,,25322,29,0,17,0,130,,25323,29,0,17,0,170,,25324,29,0,17,0,130,,25325,29,0,17,0,170,,25326,29,0,17,0,130,,25327,29,0,17,0
70101,'1350',714,,25328,29,0,17,0,45,,25329,29,0,17,0,85,,25330,29,0,17,0,85,,25331,29,0,17,0,85,,25332,29,0,17,0,130,,25333,29,0,17,0,170,,25334,29,0,17,0,45,,25335,29,0,17,0,85,,25336,29,0,17,0,85,,25337,29,0,17,0,85,,25338,29,0,17,0,45,,25339,29,0,17,0,85,,25340,29,0,17,0,85,,25341,29,0,17,0
70101,'1351',714,,25342,29,0,17,0,45,,25343,29,0,17,0,85,,25344,29,0,17,0,85,,25345,29,0,17,0,85,,25346,29,0,17,0,130,,25347,29,0,17,0,170,,25348,29,0,17,0,45,,25349,29,0,17,0,85,,25350,29,0,17,0,85,,25351,29,0,17,0,85,,25352,29,0,17,0,45,,25353,29,0,17,0,85,,25354,29,0,17,0,85,,25355,29,0,17,0
70101,'1352',714,,25356,29,0,17,0,45,,25357,29,0,17,0,85,,25358,29,0,17,0,85,,25359,29,0,17,0,85,,25360,29,0,17,0,130,,25361,29,0,17,0,170,,25362,29,0,17,0,45,,25363,29,0,17,0,85,,25364,29,0,17,0,85,,25365,29,0,17,0,85,,25366,29,0,17,0,45,,25367,29,0,17,0,85,,25368,29,0,17,0,85,,25369,29,0,17,0
70101,'1353',714,,25370,29,0,17,0,45,,25371,29,0,17,0,85,,25372,29,0,17,0,85,,25373,29,0,17,0,85,,25374,29,0,17,0,130,,25375,29,0,17,0,170,,25376,29,0,17,0,45,,25377,29,0,17,0,85,,25378,29,0,17,0,85,,25379,29,0,17,0,85,,25380,29,0,17,0,45,,25381,29,0,17,0,85,,25382,29,0,17,0,85,,25383,29,0,17,0
70101,'1354',714,,25384,29,0,17,0,45,,25385,29,0,17,0,85,,25386,29,0,17,0,85,,25387,29,0,17,0,85,,25388,29,0,17,0,130,,25389,29,0,17,0,170,,25390,29,0,17,0,45,,25391,29,0,17,0,85,,25392,29,0,17,0,85,,25393,29,0,17,0,85,,25394,29,0,17,0,45,,25395,29,0,17,0,85,,25396,29,0,17,0,85,,25397,29,0,17,0
70102,'1349',812,,25398,30,0,16,0,130,,25399,30,0,16,0,170,,25400,30,0,16,0,130,,25401,30,0,16,0,170,,25402,30,0,16,0,130,,25403,30,0,16,0,170,,25404,30,0,16,0,130,,25405,30,0,16,0
70102,'1350',727,,25406,30,0,16,0,85,,25407,30,0,16,0,45,,25408,30,0,16,0,85,,25409,30,0,16,0,85,,25410,30,0,16,0,85,,25411,30,0,16,0,130,,25412,30,0,16,0,170,,25413,30,0,16,0,45,,25414,30,0,16,0,85,,25415,30,0,16,0,85,,25416,30,0,16,0,85,,25417,30,0,16,0,45,,25418,30,0,16,0,85,,25419,30,0,16,0
70102,'1351',727,,25420,30,0,16,0,85,,25421,30,0,16,0,45,,25422,30,0,16,0,85,,25423,30,0,16,0,85,,25424,30,0,16,0,85,,25425,30,0,16,0,130,,25426,30,0,16,0,170,,25427,30,0,16,0,45,,25428,30,0,16,0,85,,25429,30,0,16,0,85,,25430,30,0,16,0,85,,25431,30,0,16,0,45,,25432,30,0,16,0,85,,25433,30,0,16,0
70102,'1352',727,,25434,30,0,16,0,85,,25435,30,0,16,0,45,,25436,30,0,16,0,85,,25437,30,0,16,0,85,,25438,30,0,16,0,85,,25439,30,0,16,0,130,,25440,30,0,16,0,170,,25441,30,0,16,0,45,,25442,30,0,16,0,85,,25443,30,0,16,0,85,,25444,30,0,16,0,85,,25445,30,0,16,0,45,,25446,30,0,16,0,85,,25447,30,0,16,0
70102,'1353',727,,25448,30,0,16,0,85,,25449,30,0,16,0,45,,25450,30,0,16,0,85,,25451,30,0,16,0,85,,25452,30,0,16,0,85,,25453,30,0,16,0,130,,25454,30,0,16,0,170,,25455,30,0,16,0,45,,25456,30,0,16,0,85,,25457,30,0,16,0,85,,25458,30,0,16,0,85,,25459,30,0,16,0,45,,25460,30,0,16,0,85,,25461,30,0,16,0
70102,'1354',727,,25462,30,0,16,0,85,,25463,30,0,16,0,45,,25464,30,0,16,0,85,,25465,30,0,16,0,85,,25466,30,0,16,0,85,,25467,30,0,16,0,130,,25468,30,0,16,0,170,,25469,30,0,16,0,45,,25470,30,0,16,0,85,,25471,30,0,16,0,85,,25472,30,0,16,0,85,,25473,30,0,16,0,45,,25474,30,0,16,0,85,,25475,30,0,16,0
