722501,'1350',543,,28677,40,0,17,0,160,,28678,40,0,17,0,100,,28679,40,0,17,0,100,,28680,40,0,17,0,100,,28681,40,0,17,0,100,,28682,40,0,17,0,100,,28683,40,0,17,0,100,,28684,40,0,17,0,100,,28685,40,0,17,0,100,,28686,40,0,17,0,100,,28687,40,0,17,0,100,,28688,40,0,17,0,100,,28689,40,0,17,0,100,,28690,40,0,17,0,100,,28691,40,0,17,0,100,,28692,40,0,17,0,100,,28693,40,0,17,0,100,,28694,40,0,17,0
722501,'1351',543,,28695,40,0,17,0,160,,28696,40,0,17,0,100,,28697,40,0,17,0,100,,28698,40,0,17,0,100,,28699,40,0,17,0,100,,28700,40,0,17,0,100,,28701,40,0,17,0,100,,28702,40,0,17,0,100,,28703,40,0,17,0,100,,28704,40,0,17,0,100,,28705,40,0,17,0,100,,28706,40,0,17,0,100,,28707,40,0,17,0,100,,28708,40,0,17,0,100,,28709,40,0,17,0,100,,28710,40,0,17,0,100,,28711,40,0,17,0,100,,28712,40,0,17,0
722501,'1352',543,,28713,40,0,17,0,160,,28714,40,0,17,0,100,,28715,40,0,17,0,100,,28716,40,0,17,0,100,,28717,40,0,17,0,100,,28718,40,0,17,0,100,,28719,40,0,17,0,100,,28720,40,0,17,0,100,,28721,40,0,17,0,100,,28722,40,0,17,0,100,,28723,40,0,17,0,100,,28724,40,0,17,0,100,,28725,40,0,17,0,100,,28726,40,0,17,0,100,,28727,40,0,17,0,100,,28728,40,0,17,0,100,,28729,40,0,17,0,100,,28730,40,0,17,0
722501,'1353',543,,28731,40,0,17,0,160,,28732,40,0,17,0,100,,28733,40,0,17,0,100,,28734,40,0,17,0,100,,28735,40,0,17,0,100,,28736,40,0,17,0,100,,28737,40,0,17,0,100,,28738,40,0,17,0,100,,28739,40,0,17,0,100,,28740,40,0,17,0,100,,28741,40,0,17,0,100,,28742,40,0,17,0,100,,28743,40,0,17,0,100,,28744,40,0,17,0,100,,28745,40,0,17,0,100,,28746,40,0,17,0,100,,28747,40,0,17,0,100,,28748,40,0,17,0
722501,'1354',543,,28749,40,0,17,0,160,,28750,40,0,17,0,100,,28751,40,0,17,0,100,,28752,40,0,17,0,100,,28753,40,0,17,0,100,,28754,40,0,17,0,100,,28755,40,0,17,0,100,,28756,40,0,17,0,100,,28757,40,0,17,0,100,,28758,40,0,17,0,100,,28759,40,0,17,0,100,,28760,40,0,17,0,100,,28761,40,0,17,0,100,,28762,40,0,17,0,100,,28763,40,0,17,0,100,,28764,40,0,17,0,100,,28765,40,0,17,0,100,,28766,40,0,17,0
722502,'1350',555,,28767,23,0,16,0,100,,28768,23,0,16,0,100,,28769,23,0,16,0,100,,28770,23,0,16,0,100,,28771,23,0,16,0,100,,28772,23,0,16,0,100,,28773,23,0,16,0,100,,28774,23,0,16,0,100,,28775,23,0,16,0,100,,28776,23,0,16,0,100,,28777,23,0,16,0,100,,28778,23,0,16,0,100,,28779,23,0,16,0,100,,28780,23,0,16,0,100,,28781,23,0,16,0,100,,28782,23,0,16,0,100,,28783,23,0,16,0,100,,28784,23,0,16,0
722502,'1351',555,,28785,23,0,16,0,100,,28786,23,0,16,0,100,,28787,23,0,16,0,100,,28788,23,0,16,0,100,,28789,23,0,16,0,100,,28790,23,0,16,0,100,,28791,23,0,16,0,100,,28792,23,0,16,0,100,,28793,23,0,16,0,100,,28794,23,0,16,0,100,,28795,23,0,16,0,100,,28796,23,0,16,0,100,,28797,23,0,16,0,100,,28798,23,0,16,0,100,,28799,23,0,16,0,100,,28800,23,0,16,0,100,,28801,23,0,16,0,100,,28802,23,0,16,0
722502,'1352',555,,28803,23,0,16,0,100,,28804,23,0,16,0,100,,28805,23,0,16,0,100,,28806,23,0,16,0,100,,28807,23,0,16,0,100,,28808,23,0,16,0,100,,28809,23,0,16,0,100,,28810,23,0,16,0,100,,28811,23,0,16,0,100,,28812,23,0,16,0,100,,28813,23,0,16,0,100,,28814,23,0,16,0,100,,28815,23,0,16,0,100,,28816,23,0,16,0,100,,28817,23,0,16,0,100,,28818,23,0,16,0,100,,28819,23,0,16,0,100,,28820,23,0,16,0
722502,'1353',555,,28821,23,0,16,0,100,,28822,23,0,16,0,100,,28823,23,0,16,0,100,,28824,23,0,16,0,100,,28825,23,0,16,0,100,,28826,23,0,16,0,100,,28827,23,0,16,0,100,,28828,23,0,16,0,100,,28829,23,0,16,0,100,,28830,23,0,16,0,100,,28831,23,0,16,0,100,,28832,23,0,16,0,100,,28833,23,0,16,0,100,,28834,23,0,16,0,100,,28835,23,0,16,0,100,,28836,23,0,16,0,100,,28837,23,0,16,0,100,,28838,23,0,16,0
722502,'1354',555,,28839,23,0,16,0,100,,28840,23,0,16,0,100,,28841,23,0,16,0,100,,28842,23,0,16,0,100,,28843,23,0,16,0,100,,28844,23,0,16,0,100,,28845,23,0,16,0,100,,28846,23,0,16,0,100,,28847,23,0,16,0,100,,28848,23,0,16,0,100,,28849,23,0,16,0,100,,28850,23,0,16,0,100,,28851,23,0,16,0,100,,28852,23,0,16,0,100,,28853,23,0,16,0,100,,28854,23,0,16,0,100,,28855,23,0,16,0,100,,28856,23,0,16,0
