70101,'1349',720,,25320,32,0,17,0,130,,25321,32,0,17,0,170,,25322,32,0,17,0,130,,25323,32,0,17,0,170,,25324,32,0,17,0,130,,25325,32,0,17,0,170,,25326,32,0,17,0,130,,25327,32,0,17,0
70101,'1350',720,,25328,32,0,17,0,85,,25329,32,0,17,0,45,,25330,32,0,17,0,85,,25331,32,0,17,0,85,,25332,32,0,17,0,130,,25333,32,0,17,0,170,,25334,32,0,17,0,85,,25335,32,0,17,0,45,,25336,32,0,17,0,85,,25337,32,0,17,0,85,,25338,32,0,17,0,85,,25339,32,0,17,0,45,,25340,32,0,17,0,85,,25341,32,0,17,0
70101,'1351',720,,25342,32,0,17,0,85,,25343,32,0,17,0,45,,25344,32,0,17,0,85,,25345,32,0,17,0,85,,25346,32,0,17,0,130,,25347,32,0,17,0,170,,25348,32,0,17,0,85,,25349,32,0,17,0,45,,25350,32,0,17,0,85,,25351,32,0,17,0,85,,25352,32,0,17,0,85,,25353,32,0,17,0,45,,25354,32,0,17,0,85,,25355,32,0,17,0
70101,'1352',720,,25356,32,0,17,0,85,,25357,32,0,17,0,45,,25358,32,0,17,0,85,,25359,32,0,17,0,85,,25360,32,0,17,0,130,,25361,32,0,17,0,170,,25362,32,0,17,0,85,,25363,32,0,17,0,45,,25364,32,0,17,0,85,,25365,32,0,17,0,85,,25366,32,0,17,0,85,,25367,32,0,17,0,45,,25368,32,0,17,0,85,,25369,32,0,17,0
70101,'1353',720,,25370,32,0,17,0,85,,25371,32,0,17,0,45,,25372,32,0,17,0,85,,25373,32,0,17,0,85,,25374,32,0,17,0,130,,25375,32,0,17,0,170,,25376,32,0,17,0,85,,25377,32,0,17,0,45,,25378,32,0,17,0,85,,25379,32,0,17,0,85,,25380,32,0,17,0,85,,25381,32,0,17,0,45,,25382,32,0,17,0,85,,25383,32,0,17,0
70101,'1354',720,,25384,32,0,17,0,85,,25385,32,0,17,0,45,,25386,32,0,17,0,85,,25387,32,0,17,0,85,,25388,32,0,17,0,130,,25389,32,0,17,0,170,,25390,32,0,17,0,85,,25391,32,0,17,0,45,,25392,32,0,17,0,85,,25393,32,0,17,0,85,,25394,32,0,17,0,85,,25395,32,0,17,0,45,,25396,32,0,17,0,85,,25397,32,0,17,0
70102,'1349',821,,25398,33,0,16,0,130,,25399,33,0,16,0,170,,25400,33,0,16,0,130,,25401,33,0,16,0,170,,25402,33,0,16,0,130,,25403,33,0,16,0,170,,25404,33,0,16,0,130,,25405,33,0,16,0
70102,'1350',736,,25406,33,0,16,0,85,,25407,33,0,16,0,85,,25408,33,0,16,0,45,,25409,33,0,16,0,85,,25410,33,0,16,0,85,,25411,33,0,16,0,130,,25412,33,0,16,0,170,,25413,33,0,16,0,85,,25414,33,0,16,0,45,,25415,33,0,16,0,85,,25416,33,0,16,0,85,,25417,33,0,16,0,85,,25418,33,0,16,0,45,,25419,33,0,16,0
70102,'1351',736,,25420,33,0,16,0,85,,25421,33,0,16,0,85,,25422,33,0,16,0,45,,25423,33,0,16,0,85,,25424,33,0,16,0,85,,25425,33,0,16,0,130,,25426,33,0,16,0,170,,25427,33,0,16,0,85,,25428,33,0,16,0,45,,25429,33,0,16,0,85,,25430,33,0,16,0,85,,25431,33,0,16,0,85,,25432,33,0,16,0,45,,25433,33,0,16,0
70102,'1352',736,,25434,33,0,16,0,85,,25435,33,0,16,0,85,,25436,33,0,16,0,45,,25437,33,0,16,0,85,,25438,33,0,16,0,85,,25439,33,0,16,0,130,,25440,33,0,16,0,170,,25441,33,0,16,0,85,,25442,33,0,16,0,45,,25443,33,0,16,0,85,,25444,33,0,16,0,85,,25445,33,0,16,0,85,,25446,33,0,16,0,45,,25447,33,0,16,0
70102,'1353',736,,25448,33,0,16,0,85,,25449,33,0,16,0,85,,25450,33,0,16,0,45,,25451,33,0,16,0,85,,25452,33,0,16,0,85,,25453,33,0,16,0,130,,25454,33,0,16,0,170,,25455,33,0,16,0,85,,25456,33,0,16,0,45,,25457,33,0,16,0,85,,25458,33,0,16,0,85,,25459,33,0,16,0,85,,25460,33,0,16,0,45,,25461,33,0,16,0
70102,'1354',736,,25462,33,0,16,0,85,,25463,33,0,16,0,85,,25464,33,0,16,0,45,,25465,33,0,16,0,85,,25466,33,0,16,0,85,,25467,33,0,16,0,130,,25468,33,0,16,0,170,,25469,33,0,16,0,85,,25470,33,0,16,0,45,,25471,33,0,16,0,85,,25472,33,0,16,0,85,,25473,33,0,16,0,85,,25474,33,0,16,0,45,,25475,33,0,16,0
