721303,'1348',840,,27587,6,0,15,0,80,,27586,6,0,15,0,80,,27585,6,0,15,0,40,,27584,6,0,15,0,80,,27583,6,0,15,0,80,,27582,6,0,15,0,40,,27581,6,0,15,0,80,,27580,6,0,15,0,80,,27579,6,0,15,0,40,,27578,6,0,15,0,80,,27577,6,0,15,0,80,,27576,6,0,15,0,40,,27575,6,0,15,0,80,,27574,6,0,15,0,80,,27573,6,0,15,0,40,,27572,6,0,15,0,80,,27589,6,0,15,0,80,,27588,6,0,15,0
721303,'1349',640,,27590,6,0,15,0,80,,27591,6,0,15,0,80,,27592,6,0,15,0,40,,27593,6,0,15,0,80,,27594,6,0,15,0,80,,27595,6,0,15,0,40,,27596,6,0,15,0,80,,27597,6,0,15,0,80,,27598,6,0,15,0,20,,27599,6,0,15,0,20,,27600,6,0,15,0,60,,27601,6,0,15,0,20,,27602,6,0,15,0,20,,27603,6,0,15,0,60,,27604,6,0,15,0,20,,27605,6,0,15,0,20,,27606,6,0,15,0,60,,27607,6,0,15,0,20,,27608,6,0,15,0,20,,27609,6,0,15,0,60,,27610,6,0,15,0,20,,27611,6,0,15,0,20,,27612,6,0,15,0,60,,27613,6,0,15,0,20,,27614,6,0,15,0,20,,27615,6,0,15,0,60,,27616,6,0,15,0,20,,27617,6,0,15,0,20,,27618,6,0,15,0,80,,27619,6,0,15,0,80,,27620,6,0,15,0,40,,27621,6,0,15,0,80,,27622,6,0,15,0,80,,27623,6,0,15,0,40,,27624,6,0,15,0,80,,27625,6,0,15,0
721303,'1350',615,,27626,6,0,15,0,85,,27627,6,0,15,0,20,,27628,6,0,15,0,25,,27629,6,0,15,0,60,,27630,6,0,15,0,25,,27631,6,0,15,0,20,,27632,6,0,15,0,65,,27633,6,0,15,0,20,,27634,6,0,15,0,65,,27635,6,0,15,0,20,,27636,6,0,15,0,25,,27637,6,0,15,0,60,,27638,6,0,15,0,25,,27639,6,0,15,0,20,,27640,6,0,15,0,65,,27641,6,0,15,0,20,,27642,6,0,15,0,65,,27643,6,0,15,0,20,,27644,6,0,15,0,25,,27645,6,0,15,0,60,,27646,6,0,15,0,25,,27647,6,0,15,0,20,,27648,6,0,15,0,65,,27649,6,0,15,0,20,,27650,6,0,15,0,65,,27651,6,0,15,0,20,,27652,6,0,15,0,25,,27653,6,0,15,0,60,,27654,6,0,15,0,25,,27655,6,0,15,0,20,,27656,6,0,15,0,65,,27657,6,0,15,0,20,,27658,6,0,15,0,69,,27659,6,0,15,0,36,,27660,6,0,15,0,80,,27661,6,0,15,0,80,,27666,6,0,15,0,40,,27665,6,0,15,0,80,,27664,6,0,15,0,80,,27663,6,0,15,0,40,,27662,6,0,15,0
721303,'1351',615,,27667,6,0,15,0,85,,27668,6,0,15,0,20,,27669,6,0,15,0,25,,27670,6,0,15,0,60,,27671,6,0,15,0,25,,27672,6,0,15,0,20,,27673,6,0,15,0,65,,27674,6,0,15,0,20,,27675,6,0,15,0,65,,27676,6,0,15,0,20,,27677,6,0,15,0,25,,27678,6,0,15,0,60,,27679,6,0,15,0,25,,27680,6,0,15,0,20,,27681,6,0,15,0,65,,27682,6,0,15,0,20,,27683,6,0,15,0,65,,27684,6,0,15,0,20,,27685,6,0,15,0,25,,27686,6,0,15,0,60,,27687,6,0,15,0,25,,27688,6,0,15,0,20,,27689,6,0,15,0,65,,27690,6,0,15,0,20,,27691,6,0,15,0,65,,27692,6,0,15,0,20,,27693,6,0,15,0,25,,27694,6,0,15,0,60,,27695,6,0,15,0,25,,27696,6,0,15,0,20,,27697,6,0,15,0,65,,27698,6,0,15,0,20,,27699,6,0,15,0,69,,27700,6,0,15,0,36,,27701,6,0,15,0,80,,27702,6,0,15,0,80,,27707,6,0,15,0,40,,27706,6,0,15,0,80,,27705,6,0,15,0,80,,27704,6,0,15,0,40,,27703,6,0,15,0
721303,'1352',615,,27708,6,0,15,0,85,,27709,6,0,15,0,20,,27710,6,0,15,0,25,,27711,6,0,15,0,60,,27712,6,0,15,0,25,,27713,6,0,15,0,20,,27714,6,0,15,0,65,,27715,6,0,15,0,20,,27716,6,0,15,0,65,,27717,6,0,15,0,20,,27718,6,0,15,0,25,,27719,6,0,15,0,60,,27720,6,0,15,0,25,,27721,6,0,15,0,20,,27722,6,0,15,0,65,,27723,6,0,15,0,20,,27724,6,0,15,0,65,,27725,6,0,15,0,20,,27726,6,0,15,0,25,,27727,6,0,15,0,60,,27728,6,0,15,0,25,,27729,6,0,15,0,20,,27730,6,0,15,0,65,,27731,6,0,15,0,20,,27732,6,0,15,0,65,,27733,6,0,15,0,20,,27734,6,0,15,0,25,,27735,6,0,15,0,60,,27736,6,0,15,0,25,,27737,6,0,15,0,20,,27738,6,0,15,0,65,,27739,6,0,15,0,20,,27740,6,0,15,0,69,,27741,6,0,15,0,36,,27742,6,0,15,0,80,,27743,6,0,15,0,80,,27748,6,0,15,0,40,,27747,6,0,15,0,80,,27746,6,0,15,0,80,,27745,6,0,15,0,40,,27744,6,0,15,0
721303,'1353',615,,27749,6,0,15,0,85,,27750,6,0,15,0,20,,27751,6,0,15,0,25,,27752,6,0,15,0,60,,27753,6,0,15,0,25,,27754,6,0,15,0,20,,27755,6,0,15,0,65,,27756,6,0,15,0,20,,27757,6,0,15,0,65,,27758,6,0,15,0,20,,27759,6,0,15,0,25,,27760,6,0,15,0,60,,27761,6,0,15,0,25,,27762,6,0,15,0,20,,27763,6,0,15,0,65,,27764,6,0,15,0,20,,27765,6,0,15,0,65,,27766,6,0,15,0,20,,27767,6,0,15,0,25,,27768,6,0,15,0,60,,27769,6,0,15,0,25,,27770,6,0,15,0,20,,27771,6,0,15,0,65,,27772,6,0,15,0,20,,27773,6,0,15,0,65,,27774,6,0,15,0,20,,27775,6,0,15,0,25,,27776,6,0,15,0,60,,27777,6,0,15,0,25,,27778,6,0,15,0,20,,27779,6,0,15,0,65,,27780,6,0,15,0,20,,27781,6,0,15,0,69,,27782,6,0,15,0,36,,27783,6,0,15,0,80,,27784,6,0,15,0,80,,27789,6,0,15,0,40,,27788,6,0,15,0,80,,27787,6,0,15,0,80,,27786,6,0,15,0,40,,27785,6,0,15,0
721303,'1354',615,,27790,6,0,15,0,85,,27791,6,0,15,0,20,,27792,6,0,15,0,25,,27793,6,0,15,0,60,,27794,6,0,15,0,25,,27795,6,0,15,0,20,,27796,6,0,15,0,65,,27797,6,0,15,0,20,,27798,6,0,15,0,65,,27799,6,0,15,0,20,,27800,6,0,15,0,25,,27801,6,0,15,0,60,,27802,6,0,15,0,25,,27803,6,0,15,0,20,,27804,6,0,15,0,65,,27805,6,0,15,0,20,,27806,6,0,15,0,65,,27807,6,0,15,0,20,,27808,6,0,15,0,25,,27809,6,0,15,0,60,,27810,6,0,15,0,25,,27811,6,0,15,0,20,,27812,6,0,15,0,65,,27813,6,0,15,0,20,,27814,6,0,15,0,65,,27815,6,0,15,0,20,,27816,6,0,15,0,25,,27817,6,0,15,0,60,,27818,6,0,15,0,25,,27819,6,0,15,0,20,,27820,6,0,15,0,65,,27821,6,0,15,0,20,,27822,6,0,15,0,69,,27823,6,0,15,0,36,,27824,6,0,15,0,80,,27825,6,0,15,0,80,,27830,6,0,15,0,40,,27829,6,0,15,0,80,,27828,6,0,15,0,80,,27827,6,0,15,0,40,,27826,6,0,15,0
721502,'1350',722,,28532,4,0,16,0
721502,'1351',722,,28561,4,0,16,0
721502,'1352',722,,28590,4,0,16,0
721502,'1353',722,,28619,4,0,16,0
721502,'1354',722,,28648,4,0,16,0
