721303,'1327',847,,5949,14,0,6,0,80,,5948,14,0,6,0,80,,5947,14,0,6,0,40,,5946,14,0,6,0,80,,5945,14,0,6,0,80,,5944,14,0,6,0,40,,5943,14,0,6,0,80,,5942,14,0,6,0,80,,5941,14,0,6,0,40,,5940,14,0,6,0,80,,5939,14,0,6,0,80,,5938,14,0,6,0,40,,5937,14,0,6,0,80,,5936,14,0,6,0,80,,5935,14,0,6,0,40,,5934,14,0,6,0,80,,5933,14,0,6,0,80,,5932,14,0,6,0
721303,'1328',647,,5950,14,0,6,0,80,,5951,14,0,6,0,80,,5952,14,0,6,0,40,,5953,14,0,6,0,80,,5954,14,0,6,0,80,,5955,14,0,6,0,40,,5956,14,0,6,0,80,,5957,14,0,6,0,80,,5958,14,0,6,0,20,,5959,14,0,6,0,20,,5960,14,0,6,0,60,,5961,14,0,6,0,20,,5962,14,0,6,0,20,,5963,14,0,6,0,60,,5964,14,0,6,0,20,,5965,14,0,6,0,20,,5966,14,0,6,0,60,,5967,14,0,6,0,20,,5968,14,0,6,0,20,,5969,14,0,6,0,60,,5970,14,0,6,0,20,,5971,14,0,6,0,20,,5972,14,0,6,0,60,,5973,14,0,6,0,20,,5974,14,0,6,0,20,,5975,14,0,6,0,60,,5976,14,0,6,0,20,,5977,14,0,6,0,20,,5978,14,0,6,0,80,,5979,14,0,6,0,80,,5980,14,0,6,0,40,,5981,14,0,6,0,80,,5982,14,0,6,0,80,,5983,14,0,6,0,40,,5984,14,0,6,0,80,,5985,14,0,6,0
721303,'1329',620,,5986,14,0,6,0,85,,5987,14,0,6,0,20,,5988,14,0,6,0,25,,5989,14,0,6,0,60,,5990,14,0,6,0,25,,5991,14,0,6,0,20,,5992,14,0,6,0,65,,5993,14,0,6,0,20,,5994,14,0,6,0,65,,5995,14,0,6,0,20,,5996,14,0,6,0,25,,5997,14,0,6,0,60,,5998,14,0,6,0,25,,5999,14,0,6,0,20,,6000,14,0,6,0,65,,6001,14,0,6,0,20,,6002,14,0,6,0,65,,6003,14,0,6,0,20,,6004,14,0,6,0,25,,6005,14,0,6,0,60,,6006,14,0,6,0,25,,6007,14,0,6,0,20,,6008,14,0,6,0,65,,6009,14,0,6,0,20,,6010,14,0,6,0,65,,6011,14,0,6,0,20,,6012,14,0,6,0,25,,6013,14,0,6,0,60,,6014,14,0,6,0,25,,6015,14,0,6,0,20,,6016,14,0,6,0,65,,6017,14,0,6,0,20,,6018,14,0,6,0,69,,6019,14,0,6,0,38,,6020,14,0,6,0,80,,6021,14,0,6,0,80,,6022,14,0,6,0,40,,6023,14,0,6,0,80,,6024,14,0,6,0,80,,6025,14,0,6,0,40,,6026,14,0,6,0
721303,'1330',620,,6027,14,0,6,0,85,,6028,14,0,6,0,20,,6029,14,0,6,0,25,,6030,14,0,6,0,60,,6031,14,0,6,0,25,,6032,14,0,6,0,20,,6033,14,0,6,0,65,,6034,14,0,6,0,20,,6035,14,0,6,0,65,,6036,14,0,6,0,20,,6037,14,0,6,0,25,,6038,14,0,6,0,60,,6039,14,0,6,0,25,,6040,14,0,6,0,20,,6041,14,0,6,0,65,,6042,14,0,6,0,20,,6043,14,0,6,0,65,,6044,14,0,6,0,20,,6045,14,0,6,0,25,,6046,14,0,6,0,60,,6047,14,0,6,0,25,,6048,14,0,6,0,20,,6049,14,0,6,0,65,,6050,14,0,6,0,20,,6051,14,0,6,0,65,,6052,14,0,6,0,20,,6053,14,0,6,0,25,,6054,14,0,6,0,60,,6055,14,0,6,0,25,,6056,14,0,6,0,20,,6057,14,0,6,0,65,,6058,14,0,6,0,20,,6059,14,0,6,0,69,,6060,14,0,6,0,38,,6061,14,0,6,0,80,,6062,14,0,6,0,80,,6063,14,0,6,0,40,,6064,14,0,6,0,80,,6065,14,0,6,0,80,,6066,14,0,6,0,40,,6067,14,0,6,0
721303,'1331',620,,6068,14,0,6,0,85,,6069,14,0,6,0,20,,6070,14,0,6,0,25,,6071,14,0,6,0,60,,6072,14,0,6,0,25,,6073,14,0,6,0,20,,6074,14,0,6,0,65,,6075,14,0,6,0,20,,6076,14,0,6,0,65,,6077,14,0,6,0,20,,6078,14,0,6,0,25,,6079,14,0,6,0,60,,6080,14,0,6,0,25,,6081,14,0,6,0,20,,6082,14,0,6,0,65,,6083,14,0,6,0,20,,6084,14,0,6,0,65,,6085,14,0,6,0,20,,6086,14,0,6,0,25,,6087,14,0,6,0,60,,6088,14,0,6,0,25,,6089,14,0,6,0,20,,6090,14,0,6,0,65,,6091,14,0,6,0,20,,6092,14,0,6,0,65,,6093,14,0,6,0,20,,6094,14,0,6,0,25,,6095,14,0,6,0,60,,6096,14,0,6,0,25,,6097,14,0,6,0,20,,6098,14,0,6,0,65,,6099,14,0,6,0,20,,6100,14,0,6,0,69,,6101,14,0,6,0,38,,6102,14,0,6,0,80,,6103,14,0,6,0,80,,6104,14,0,6,0,40,,6105,14,0,6,0,80,,6106,14,0,6,0,80,,6107,14,0,6,0,40,,6108,14,0,6,0
721303,'1332',620,,6109,14,0,6,0,85,,6110,14,0,6,0,20,,6111,14,0,6,0,25,,6112,14,0,6,0,60,,6113,14,0,6,0,25,,6114,14,0,6,0,20,,6115,14,0,6,0,65,,6116,14,0,6,0,20,,6117,14,0,6,0,65,,6118,14,0,6,0,20,,6119,14,0,6,0,25,,6120,14,0,6,0,60,,6121,14,0,6,0,25,,6122,14,0,6,0,20,,6123,14,0,6,0,65,,6124,14,0,6,0,20,,6125,14,0,6,0,65,,6126,14,0,6,0,20,,6127,14,0,6,0,25,,6128,14,0,6,0,60,,6129,14,0,6,0,25,,6130,14,0,6,0,20,,6131,14,0,6,0,65,,6132,14,0,6,0,20,,6133,14,0,6,0,65,,6134,14,0,6,0,20,,6135,14,0,6,0,25,,6136,14,0,6,0,60,,6137,14,0,6,0,25,,6138,14,0,6,0,20,,6139,14,0,6,0,65,,6140,14,0,6,0,20,,6141,14,0,6,0,69,,6142,14,0,6,0,38,,6143,14,0,6,0,80,,6144,14,0,6,0,80,,6145,14,0,6,0,40,,6146,14,0,6,0,80,,6147,14,0,6,0,80,,6148,14,0,6,0,40,,6149,14,0,6,0
721303,'1333',620,,6150,14,0,6,0,85,,6151,14,0,6,0,20,,6152,14,0,6,0,25,,6153,14,0,6,0,60,,6154,14,0,6,0,25,,6155,14,0,6,0,20,,6156,14,0,6,0,65,,6157,14,0,6,0,20,,6158,14,0,6,0,65,,6159,14,0,6,0,20,,6160,14,0,6,0,25,,6161,14,0,6,0,60,,6162,14,0,6,0,25,,6163,14,0,6,0,20,,6164,14,0,6,0,65,,6165,14,0,6,0,20,,6166,14,0,6,0,65,,6167,14,0,6,0,20,,6168,14,0,6,0,25,,6169,14,0,6,0,60,,6170,14,0,6,0,25,,6171,14,0,6,0,20,,6172,14,0,6,0,65,,6173,14,0,6,0,20,,6174,14,0,6,0,65,,6175,14,0,6,0,20,,6176,14,0,6,0,25,,6177,14,0,6,0,60,,6178,14,0,6,0,25,,6179,14,0,6,0,20,,6180,14,0,6,0,65,,6181,14,0,6,0,20,,6182,14,0,6,0,69,,6183,14,0,6,0,38,,6184,14,0,6,0,80,,6185,14,0,6,0,80,,6186,14,0,6,0,40,,6187,14,0,6,0,80,,6188,14,0,6,0,80,,6189,14,0,6,0,40,,6190,14,0,6,0
721502,'1327',900,,6872,5,0,7,0,100,,6871,5,0,7,0,100,,6870,5,0,7,0,100,,6869,5,0,7,0,100,,6868,5,0,7,0,100,,6867,5,0,7,0,100,,6866,5,0,7,0,100,,6865,5,0,7,0,100,,6864,5,0,7,0,100,,6863,5,0,7,0,100,,6862,5,0,7,0
721502,'1328',700,,6873,5,0,7,0,100,,6874,5,0,7,0,100,,6875,5,0,7,0,100,,6876,5,0,7,0,100,,6877,5,0,7,0,100,,6878,5,0,7,0,100,,6879,5,0,7,0,30,,6880,5,0,7,0,70,,6881,5,0,7,0,30,,6882,5,0,7,0,70,,6883,5,0,7,0,30,,6884,5,0,7,0,70,,6885,5,0,7,0,30,,6886,5,0,7,0,70,,6887,5,0,7,0,30,,6888,5,0,7,0,70,,6889,5,0,7,0,30,,6890,5,0,7,0,70,,6891,5,0,7,0
721502,'1329',700,,6892,5,0,7,0,30,,6893,5,0,7,0,70,,6894,5,0,7,0,30,,6895,5,0,7,0,70,,6896,5,0,7,0,30,,6897,5,0,7,0,70,,6898,5,0,7,0,30,,6899,5,0,7,0,70,,6900,5,0,7,0,30,,6901,5,0,7,0,70,,6902,5,0,7,0,30,,6903,5,0,7,0,70,,6904,5,0,7,0,30,,6905,5,0,7,0,70,,6906,5,0,7,0,30,,6907,5,0,7,0,70,,6908,5,0,7,0,30,,6909,5,0,7,0,70,,6910,5,0,7,0,30,,6911,5,0,7,0,70,,6912,5,0,7,0,30,,6913,5,0,7,0,70,,6914,5,0,7,0,30,,6915,5,0,7,0,70,,6916,5,0,7,0,100,,6917,5,0,7,0,100,,6918,5,0,7,0,100,,6919,5,0,7,0
721502,'1330',700,,6921,5,0,7,0,30,,6922,5,0,7,0,70,,6923,5,0,7,0,30,,6924,5,0,7,0,70,,6925,5,0,7,0,30,,6926,5,0,7,0,70,,6927,5,0,7,0,30,,6928,5,0,7,0,70,,6929,5,0,7,0,30,,6930,5,0,7,0,70,,6931,5,0,7,0,30,,6932,5,0,7,0,70,,6933,5,0,7,0,30,,6934,5,0,7,0,70,,6935,5,0,7,0,30,,6936,5,0,7,0,70,,6937,5,0,7,0,30,,6938,5,0,7,0,70,,6939,5,0,7,0,30,,6940,5,0,7,0,70,,6941,5,0,7,0,30,,6942,5,0,7,0,70,,6943,5,0,7,0,30,,6944,5,0,7,0,70,,6945,5,0,7,0,100,,6946,5,0,7,0,100,,6947,5,0,7,0,100,,6948,5,0,7,0
721502,'1331',700,,6950,5,0,7,0,30,,6951,5,0,7,0,70,,6952,5,0,7,0,30,,6953,5,0,7,0,70,,6954,5,0,7,0,30,,6955,5,0,7,0,70,,6956,5,0,7,0,30,,6957,5,0,7,0,70,,6958,5,0,7,0,30,,6959,5,0,7,0,70,,6960,5,0,7,0,30,,6961,5,0,7,0,70,,6962,5,0,7,0,30,,6963,5,0,7,0,70,,6964,5,0,7,0,30,,6965,5,0,7,0,70,,6966,5,0,7,0,30,,6967,5,0,7,0,70,,6968,5,0,7,0,30,,6969,5,0,7,0,70,,6970,5,0,7,0,30,,6971,5,0,7,0,70,,6972,5,0,7,0,30,,6973,5,0,7,0,70,,6974,5,0,7,0,100,,6975,5,0,7,0,100,,6976,5,0,7,0,100,,6977,5,0,7,0
721502,'1332',700,,6979,5,0,7,0,30,,6980,5,0,7,0,70,,6981,5,0,7,0,30,,6982,5,0,7,0,70,,6983,5,0,7,0,30,,6984,5,0,7,0,70,,6985,5,0,7,0,30,,6986,5,0,7,0,70,,6987,5,0,7,0,30,,6988,5,0,7,0,70,,6989,5,0,7,0,30,,6990,5,0,7,0,70,,6991,5,0,7,0,30,,6992,5,0,7,0,70,,6993,5,0,7,0,30,,6994,5,0,7,0,70,,6995,5,0,7,0,30,,6996,5,0,7,0,70,,6997,5,0,7,0,30,,6998,5,0,7,0,70,,6999,5,0,7,0,30,,7000,5,0,7,0,70,,7001,5,0,7,0,30,,7002,5,0,7,0,70,,7003,5,0,7,0,100,,7004,5,0,7,0,100,,7005,5,0,7,0,100,,7006,5,0,7,0
721502,'1333',700,,7008,5,0,7,0,30,,7009,5,0,7,0,70,,7010,5,0,7,0,30,,7011,5,0,7,0,70,,7012,5,0,7,0,30,,7013,5,0,7,0,70,,7014,5,0,7,0,30,,7015,5,0,7,0,70,,7016,5,0,7,0,30,,7017,5,0,7,0,70,,7018,5,0,7,0,30,,7019,5,0,7,0,70,,7020,5,0,7,0,30,,7021,5,0,7,0,70,,7022,5,0,7,0,30,,7023,5,0,7,0,70,,7024,5,0,7,0,30,,7025,5,0,7,0,70,,7026,5,0,7,0,30,,7027,5,0,7,0,70,,7028,5,0,7,0,30,,7029,5,0,7,0,70,,7030,5,0,7,0,30,,7031,5,0,7,0,70,,7032,5,0,7,0,100,,7033,5,0,7,0,100,,7034,5,0,7,0,100,,7035,5,0,7,0
