721304,'1355',825,,35050,43,0,14,0,80,,35049,43,0,14,0,40,,35048,43,0,14,0,80,,35047,43,0,14,0,80,,35046,43,0,14,0,40,,35045,43,0,14,0,80,,35044,43,0,14,0,80,,35043,43,0,14,0,40,,35042,43,0,14,0,80,,35041,43,0,14,0,80,,35040,43,0,14,0,40,,35039,43,0,14,0,80,,35038,43,0,14,0,80,,35037,43,0,14,0,40,,35036,43,0,14,0,80,,35035,43,0,14,0,80,,35034,43,0,14,0,40,,35033,43,0,14,0
721304,'1356',625,,35051,43,0,14,0,80,,35052,43,0,14,0,40,,35053,43,0,14,0,80,,35054,43,0,14,0,80,,35055,43,0,14,0,40,,35056,43,0,14,0,80,,35057,43,0,14,0,80,,35058,43,0,14,0,40,,35059,43,0,14,0,60,,35060,43,0,14,0,20,,35061,43,0,14,0,20,,35062,43,0,14,0,60,,35063,43,0,14,0,20,,35064,43,0,14,0,20,,35065,43,0,14,0,60,,35066,43,0,14,0,20,,35067,43,0,14,0,20,,35068,43,0,14,0,60,,35069,43,0,14,0,20,,35070,43,0,14,0,20,,35071,43,0,14,0,60,,35072,43,0,14,0,20,,35073,43,0,14,0,20,,35074,43,0,14,0,60,,35075,43,0,14,0,20,,35076,43,0,14,0,20,,35077,43,0,14,0,60,,35078,43,0,14,0,20,,35079,43,0,14,0,80,,35080,43,0,14,0,40,,35081,43,0,14,0,80,,35082,43,0,14,0,80,,35083,43,0,14,0,40,,35084,43,0,14,0,80,,35085,43,0,14,0,80,,35086,43,0,14,0
721304,'1357',559,,35087,43,0,14,0,85,,35088,43,0,14,0,60,,35089,43,0,14,0,25,,35090,43,0,14,0,20,,35091,43,0,14,0,65,,35092,43,0,14,0,20,,35093,43,0,14,0,25,,35094,43,0,14,0,60,,35095,43,0,14,0,25,,35096,43,0,14,0,60,,35097,43,0,14,0,25,,35098,43,0,14,0,20,,35099,43,0,14,0,65,,35100,43,0,14,0,20,,35101,43,0,14,0,25,,35102,43,0,14,0,60,,35103,43,0,14,0,25,,35104,43,0,14,0,60,,35105,43,0,14,0,25,,35106,43,0,14,0,20,,35107,43,0,14,0,65,,35108,43,0,14,0,20,,35109,43,0,14,0,25,,35110,43,0,14,0,60,,35111,43,0,14,0,25,,35112,43,0,14,0,60,,35113,43,0,14,0,25,,35114,43,0,14,0,20,,35115,43,0,14,0,65,,35116,43,0,14,0,20,,35117,43,0,14,0,25,,35118,43,0,14,0,60,,35119,43,0,14,0,30,,35120,43,0,14,0,76,,35121,43,0,14,0,80,,35122,43,0,14,0,40,,35123,43,0,14,0,80,,35124,43,0,14,0,80,,35125,43,0,14,0,40,,35126,43,0,14,0,80,,35127,43,0,14,0
721304,'1358',559,,35128,43,0,14,0,85,,35129,43,0,14,0,60,,35130,43,0,14,0,25,,35131,43,0,14,0,20,,35132,43,0,14,0,65,,35133,43,0,14,0,20,,35134,43,0,14,0,25,,35135,43,0,14,0,60,,35136,43,0,14,0,25,,35137,43,0,14,0,60,,35138,43,0,14,0,25,,35139,43,0,14,0,20,,35140,43,0,14,0,65,,35141,43,0,14,0,20,,35142,43,0,14,0,25,,35143,43,0,14,0,60,,35144,43,0,14,0,25,,35145,43,0,14,0,60,,35146,43,0,14,0,25,,35147,43,0,14,0,20,,35148,43,0,14,0,65,,35149,43,0,14,0,20,,35150,43,0,14,0,25,,35151,43,0,14,0,60,,35152,43,0,14,0,25,,35153,43,0,14,0,60,,35154,43,0,14,0,25,,35155,43,0,14,0,20,,35156,43,0,14,0,65,,35157,43,0,14,0,20,,35158,43,0,14,0,25,,35159,43,0,14,0,60,,35160,43,0,14,0,30,,35161,43,0,14,0,76,,35162,43,0,14,0,80,,35163,43,0,14,0,40,,35164,43,0,14,0,80,,35165,43,0,14,0,80,,35166,43,0,14,0,40,,35167,43,0,14,0,80,,35168,43,0,14,0
721304,'1359',559,,35169,43,0,14,0,85,,35170,43,0,14,0,60,,35171,43,0,14,0,25,,35172,43,0,14,0,20,,35173,43,0,14,0,65,,35174,43,0,14,0,20,,35175,43,0,14,0,25,,35176,43,0,14,0,60,,35177,43,0,14,0,25,,35178,43,0,14,0,60,,35179,43,0,14,0,25,,35180,43,0,14,0,20,,35181,43,0,14,0,65,,35182,43,0,14,0,20,,35183,43,0,14,0,25,,35184,43,0,14,0,60,,35185,43,0,14,0,25,,35186,43,0,14,0,60,,35187,43,0,14,0,25,,35188,43,0,14,0,20,,35189,43,0,14,0,65,,35190,43,0,14,0,20,,35191,43,0,14,0,25,,35192,43,0,14,0,60,,35193,43,0,14,0,25,,35194,43,0,14,0,60,,35195,43,0,14,0,25,,35196,43,0,14,0,20,,35197,43,0,14,0,65,,35198,43,0,14,0,20,,35199,43,0,14,0,25,,35200,43,0,14,0,60,,35201,43,0,14,0,30,,35202,43,0,14,0,76,,35203,43,0,14,0,80,,35204,43,0,14,0,40,,35205,43,0,14,0,80,,35206,43,0,14,0,80,,35207,43,0,14,0,40,,35208,43,0,14,0,80,,35209,43,0,14,0
721304,'1360',559,,35210,43,0,14,0,85,,35211,43,0,14,0,60,,35212,43,0,14,0,25,,35213,43,0,14,0,20,,35214,43,0,14,0,65,,35215,43,0,14,0,20,,35216,43,0,14,0,25,,35217,43,0,14,0,60,,35218,43,0,14,0,25,,35219,43,0,14,0,60,,35220,43,0,14,0,25,,35221,43,0,14,0,20,,35222,43,0,14,0,65,,35223,43,0,14,0,20,,35224,43,0,14,0,25,,35225,43,0,14,0,60,,35226,43,0,14,0,25,,35227,43,0,14,0,60,,35228,43,0,14,0,25,,35229,43,0,14,0,20,,35230,43,0,14,0,65,,35231,43,0,14,0,20,,35232,43,0,14,0,25,,35233,43,0,14,0,60,,35234,43,0,14,0,25,,35235,43,0,14,0,60,,35236,43,0,14,0,25,,35237,43,0,14,0,20,,35238,43,0,14,0,65,,35239,43,0,14,0,20,,35240,43,0,14,0,25,,35241,43,0,14,0,60,,35242,43,0,14,0,30,,35243,43,0,14,0,76,,35244,43,0,14,0,80,,35245,43,0,14,0,40,,35246,43,0,14,0,80,,35247,43,0,14,0,80,,35248,43,0,14,0,40,,35249,43,0,14,0,80,,35250,43,0,14,0
721304,'1361',559,,35251,43,0,14,0,85,,35252,43,0,14,0,60,,35253,43,0,14,0,25,,35254,43,0,14,0,20,,35255,43,0,14,0,65,,35256,43,0,14,0,20,,35257,43,0,14,0,25,,35258,43,0,14,0,60,,35259,43,0,14,0,25,,35260,43,0,14,0,60,,35261,43,0,14,0,25,,35262,43,0,14,0,20,,35263,43,0,14,0,65,,35264,43,0,14,0,20,,35265,43,0,14,0,25,,35266,43,0,14,0,60,,35267,43,0,14,0,25,,35268,43,0,14,0,60,,35269,43,0,14,0,25,,35270,43,0,14,0,20,,35271,43,0,14,0,65,,35272,43,0,14,0,20,,35273,43,0,14,0,25,,35274,43,0,14,0,60,,35275,43,0,14,0,25,,35276,43,0,14,0,60,,35277,43,0,14,0,25,,35278,43,0,14,0,20,,35279,43,0,14,0,65,,35280,43,0,14,0,20,,35281,43,0,14,0,25,,35282,43,0,14,0,60,,35283,43,0,14,0,30,,35284,43,0,14,0,76,,35285,43,0,14,0,80,,35286,43,0,14,0,40,,35287,43,0,14,0,80,,35288,43,0,14,0,80,,35289,43,0,14,0,40,,35290,43,0,14,0,80,,35291,43,0,14,0
722600,'1357',726,,36062,14,,,0,85,,36059,14,,,0,690,,36060,15,,,0,42,,36061,15,,,0
722600,'1358',726,,36066,14,,,0,85,,36063,14,,,0,690,,36064,15,,,0,42,,36065,15,,,0
722600,'1359',726,,36070,14,,,0,85,,36067,14,,,0,690,,36068,15,,,0,42,,36069,15,,,0
722600,'1360',726,,36074,14,,,0,85,,36071,14,,,0,690,,36072,15,,,0,42,,36073,15,,,0
722600,'1361',726,,36078,14,,,0,85,,36075,14,,,0,690,,36076,15,,,0,42,,36077,15,,,0
