1600,'1327',1056,,21,28,4,,0,70,,20,28,4,,0,85,,19,28,4,,0,30,,18,28,4,,0,70,,17,28,4,,0,30,,16,28,4,,0,70,,15,28,4,,0,30,,14,28,4,,0,70,,13,28,4,,0,30,,12,28,4,,0,70,,11,28,4,,0,30,,10,28,4,,0,70,,9,28,4,,0,20,,8,28,4,,0,10,,7,28,4,,0,70,,6,28,4,,0,20,,5,28,4,,0,10,,4,28,4,,0,70,,3,28,4,,0,30,,2,28,4,,0,70,,1,28,4,,0
1600,'1328',743,,22,28,4,,0,70,,23,28,4,,0,30,,24,28,4,,0,70,,25,28,4,,0,30,,26,28,4,,0,70,,27,28,4,,0,30,,28,28,4,,0,70,,29,28,4,,0,20,,30,28,4,,0,20,,31,28,4,,0,60,,32,28,4,,0,20,,33,28,4,,0,20,,34,28,4,,0,60,,35,28,4,,0,20,,36,28,4,,0,20,,37,28,4,,0,60,,38,28,4,,0,20,,39,28,4,,0,20,,40,28,4,,0,60,,41,28,4,,0,20,,42,28,4,,0,20,,43,28,4,,0,60,,44,28,4,,0,20,,45,28,4,,0,20,,46,28,4,,0,60,,47,28,4,,0,20,,48,28,4,,0,20,,49,28,4,,0,60,,50,28,4,,0,20,,51,28,4,,0,5,,52,28,4,,0,15,,53,28,4,,0,60,,54,28,4,,0,30,,55,28,4,,0,70,,56,28,4,,0,30,,57,28,4,,0,70,,58,28,4,,0,30,,59,28,4,,0,70,,60,28,4,,0,100,,61,28,4,,0
1600,'1329',653,,62,28,4,,0,74,,105,28,4,,0,31,,63,28,4,,0,60,,64,28,4,,0,20,,65,28,4,,0,20,,66,28,4,,0,60,,67,28,4,,0,20,,68,28,4,,0,20,,69,28,4,,0,60,,70,28,4,,0,20,,71,28,4,,0,20,,72,28,4,,0,60,,73,28,4,,0,20,,74,28,4,,0,20,,75,28,4,,0,60,,76,28,4,,0,20,,77,28,4,,0,20,,78,28,4,,0,60,,79,28,4,,0,20,,80,28,4,,0,20,,81,28,4,,0,60,,82,28,4,,0,20,,83,28,4,,0,20,,84,28,4,,0,60,,85,28,4,,0,20,,86,28,4,,0,20,,87,28,4,,0,60,,88,28,4,,0,20,,89,28,4,,0,20,,90,28,4,,0,60,,91,28,4,,0,20,,92,28,4,,0,20,,93,28,4,,0,60,,94,28,4,,0,20,,95,28,4,,0,20,,96,28,4,,0,55,,97,28,4,,0,30,,98,28,4,,0,70,,99,28,4,,0,30,,100,28,4,,0,70,,101,28,4,,0,30,,102,28,4,,0,70,,103,28,4,,0,100,,104,28,4,,0
1600,'1330',653,,106,28,4,,0,74,,149,28,4,,0,31,,107,28,4,,0,60,,108,28,4,,0,20,,109,28,4,,0,20,,110,28,4,,0,60,,111,28,4,,0,20,,112,28,4,,0,20,,113,28,4,,0,60,,114,28,4,,0,20,,115,28,4,,0,20,,116,28,4,,0,60,,117,28,4,,0,20,,118,28,4,,0,20,,119,28,4,,0,60,,120,28,4,,0,20,,121,28,4,,0,20,,122,28,4,,0,60,,123,28,4,,0,20,,124,28,4,,0,20,,125,28,4,,0,60,,126,28,4,,0,20,,127,28,4,,0,20,,128,28,4,,0,60,,129,28,4,,0,20,,130,28,4,,0,20,,131,28,4,,0,60,,132,28,4,,0,20,,133,28,4,,0,20,,134,28,4,,0,60,,135,28,4,,0,20,,136,28,4,,0,20,,137,28,4,,0,60,,138,28,4,,0,20,,139,28,4,,0,20,,140,28,4,,0,55,,141,28,4,,0,30,,142,28,4,,0,70,,143,28,4,,0,30,,144,28,4,,0,70,,145,28,4,,0,30,,146,28,4,,0,70,,147,28,4,,0,100,,148,28,4,,0
1600,'1331',653,,150,28,4,,0,74,,193,28,4,,0,31,,151,28,4,,0,60,,152,28,4,,0,20,,153,28,4,,0,20,,154,28,4,,0,60,,155,28,4,,0,20,,156,28,4,,0,20,,157,28,4,,0,60,,158,28,4,,0,20,,159,28,4,,0,20,,160,28,4,,0,60,,161,28,4,,0,20,,162,28,4,,0,20,,163,28,4,,0,60,,164,28,4,,0,20,,165,28,4,,0,20,,166,28,4,,0,60,,167,28,4,,0,20,,168,28,4,,0,20,,169,28,4,,0,60,,170,28,4,,0,20,,171,28,4,,0,20,,172,28,4,,0,60,,173,28,4,,0,20,,174,28,4,,0,20,,175,28,4,,0,60,,176,28,4,,0,20,,177,28,4,,0,20,,178,28,4,,0,60,,179,28,4,,0,20,,180,28,4,,0,20,,181,28,4,,0,60,,182,28,4,,0,20,,183,28,4,,0,20,,184,28,4,,0,55,,185,28,4,,0,30,,186,28,4,,0,70,,187,28,4,,0,30,,188,28,4,,0,70,,189,28,4,,0,30,,190,28,4,,0,70,,191,28,4,,0,100,,192,28,4,,0
1600,'1332',653,,194,28,4,,0,74,,237,28,4,,0,31,,195,28,4,,0,60,,196,28,4,,0,20,,197,28,4,,0,20,,198,28,4,,0,60,,199,28,4,,0,20,,200,28,4,,0,20,,201,28,4,,0,60,,202,28,4,,0,20,,203,28,4,,0,20,,204,28,4,,0,60,,205,28,4,,0,20,,206,28,4,,0,20,,207,28,4,,0,60,,208,28,4,,0,20,,209,28,4,,0,20,,210,28,4,,0,60,,211,28,4,,0,20,,212,28,4,,0,20,,213,28,4,,0,60,,214,28,4,,0,20,,215,28,4,,0,20,,216,28,4,,0,60,,217,28,4,,0,20,,218,28,4,,0,20,,219,28,4,,0,60,,220,28,4,,0,20,,221,28,4,,0,20,,222,28,4,,0,60,,223,28,4,,0,20,,224,28,4,,0,20,,225,28,4,,0,60,,226,28,4,,0,20,,227,28,4,,0,20,,228,28,4,,0,55,,229,28,4,,0,30,,230,28,4,,0,70,,231,28,4,,0,30,,232,28,4,,0,70,,233,28,4,,0,30,,234,28,4,,0,70,,235,28,4,,0,100,,236,28,4,,0
1600,'1333',653,,238,28,4,,0,74,,281,28,4,,0,31,,239,28,4,,0,60,,240,28,4,,0,20,,241,28,4,,0,20,,242,28,4,,0,60,,243,28,4,,0,20,,244,28,4,,0,20,,245,28,4,,0,60,,246,28,4,,0,20,,247,28,4,,0,20,,248,28,4,,0,60,,249,28,4,,0,20,,250,28,4,,0,20,,251,28,4,,0,60,,252,28,4,,0,20,,253,28,4,,0,20,,254,28,4,,0,60,,255,28,4,,0,20,,256,28,4,,0,20,,257,28,4,,0,60,,258,28,4,,0,20,,259,28,4,,0,20,,260,28,4,,0,60,,261,28,4,,0,20,,262,28,4,,0,20,,263,28,4,,0,60,,264,28,4,,0,20,,265,28,4,,0,20,,266,28,4,,0,60,,267,28,4,,0,20,,268,28,4,,0,20,,269,28,4,,0,60,,270,28,4,,0,20,,271,28,4,,0,20,,272,28,4,,0,55,,273,28,4,,0,30,,274,28,4,,0,70,,275,28,4,,0,30,,276,28,4,,0,70,,277,28,4,,0,30,,278,28,4,,0,70,,279,28,4,,0,100,,280,28,4,,0
1601,'1327',1005,,301,1,,,0,30,,300,1,,,0,85,,299,1,,,0,30,,298,1,,,0,70,,297,1,,,0,30,,296,1,,,0,70,,295,1,,,0,30,,294,1,,,0,70,,293,1,,,0,30,,292,1,,,0,70,,291,1,,,0,30,,290,1,,,0,70,,289,1,,,0,30,,288,1,,,0,70,,287,1,,,0,18,,282,1,,,0,12,,286,1,,,0,70,,285,1,,,0,30,,284,1,,,0,70,,283,1,,,0
1601,'1328',650,,302,1,,,0,70,,303,1,,,0,30,,304,1,,,0,70,,305,1,,,0,30,,306,1,,,0,70,,307,1,,,0,30,,308,1,,,0,70,,309,1,,,0,20,,310,1,,,0,60,,311,1,,,0,20,,312,1,,,0,20,,313,1,,,0,60,,314,1,,,0,20,,315,1,,,0,20,,316,1,,,0,60,,317,1,,,0,20,,318,1,,,0,20,,319,1,,,0,60,,320,1,,,0,20,,321,1,,,0,20,,322,1,,,0,60,,323,1,,,0,20,,324,1,,,0,20,,325,1,,,0,60,,326,1,,,0,20,,327,1,,,0,20,,328,1,,,0,60,,329,1,,,0,20,,330,1,,,0,20,,331,1,,,0,60,,332,1,,,0,22,,333,1,,,0,30,,334,1,,,0,70,,335,1,,,0,30,,336,1,,,0,70,,337,1,,,0,30,,338,1,,,0,70,,339,1,,,0,100,,340,1,,,0
1601,'1329',600,,341,1,,,0,37,,342,1,,,0,70,,343,1,,,0,20,,344,1,,,0,20,,345,1,,,0,60,,346,1,,,0,20,,347,1,,,0,20,,348,1,,,0,60,,349,1,,,0,20,,350,1,,,0,20,,351,1,,,0,60,,352,1,,,0,20,,353,1,,,0,20,,354,1,,,0,60,,355,1,,,0,20,,356,1,,,0,20,,357,1,,,0,60,,358,1,,,0,20,,359,1,,,0,20,,360,1,,,0,60,,361,1,,,0,20,,362,1,,,0,20,,363,1,,,0,60,,364,1,,,0,20,,365,1,,,0,20,,366,1,,,0,60,,367,1,,,0,20,,368,1,,,0,20,,369,1,,,0,60,,370,1,,,0,20,,371,1,,,0,20,,372,1,,,0,60,,373,1,,,0,20,,374,1,,,0,20,,375,1,,,0,60,,376,1,,,0,15,,377,1,,,0,30,,378,1,,,0,70,,379,1,,,0,30,,380,1,,,0,70,,381,1,,,0,30,,382,1,,,0,70,,383,1,,,0,100,,384,1,,,0,100,,385,1,,,0
1601,'1330',600,,386,1,,,0,37,,387,1,,,0,70,,388,1,,,0,20,,389,1,,,0,20,,390,1,,,0,60,,391,1,,,0,20,,392,1,,,0,20,,393,1,,,0,60,,394,1,,,0,20,,395,1,,,0,20,,396,1,,,0,60,,397,1,,,0,20,,398,1,,,0,20,,399,1,,,0,60,,400,1,,,0,20,,401,1,,,0,20,,402,1,,,0,60,,403,1,,,0,20,,404,1,,,0,20,,405,1,,,0,60,,406,1,,,0,20,,407,1,,,0,20,,408,1,,,0,60,,409,1,,,0,20,,410,1,,,0,20,,411,1,,,0,60,,412,1,,,0,20,,413,1,,,0,20,,414,1,,,0,60,,415,1,,,0,20,,416,1,,,0,20,,417,1,,,0,60,,418,1,,,0,20,,419,1,,,0,20,,420,1,,,0,60,,421,1,,,0,15,,422,1,,,0,30,,423,1,,,0,70,,424,1,,,0,30,,425,1,,,0,70,,426,1,,,0,30,,427,1,,,0,70,,428,1,,,0,100,,429,1,,,0,100,,430,1,,,0
1601,'1331',600,,431,1,,,0,37,,432,1,,,0,70,,433,1,,,0,20,,434,1,,,0,20,,435,1,,,0,60,,436,1,,,0,20,,437,1,,,0,20,,438,1,,,0,60,,439,1,,,0,20,,440,1,,,0,20,,441,1,,,0,60,,442,1,,,0,20,,443,1,,,0,20,,444,1,,,0,60,,445,1,,,0,20,,446,1,,,0,20,,447,1,,,0,60,,448,1,,,0,20,,449,1,,,0,20,,450,1,,,0,60,,451,1,,,0,20,,452,1,,,0,20,,453,1,,,0,60,,454,1,,,0,20,,455,1,,,0,20,,456,1,,,0,60,,457,1,,,0,20,,458,1,,,0,20,,459,1,,,0,60,,460,1,,,0,20,,461,1,,,0,20,,462,1,,,0,60,,463,1,,,0,20,,464,1,,,0,20,,465,1,,,0,60,,466,1,,,0,15,,467,1,,,0,30,,468,1,,,0,70,,469,1,,,0,30,,470,1,,,0,70,,471,1,,,0,30,,472,1,,,0,70,,473,1,,,0,100,,474,1,,,0,100,,475,1,,,0
1601,'1332',600,,476,1,,,0,37,,477,1,,,0,70,,478,1,,,0,20,,479,1,,,0,20,,480,1,,,0,60,,481,1,,,0,20,,482,1,,,0,20,,483,1,,,0,60,,484,1,,,0,20,,485,1,,,0,20,,486,1,,,0,60,,487,1,,,0,20,,488,1,,,0,20,,489,1,,,0,60,,490,1,,,0,20,,491,1,,,0,20,,492,1,,,0,60,,493,1,,,0,20,,494,1,,,0,20,,495,1,,,0,60,,496,1,,,0,20,,497,1,,,0,20,,498,1,,,0,60,,499,1,,,0,20,,500,1,,,0,20,,501,1,,,0,60,,502,1,,,0,20,,503,1,,,0,20,,504,1,,,0,60,,505,1,,,0,20,,506,1,,,0,20,,507,1,,,0,60,,508,1,,,0,20,,509,1,,,0,20,,510,1,,,0,60,,511,1,,,0,15,,512,1,,,0,30,,513,1,,,0,70,,514,1,,,0,30,,515,1,,,0,70,,516,1,,,0,30,,517,1,,,0,70,,518,1,,,0,100,,519,1,,,0,100,,520,1,,,0
1601,'1333',600,,521,1,,,0,37,,522,1,,,0,70,,523,1,,,0,20,,524,1,,,0,20,,525,1,,,0,60,,526,1,,,0,20,,527,1,,,0,20,,528,1,,,0,60,,529,1,,,0,20,,530,1,,,0,20,,531,1,,,0,60,,532,1,,,0,20,,533,1,,,0,20,,534,1,,,0,60,,535,1,,,0,20,,536,1,,,0,20,,537,1,,,0,60,,538,1,,,0,20,,539,1,,,0,20,,540,1,,,0,60,,541,1,,,0,20,,542,1,,,0,20,,543,1,,,0,60,,544,1,,,0,20,,545,1,,,0,20,,546,1,,,0,60,,547,1,,,0,20,,548,1,,,0,20,,549,1,,,0,60,,550,1,,,0,20,,551,1,,,0,20,,552,1,,,0,60,,553,1,,,0,20,,554,1,,,0,20,,555,1,,,0,60,,556,1,,,0,15,,557,1,,,0,30,,558,1,,,0,70,,559,1,,,0,30,,560,1,,,0,70,,561,1,,,0,30,,562,1,,,0,70,,563,1,,,0,100,,564,1,,,0,100,,565,1,,,0
