70101,'1349',719,,25320,31,0,17,0,130,,25321,31,0,17,0,170,,25322,31,0,17,0,130,,25323,31,0,17,0,170,,25324,31,0,17,0,130,,25325,31,0,17,0,170,,25326,31,0,17,0,130,,25327,31,0,17,0
70101,'1350',719,,25328,31,0,17,0,85,,25329,31,0,17,0,45,,25330,31,0,17,0,85,,25331,31,0,17,0,85,,25332,31,0,17,0,130,,25333,31,0,17,0,170,,25334,31,0,17,0,85,,25335,31,0,17,0,45,,25336,31,0,17,0,85,,25337,31,0,17,0,85,,25338,31,0,17,0,85,,25339,31,0,17,0,45,,25340,31,0,17,0,85,,25341,31,0,17,0
70101,'1351',719,,25342,31,0,17,0,85,,25343,31,0,17,0,45,,25344,31,0,17,0,85,,25345,31,0,17,0,85,,25346,31,0,17,0,130,,25347,31,0,17,0,170,,25348,31,0,17,0,85,,25349,31,0,17,0,45,,25350,31,0,17,0,85,,25351,31,0,17,0,85,,25352,31,0,17,0,85,,25353,31,0,17,0,45,,25354,31,0,17,0,85,,25355,31,0,17,0
70101,'1352',719,,25356,31,0,17,0,85,,25357,31,0,17,0,45,,25358,31,0,17,0,85,,25359,31,0,17,0,85,,25360,31,0,17,0,130,,25361,31,0,17,0,170,,25362,31,0,17,0,85,,25363,31,0,17,0,45,,25364,31,0,17,0,85,,25365,31,0,17,0,85,,25366,31,0,17,0,85,,25367,31,0,17,0,45,,25368,31,0,17,0,85,,25369,31,0,17,0
70101,'1353',719,,25370,31,0,17,0,85,,25371,31,0,17,0,45,,25372,31,0,17,0,85,,25373,31,0,17,0,85,,25374,31,0,17,0,130,,25375,31,0,17,0,170,,25376,31,0,17,0,85,,25377,31,0,17,0,45,,25378,31,0,17,0,85,,25379,31,0,17,0,85,,25380,31,0,17,0,85,,25381,31,0,17,0,45,,25382,31,0,17,0,85,,25383,31,0,17,0
70101,'1354',719,,25384,31,0,17,0,85,,25385,31,0,17,0,45,,25386,31,0,17,0,85,,25387,31,0,17,0,85,,25388,31,0,17,0,130,,25389,31,0,17,0,170,,25390,31,0,17,0,85,,25391,31,0,17,0,45,,25392,31,0,17,0,85,,25393,31,0,17,0,85,,25394,31,0,17,0,85,,25395,31,0,17,0,45,,25396,31,0,17,0,85,,25397,31,0,17,0
70102,'1349',820,,25398,32,0,16,0,130,,25399,32,0,16,0,170,,25400,32,0,16,0,130,,25401,32,0,16,0,170,,25402,32,0,16,0,130,,25403,32,0,16,0,170,,25404,32,0,16,0,130,,25405,32,0,16,0
70102,'1350',735,,25406,32,0,16,0,85,,25407,32,0,16,0,85,,25408,32,0,16,0,45,,25409,32,0,16,0,85,,25410,32,0,16,0,85,,25411,32,0,16,0,130,,25412,32,0,16,0,170,,25413,32,0,16,0,85,,25414,32,0,16,0,45,,25415,32,0,16,0,85,,25416,32,0,16,0,85,,25417,32,0,16,0,85,,25418,32,0,16,0,45,,25419,32,0,16,0
70102,'1351',735,,25420,32,0,16,0,85,,25421,32,0,16,0,85,,25422,32,0,16,0,45,,25423,32,0,16,0,85,,25424,32,0,16,0,85,,25425,32,0,16,0,130,,25426,32,0,16,0,170,,25427,32,0,16,0,85,,25428,32,0,16,0,45,,25429,32,0,16,0,85,,25430,32,0,16,0,85,,25431,32,0,16,0,85,,25432,32,0,16,0,45,,25433,32,0,16,0
70102,'1352',735,,25434,32,0,16,0,85,,25435,32,0,16,0,85,,25436,32,0,16,0,45,,25437,32,0,16,0,85,,25438,32,0,16,0,85,,25439,32,0,16,0,130,,25440,32,0,16,0,170,,25441,32,0,16,0,85,,25442,32,0,16,0,45,,25443,32,0,16,0,85,,25444,32,0,16,0,85,,25445,32,0,16,0,85,,25446,32,0,16,0,45,,25447,32,0,16,0
70102,'1353',735,,25448,32,0,16,0,85,,25449,32,0,16,0,85,,25450,32,0,16,0,45,,25451,32,0,16,0,85,,25452,32,0,16,0,85,,25453,32,0,16,0,130,,25454,32,0,16,0,170,,25455,32,0,16,0,85,,25456,32,0,16,0,45,,25457,32,0,16,0,85,,25458,32,0,16,0,85,,25459,32,0,16,0,85,,25460,32,0,16,0,45,,25461,32,0,16,0
70102,'1354',735,,25462,32,0,16,0,85,,25463,32,0,16,0,85,,25464,32,0,16,0,45,,25465,32,0,16,0,85,,25466,32,0,16,0,85,,25467,32,0,16,0,130,,25468,32,0,16,0,170,,25469,32,0,16,0,85,,25470,32,0,16,0,45,,25471,32,0,16,0,85,,25472,32,0,16,0,85,,25473,32,0,16,0,85,,25474,32,0,16,0,45,,25475,32,0,16,0
