721203,'1355',1005,,34348,29,0,15,0,45,,34347,29,0,15,0,85,,34346,29,0,15,0,85,,34345,29,0,15,0,85,,34344,29,0,15,0,45,,34343,29,0,15,0,85,,34342,29,0,15,0,85,,34341,29,0,15,0,85,,34340,29,0,15,0,45,,34339,29,0,15,0,85,,34338,29,0,15,0,85,,34337,29,0,15,0,85,,34336,29,0,15,0,45,,34335,29,0,15,0
721203,'1356',705,,34349,29,0,15,0,45,,34350,29,0,15,0,85,,34351,29,0,15,0,85,,34352,29,0,15,0,85,,34353,29,0,15,0,45,,34354,29,0,15,0,70,,34355,29,0,15,0,30,,34356,29,0,15,0,70,,34357,29,0,15,0,30,,34358,29,0,15,0,70,,34359,29,0,15,0,30,,34360,29,0,15,0,70,,34361,29,0,15,0,30,,34362,29,0,15,0,70,,34363,29,0,15,0,30,,34364,29,0,15,0,70,,34365,29,0,15,0,30,,34366,29,0,15,0,70,,34367,29,0,15,0,30,,34368,29,0,15,0,70,,34369,29,0,15,0,30,,34370,29,0,15,0,85,,34371,29,0,15,0,85,,34372,29,0,15,0,85,,34373,29,0,15,0,45,,34374,29,0,15,0,85,,34375,29,0,15,0,85,,34376,29,0,15,0
721203,'1357',635,,34377,29,0,15,0,70,,34378,29,0,15,0,30,,34379,29,0,15,0,70,,34380,29,0,15,0,15,,34381,29,0,15,0,15,,34382,29,0,15,0,15,,34383,29,0,15,0,55,,34384,29,0,15,0,30,,34385,29,0,15,0,70,,34386,29,0,15,0,30,,34387,29,0,15,0,70,,34388,29,0,15,0,30,,34389,29,0,15,0,70,,34390,29,0,15,0,30,,34391,29,0,15,0,70,,34392,29,0,15,0,30,,34393,29,0,15,0,70,,34394,29,0,15,0,30,,34395,29,0,15,0,70,,34396,29,0,15,0,15,,34397,29,0,15,0,15,,34398,29,0,15,0,15,,34399,29,0,15,0,55,,34400,29,0,15,0,30,,34401,29,0,15,0,70,,34402,29,0,15,0,30,,34403,29,0,15,0,70,,34404,29,0,15,0,30,,34405,29,0,15,0,70,,34406,29,0,15,0,45,,34407,29,0,15,0,85,,34408,29,0,15,0,85,,34409,29,0,15,0,85,,34410,29,0,15,0,45,,34411,29,0,15,0,85,,34412,29,0,15,0
721203,'1358',635,,34413,29,0,15,0,70,,34414,29,0,15,0,30,,34415,29,0,15,0,70,,34416,29,0,15,0,15,,34417,29,0,15,0,15,,34418,29,0,15,0,15,,34419,29,0,15,0,55,,34420,29,0,15,0,30,,34421,29,0,15,0,70,,34422,29,0,15,0,30,,34423,29,0,15,0,70,,34424,29,0,15,0,30,,34425,29,0,15,0,70,,34426,29,0,15,0,30,,34427,29,0,15,0,70,,34428,29,0,15,0,30,,34429,29,0,15,0,70,,34430,29,0,15,0,30,,34431,29,0,15,0,70,,34432,29,0,15,0,15,,34433,29,0,15,0,15,,34434,29,0,15,0,15,,34435,29,0,15,0,55,,34436,29,0,15,0,30,,34437,29,0,15,0,70,,34438,29,0,15,0,30,,34439,29,0,15,0,70,,34440,29,0,15,0,30,,34441,29,0,15,0,70,,34442,29,0,15,0,45,,34443,29,0,15,0,85,,34444,29,0,15,0,85,,34445,29,0,15,0,85,,34446,29,0,15,0,45,,34447,29,0,15,0,85,,34448,29,0,15,0
721203,'1359',635,,34449,29,0,15,0,70,,34450,29,0,15,0,30,,34451,29,0,15,0,70,,34452,29,0,15,0,15,,34453,29,0,15,0,15,,34454,29,0,15,0,15,,34455,29,0,15,0,55,,34456,29,0,15,0,30,,34457,29,0,15,0,70,,34458,29,0,15,0,30,,34459,29,0,15,0,70,,34460,29,0,15,0,30,,34461,29,0,15,0,70,,34462,29,0,15,0,30,,34463,29,0,15,0,70,,34464,29,0,15,0,30,,34465,29,0,15,0,70,,34466,29,0,15,0,30,,34467,29,0,15,0,70,,34468,29,0,15,0,15,,34469,29,0,15,0,15,,34470,29,0,15,0,15,,34471,29,0,15,0,55,,34472,29,0,15,0,30,,34473,29,0,15,0,70,,34474,29,0,15,0,30,,34475,29,0,15,0,70,,34476,29,0,15,0,30,,34477,29,0,15,0,70,,34478,29,0,15,0,45,,34479,29,0,15,0,85,,34480,29,0,15,0,85,,34481,29,0,15,0,85,,34482,29,0,15,0,45,,34483,29,0,15,0,85,,34484,29,0,15,0
721203,'1360',635,,34485,29,0,15,0,70,,34486,29,0,15,0,30,,34487,29,0,15,0,70,,34488,29,0,15,0,15,,34489,29,0,15,0,15,,34490,29,0,15,0,15,,34491,29,0,15,0,55,,34492,29,0,15,0,30,,34493,29,0,15,0,70,,34494,29,0,15,0,30,,34495,29,0,15,0,70,,34496,29,0,15,0,30,,34497,29,0,15,0,70,,34498,29,0,15,0,30,,34499,29,0,15,0,70,,34500,29,0,15,0,30,,34501,29,0,15,0,70,,34502,29,0,15,0,30,,34503,29,0,15,0,70,,34504,29,0,15,0,15,,34505,29,0,15,0,15,,34506,29,0,15,0,15,,34507,29,0,15,0,55,,34508,29,0,15,0,30,,34509,29,0,15,0,70,,34510,29,0,15,0,30,,34511,29,0,15,0,70,,34512,29,0,15,0,30,,34513,29,0,15,0,70,,34514,29,0,15,0,45,,34515,29,0,15,0,85,,34516,29,0,15,0,85,,34517,29,0,15,0,85,,34518,29,0,15,0,45,,34519,29,0,15,0,85,,34520,29,0,15,0
721203,'1361',635,,34521,29,0,15,0,70,,34522,29,0,15,0,30,,34523,29,0,15,0,70,,34524,29,0,15,0,15,,34525,29,0,15,0,15,,34526,29,0,15,0,15,,34527,29,0,15,0,55,,34528,29,0,15,0,30,,34529,29,0,15,0,70,,34530,29,0,15,0,30,,34531,29,0,15,0,70,,34532,29,0,15,0,30,,34533,29,0,15,0,70,,34534,29,0,15,0,30,,34535,29,0,15,0,70,,34536,29,0,15,0,30,,34537,29,0,15,0,70,,34538,29,0,15,0,30,,34539,29,0,15,0,70,,34540,29,0,15,0,15,,34541,29,0,15,0,15,,34542,29,0,15,0,15,,34543,29,0,15,0,55,,34544,29,0,15,0,30,,34545,29,0,15,0,70,,34546,29,0,15,0,30,,34547,29,0,15,0,70,,34548,29,0,15,0,30,,34549,29,0,15,0,70,,34550,29,0,15,0,45,,34551,29,0,15,0,85,,34552,29,0,15,0,85,,34553,29,0,15,0,85,,34554,29,0,15,0,45,,34555,29,0,15,0,85,,34556,29,0,15,0
721502,'1355',915,,35714,18,0,16,0,100,,35713,18,0,16,0,100,,35712,18,0,16,0,100,,35711,18,0,16,0,100,,35710,18,0,16,0,100,,35709,18,0,16,0,100,,35708,18,0,16,0,100,,35707,18,0,16,0,100,,35706,18,0,16,0,100,,35705,18,0,16,0,100,,35704,18,0,16,0
721502,'1356',715,,35715,18,0,16,0,100,,35716,18,0,16,0,100,,35717,18,0,16,0,100,,35718,18,0,16,0,100,,35719,18,0,16,0,100,,35720,18,0,16,0,100,,35721,18,0,16,0,30,,35722,18,0,16,0,70,,35723,18,0,16,0,30,,35724,18,0,16,0,70,,35725,18,0,16,0,30,,35726,18,0,16,0,70,,35727,18,0,16,0,30,,35728,18,0,16,0,70,,35729,18,0,16,0,30,,35730,18,0,16,0,70,,35731,18,0,16,0,30,,35732,18,0,16,0,70,,35733,18,0,16,0
721502,'1357',715,,35735,18,0,16,0,30,,35736,18,0,16,0,70,,35737,18,0,16,0,30,,35738,18,0,16,0,70,,35739,18,0,16,0,30,,35740,18,0,16,0,70,,35741,18,0,16,0,30,,35742,18,0,16,0,70,,35743,18,0,16,0,30,,35744,18,0,16,0,70,,35745,18,0,16,0,30,,35746,18,0,16,0,70,,35747,18,0,16,0,30,,35748,18,0,16,0,70,,35749,18,0,16,0,30,,35750,18,0,16,0,70,,35751,18,0,16,0,30,,35752,18,0,16,0,70,,35753,18,0,16,0,30,,35754,18,0,16,0,70,,35755,18,0,16,0,30,,35756,18,0,16,0,70,,35757,18,0,16,0,30,,35758,18,0,16,0,70,,35759,18,0,16,0,100,,35760,18,0,16,0,100,,35761,18,0,16,0,100,,35762,18,0,16,0
721502,'1358',715,,35764,18,0,16,0,30,,35765,18,0,16,0,70,,35766,18,0,16,0,30,,35767,18,0,16,0,70,,35768,18,0,16,0,30,,35769,18,0,16,0,70,,35770,18,0,16,0,30,,35771,18,0,16,0,70,,35772,18,0,16,0,30,,35773,18,0,16,0,70,,35774,18,0,16,0,30,,35775,18,0,16,0,70,,35776,18,0,16,0,30,,35777,18,0,16,0,70,,35778,18,0,16,0,30,,35779,18,0,16,0,70,,35780,18,0,16,0,30,,35781,18,0,16,0,70,,35782,18,0,16,0,30,,35783,18,0,16,0,70,,35784,18,0,16,0,30,,35785,18,0,16,0,70,,35786,18,0,16,0,30,,35787,18,0,16,0,70,,35788,18,0,16,0,100,,35789,18,0,16,0,100,,35790,18,0,16,0,100,,35791,18,0,16,0
721502,'1359',715,,35793,18,0,16,0,30,,35794,18,0,16,0,70,,35795,18,0,16,0,30,,35796,18,0,16,0,70,,35797,18,0,16,0,30,,35798,18,0,16,0,70,,35799,18,0,16,0,30,,35800,18,0,16,0,70,,35801,18,0,16,0,30,,35802,18,0,16,0,70,,35803,18,0,16,0,30,,35804,18,0,16,0,70,,35805,18,0,16,0,30,,35806,18,0,16,0,70,,35807,18,0,16,0,30,,35808,18,0,16,0,70,,35809,18,0,16,0,30,,35810,18,0,16,0,70,,35811,18,0,16,0,30,,35812,18,0,16,0,70,,35813,18,0,16,0,30,,35814,18,0,16,0,70,,35815,18,0,16,0,30,,35816,18,0,16,0,70,,35817,18,0,16,0,100,,35818,18,0,16,0,100,,35819,18,0,16,0,100,,35820,18,0,16,0
721502,'1360',715,,35822,18,0,16,0,30,,35823,18,0,16,0,70,,35824,18,0,16,0,30,,35825,18,0,16,0,70,,35826,18,0,16,0,30,,35827,18,0,16,0,70,,35828,18,0,16,0,30,,35829,18,0,16,0,70,,35830,18,0,16,0,30,,35831,18,0,16,0,70,,35832,18,0,16,0,30,,35833,18,0,16,0,70,,35834,18,0,16,0,30,,35835,18,0,16,0,70,,35836,18,0,16,0,30,,35837,18,0,16,0,70,,35838,18,0,16,0,30,,35839,18,0,16,0,70,,35840,18,0,16,0,30,,35841,18,0,16,0,70,,35842,18,0,16,0,30,,35843,18,0,16,0,70,,35844,18,0,16,0,30,,35845,18,0,16,0,70,,35846,18,0,16,0,100,,35847,18,0,16,0,100,,35848,18,0,16,0,100,,35849,18,0,16,0
721502,'1361',715,,35851,18,0,16,0,30,,35852,18,0,16,0,70,,35853,18,0,16,0,30,,35854,18,0,16,0,70,,35855,18,0,16,0,30,,35856,18,0,16,0,70,,35857,18,0,16,0,30,,35858,18,0,16,0,70,,35859,18,0,16,0,30,,35860,18,0,16,0,70,,35861,18,0,16,0,30,,35862,18,0,16,0,70,,35863,18,0,16,0,30,,35864,18,0,16,0,70,,35865,18,0,16,0,30,,35866,18,0,16,0,70,,35867,18,0,16,0,30,,35868,18,0,16,0,70,,35869,18,0,16,0,30,,35870,18,0,16,0,70,,35871,18,0,16,0,30,,35872,18,0,16,0,70,,35873,18,0,16,0,30,,35874,18,0,16,0,70,,35875,18,0,16,0,100,,35876,18,0,16,0,100,,35877,18,0,16,0,100,,35878,18,0,16,0
