'1138',463601,90300,0,'605',0,44000,0,'605',0,17000,0,'605',0,24500,0,'605',0
'1139',463601,73300,0,'605',0,67000,0,'605',0,13000,0,'605',0,30000,0,'605',0
'1140',463601,90300,0,'605',0,44000,0,'605',0,17000,0,'605',0,24500,0,'605',0
'1141',463601,63300,0,'605',0,77000,0,'605',0,43000,0,'605',0,17000,0,'605',0
'1142',463601,63300,0,'605',0,77000,0,'605',0,43000,0,'605',0,17000,0,'605',0
'1143',463601,63300,0,'605',0,77000,0,'605',0,43000,0,'605',0,17000,0,'605',0
'1144',463601,63300,0,'605',0,77000,0,'605',0,43000,0,'605',0,17000,0,'605',0
'1145',463601,63300,0,'605',0,77000,0,'605',0,43000,0,'605',0,17000,0,'605',0
'1146',463601,90300,0,'605',0,44000,0,'605',0,41500,0,'605',0
'1147',463601,93300,0,'605',0,30000,0,'605',0,30000,0,'605',0
'1148',463601,90300,0,'605',0,44000,0,'605',0,41500,0,'605',0
