721403,'1355',1008,,35299,48,4,,0,110,,35298,48,4,,0,110,,35297,48,4,,0,110,,35296,48,4,,0,110,,35295,48,4,,0,110,,35294,48,4,,0,150,,35293,48,4,,0,110,,35292,48,4,,0
721403,'1356',908,,35300,48,4,,0,110,,35301,48,4,,0,110,,35302,48,4,,0,110,,35303,48,4,,0,118,,35304,48,4,,0,155,,35305,48,4,,0,45,,35306,48,4,,0,85,,35307,48,4,,0,85,,35308,48,4,,0,85,,35309,48,4,,0,45,,35310,48,4,,0,85,,35311,48,4,,0,85,,35312,48,4,,0
721403,'1357',741,,35313,48,4,,0,100,,35314,48,4,,0,85,,35315,48,4,,0,85,,35316,48,4,,0,45,,35317,48,4,,0,85,,35318,48,4,,0,85,,35319,48,4,,0,85,,35320,48,4,,0,45,,35321,48,4,,0,85,,35322,48,4,,0,85,,35323,48,4,,0,85,,35324,48,4,,0,45,,35325,48,4,,0,85,,35326,48,4,,0,85,,35327,48,4,,0,85,,35328,48,4,,0,45,,35329,48,4,,0,85,,35330,48,4,,0,85,,35331,48,4,,0,85,,35332,48,4,,0
721403,'1358',741,,35333,48,4,,0,100,,35334,48,4,,0,85,,35335,48,4,,0,85,,35336,48,4,,0,45,,35337,48,4,,0,85,,35338,48,4,,0,85,,35339,48,4,,0,85,,35340,48,4,,0,45,,35341,48,4,,0,85,,35342,48,4,,0,85,,35343,48,4,,0,85,,35344,48,4,,0,45,,35345,48,4,,0,85,,35346,48,4,,0,85,,35347,48,4,,0,85,,35348,48,4,,0,45,,35349,48,4,,0,85,,35350,48,4,,0,85,,35351,48,4,,0,85,,35352,48,4,,0
721403,'1359',741,,35353,48,4,,0,100,,35354,48,4,,0,85,,35355,48,4,,0,85,,35356,48,4,,0,45,,35357,48,4,,0,85,,35358,48,4,,0,85,,35359,48,4,,0,85,,35360,48,4,,0,45,,35361,48,4,,0,85,,35362,48,4,,0,85,,35363,48,4,,0,85,,35364,48,4,,0,45,,35365,48,4,,0,85,,35366,48,4,,0,85,,35367,48,4,,0,85,,35368,48,4,,0,45,,35369,48,4,,0,85,,35370,48,4,,0,85,,35371,48,4,,0,85,,35372,48,4,,0
721403,'1360',741,,35373,48,4,,0,100,,35374,48,4,,0,85,,35375,48,4,,0,85,,35376,48,4,,0,45,,35377,48,4,,0,85,,35378,48,4,,0,85,,35379,48,4,,0,85,,35380,48,4,,0,45,,35381,48,4,,0,85,,35382,48,4,,0,85,,35383,48,4,,0,85,,35384,48,4,,0,45,,35385,48,4,,0,85,,35386,48,4,,0,85,,35387,48,4,,0,85,,35388,48,4,,0,45,,35389,48,4,,0,85,,35390,48,4,,0,85,,35391,48,4,,0,85,,35392,48,4,,0
721403,'1361',741,,35393,48,4,,0,100,,35394,48,4,,0,85,,35395,48,4,,0,85,,35396,48,4,,0,45,,35397,48,4,,0,85,,35398,48,4,,0,85,,35399,48,4,,0,85,,35400,48,4,,0,45,,35401,48,4,,0,85,,35402,48,4,,0,85,,35403,48,4,,0,85,,35404,48,4,,0,45,,35405,48,4,,0,85,,35406,48,4,,0,85,,35407,48,4,,0,85,,35408,48,4,,0,45,,35409,48,4,,0,85,,35410,48,4,,0,85,,35411,48,4,,0,85,,35412,48,4,,0
721404,'1355',900,,35420,1,0,14,0,110,,35419,1,0,14,0,110,,35418,1,0,14,0,110,,35417,1,0,14,0,110,,35416,1,0,14,0,110,,35415,1,0,14,0,150,,35414,1,0,14,0,110,,35413,1,0,14,0
721404,'1356',800,,35421,1,0,14,0,110,,35422,1,0,14,0,110,,35423,1,0,14,0,110,,35424,1,0,14,0,110,,35425,1,0,14,0,105,,35426,1,0,14,0,85,,35427,1,0,14,0,85,,35428,1,0,14,0,85,,35429,1,0,14,0,45,,35430,1,0,14,0,85,,35431,1,0,14,0,85,,35432,1,0,14,0,85,,35433,1,0,14,0
721404,'1357',620,,35434,1,0,14,0,95,,35435,1,0,14,0,85,,35436,1,0,14,0,45,,35437,1,0,14,0,85,,35438,1,0,14,0,85,,35439,1,0,14,0,85,,35440,1,0,14,0,45,,35441,1,0,14,0,85,,35442,1,0,14,0,85,,35443,1,0,14,0,85,,35444,1,0,14,0,45,,35445,1,0,14,0,85,,35446,1,0,14,0,85,,35447,1,0,14,0,85,,35448,1,0,14,0,45,,35449,1,0,14,0,85,,35450,1,0,14,0,85,,35451,1,0,14,0,85,,35452,1,0,14,0,45,,35453,1,0,14,0
721404,'1358',620,,35454,1,0,14,0,95,,35455,1,0,14,0,85,,35456,1,0,14,0,45,,35457,1,0,14,0,85,,35458,1,0,14,0,85,,35459,1,0,14,0,85,,35460,1,0,14,0,45,,35461,1,0,14,0,85,,35462,1,0,14,0,85,,35463,1,0,14,0,85,,35464,1,0,14,0,45,,35465,1,0,14,0,85,,35466,1,0,14,0,85,,35467,1,0,14,0,85,,35468,1,0,14,0,45,,35469,1,0,14,0,85,,35470,1,0,14,0,85,,35471,1,0,14,0,85,,35472,1,0,14,0,45,,35473,1,0,14,0
721404,'1359',620,,35474,1,0,14,0,95,,35475,1,0,14,0,85,,35476,1,0,14,0,45,,35477,1,0,14,0,85,,35478,1,0,14,0,85,,35479,1,0,14,0,85,,35480,1,0,14,0,45,,35481,1,0,14,0,85,,35482,1,0,14,0,85,,35483,1,0,14,0,85,,35484,1,0,14,0,45,,35485,1,0,14,0,85,,35486,1,0,14,0,85,,35487,1,0,14,0,85,,35488,1,0,14,0,45,,35489,1,0,14,0,85,,35490,1,0,14,0,85,,35491,1,0,14,0,85,,35492,1,0,14,0,45,,35493,1,0,14,0
721404,'1360',620,,35494,1,0,14,0,95,,35495,1,0,14,0,85,,35496,1,0,14,0,45,,35497,1,0,14,0,85,,35498,1,0,14,0,85,,35499,1,0,14,0,85,,35500,1,0,14,0,45,,35501,1,0,14,0,85,,35502,1,0,14,0,85,,35503,1,0,14,0,85,,35504,1,0,14,0,45,,35505,1,0,14,0,85,,35506,1,0,14,0,85,,35507,1,0,14,0,85,,35508,1,0,14,0,45,,35509,1,0,14,0,85,,35510,1,0,14,0,85,,35511,1,0,14,0,85,,35512,1,0,14,0,45,,35513,1,0,14,0
721404,'1361',620,,35514,1,0,14,0,95,,35515,1,0,14,0,85,,35516,1,0,14,0,45,,35517,1,0,14,0,85,,35518,1,0,14,0,85,,35519,1,0,14,0,85,,35520,1,0,14,0,45,,35521,1,0,14,0,85,,35522,1,0,14,0,85,,35523,1,0,14,0,85,,35524,1,0,14,0,45,,35525,1,0,14,0,85,,35526,1,0,14,0,85,,35527,1,0,14,0,85,,35528,1,0,14,0,45,,35529,1,0,14,0,85,,35530,1,0,14,0,85,,35531,1,0,14,0,85,,35532,1,0,14,0,45,,35533,1,0,14,0
