721501,'1355',958,,35544,52,4,,0,100,,35543,52,4,,0,100,,35542,52,4,,0,100,,35541,52,4,,0,100,,35540,52,4,,0,100,,35539,52,4,,0,100,,35538,52,4,,0,100,,35537,52,4,,0,100,,35536,52,4,,0,100,,35535,52,4,,0,100,,35534,52,4,,0
721501,'1356',758,,35545,52,4,,0,100,,35546,52,4,,0,100,,35547,52,4,,0,100,,35548,52,4,,0,100,,35549,52,4,,0,100,,35550,52,4,,0,70,,35551,52,4,,0,30,,35552,52,4,,0,70,,35553,52,4,,0,30,,35554,52,4,,0,70,,35555,52,4,,0,30,,35556,52,4,,0,70,,35557,52,4,,0,30,,35558,52,4,,0,70,,35559,52,4,,0,30,,35560,52,4,,0,70,,35561,52,4,,0,30,,35562,52,4,,0,100,,35563,52,4,,0
721501,'1357',758,,35564,52,4,,0,70,,35565,52,4,,0,30,,35566,52,4,,0,70,,35567,52,4,,0,30,,35568,52,4,,0,70,,35569,52,4,,0,30,,35570,52,4,,0,70,,35571,52,4,,0,30,,35572,52,4,,0,70,,35573,52,4,,0,30,,35574,52,4,,0,70,,35575,52,4,,0,30,,35576,52,4,,0,70,,35577,52,4,,0,30,,35578,52,4,,0,70,,35579,52,4,,0,30,,35580,52,4,,0,70,,35581,52,4,,0,30,,35582,52,4,,0,70,,35583,52,4,,0,30,,35584,52,4,,0,70,,35585,52,4,,0,30,,35586,52,4,,0,70,,35587,52,4,,0,30,,35588,52,4,,0,100,,35589,52,4,,0,100,,35590,52,4,,0,100,,35591,52,4,,0
721501,'1358',758,,35592,52,4,,0,70,,35593,52,4,,0,30,,35594,52,4,,0,70,,35595,52,4,,0,30,,35596,52,4,,0,70,,35597,52,4,,0,30,,35598,52,4,,0,70,,35599,52,4,,0,30,,35600,52,4,,0,70,,35601,52,4,,0,30,,35602,52,4,,0,70,,35603,52,4,,0,30,,35604,52,4,,0,70,,35605,52,4,,0,30,,35606,52,4,,0,70,,35607,52,4,,0,30,,35608,52,4,,0,70,,35609,52,4,,0,30,,35610,52,4,,0,70,,35611,52,4,,0,30,,35612,52,4,,0,70,,35613,52,4,,0,30,,35614,52,4,,0,70,,35615,52,4,,0,30,,35616,52,4,,0,100,,35617,52,4,,0,100,,35618,52,4,,0,100,,35619,52,4,,0
721501,'1359',758,,35620,52,4,,0,70,,35621,52,4,,0,30,,35622,52,4,,0,70,,35623,52,4,,0,30,,35624,52,4,,0,70,,35625,52,4,,0,30,,35626,52,4,,0,70,,35627,52,4,,0,30,,35628,52,4,,0,70,,35629,52,4,,0,30,,35630,52,4,,0,70,,35631,52,4,,0,30,,35632,52,4,,0,70,,35633,52,4,,0,30,,35634,52,4,,0,70,,35635,52,4,,0,30,,35636,52,4,,0,70,,35637,52,4,,0,30,,35638,52,4,,0,70,,35639,52,4,,0,30,,35640,52,4,,0,70,,35641,52,4,,0,30,,35642,52,4,,0,70,,35643,52,4,,0,30,,35644,52,4,,0,100,,35645,52,4,,0,100,,35646,52,4,,0,100,,35647,52,4,,0
721501,'1360',758,,35648,52,4,,0,70,,35649,52,4,,0,30,,35650,52,4,,0,70,,35651,52,4,,0,30,,35652,52,4,,0,70,,35653,52,4,,0,30,,35654,52,4,,0,70,,35655,52,4,,0,30,,35656,52,4,,0,70,,35657,52,4,,0,30,,35658,52,4,,0,70,,35659,52,4,,0,30,,35660,52,4,,0,70,,35661,52,4,,0,30,,35662,52,4,,0,70,,35663,52,4,,0,30,,35664,52,4,,0,70,,35665,52,4,,0,30,,35666,52,4,,0,70,,35667,52,4,,0,30,,35668,52,4,,0,70,,35669,52,4,,0,30,,35670,52,4,,0,70,,35671,52,4,,0,30,,35672,52,4,,0,100,,35673,52,4,,0,100,,35674,52,4,,0,100,,35675,52,4,,0
721501,'1361',758,,35676,52,4,,0,70,,35677,52,4,,0,30,,35678,52,4,,0,70,,35679,52,4,,0,30,,35680,52,4,,0,70,,35681,52,4,,0,30,,35682,52,4,,0,70,,35683,52,4,,0,30,,35684,52,4,,0,70,,35685,52,4,,0,30,,35686,52,4,,0,70,,35687,52,4,,0,30,,35688,52,4,,0,70,,35689,52,4,,0,30,,35690,52,4,,0,70,,35691,52,4,,0,30,,35692,52,4,,0,70,,35693,52,4,,0,30,,35694,52,4,,0,70,,35695,52,4,,0,30,,35696,52,4,,0,70,,35697,52,4,,0,30,,35698,52,4,,0,70,,35699,52,4,,0,30,,35700,52,4,,0,100,,35701,52,4,,0,100,,35702,52,4,,0,100,,35703,52,4,,0
721502,'1355',858,,35714,1,0,16,0,100,,35713,1,0,16,0,100,,35712,1,0,16,0,100,,35711,1,0,16,0,100,,35710,1,0,16,0,100,,35709,1,0,16,0,100,,35708,1,0,16,0,100,,35707,1,0,16,0,100,,35706,1,0,16,0,100,,35705,1,0,16,0,100,,35704,1,0,16,0
721502,'1356',658,,35715,1,0,16,0,100,,35716,1,0,16,0,100,,35717,1,0,16,0,100,,35718,1,0,16,0,100,,35719,1,0,16,0,100,,35720,1,0,16,0,100,,35721,1,0,16,0,70,,35722,1,0,16,0,30,,35723,1,0,16,0,70,,35724,1,0,16,0,30,,35725,1,0,16,0,70,,35726,1,0,16,0,30,,35727,1,0,16,0,70,,35728,1,0,16,0,30,,35729,1,0,16,0,70,,35730,1,0,16,0,30,,35731,1,0,16,0,70,,35732,1,0,16,0,30,,35733,1,0,16,0
721502,'1357',658,,35735,1,0,16,0,70,,35734,9,4,,0,30,,35737,1,0,16,0,70,,35738,1,0,16,0,30,,35739,1,0,16,0,70,,35740,1,0,16,0,30,,35741,1,0,16,0,70,,35742,1,0,16,0,30,,35743,1,0,16,0,70,,35744,1,0,16,0,30,,35745,1,0,16,0,70,,35746,1,0,16,0,30,,35747,1,0,16,0,70,,35748,1,0,16,0,30,,35749,1,0,16,0,70,,35750,1,0,16,0,30,,35751,1,0,16,0,70,,35752,1,0,16,0,30,,35753,1,0,16,0,70,,35754,1,0,16,0,30,,35755,1,0,16,0,70,,35756,1,0,16,0,30,,35757,1,0,16,0,70,,35758,1,0,16,0,30,,35759,1,0,16,0,100,,35760,1,0,16,0,100,,35761,1,0,16,0,100,,35762,1,0,16,0
721502,'1358',658,,35764,1,0,16,0,70,,35763,9,4,,0,30,,35766,1,0,16,0,70,,35767,1,0,16,0,30,,35768,1,0,16,0,70,,35769,1,0,16,0,30,,35770,1,0,16,0,70,,35771,1,0,16,0,30,,35772,1,0,16,0,70,,35773,1,0,16,0,30,,35774,1,0,16,0,70,,35775,1,0,16,0,30,,35776,1,0,16,0,70,,35777,1,0,16,0,30,,35778,1,0,16,0,70,,35779,1,0,16,0,30,,35780,1,0,16,0,70,,35781,1,0,16,0,30,,35782,1,0,16,0,70,,35783,1,0,16,0,30,,35784,1,0,16,0,70,,35785,1,0,16,0,30,,35786,1,0,16,0,70,,35787,1,0,16,0,30,,35788,1,0,16,0,100,,35789,1,0,16,0,100,,35790,1,0,16,0,100,,35791,1,0,16,0
721502,'1359',658,,35793,1,0,16,0,70,,35792,9,4,,0,30,,35795,1,0,16,0,70,,35796,1,0,16,0,30,,35797,1,0,16,0,70,,35798,1,0,16,0,30,,35799,1,0,16,0,70,,35800,1,0,16,0,30,,35801,1,0,16,0,70,,35802,1,0,16,0,30,,35803,1,0,16,0,70,,35804,1,0,16,0,30,,35805,1,0,16,0,70,,35806,1,0,16,0,30,,35807,1,0,16,0,70,,35808,1,0,16,0,30,,35809,1,0,16,0,70,,35810,1,0,16,0,30,,35811,1,0,16,0,70,,35812,1,0,16,0,30,,35813,1,0,16,0,70,,35814,1,0,16,0,30,,35815,1,0,16,0,70,,35816,1,0,16,0,30,,35817,1,0,16,0,100,,35818,1,0,16,0,100,,35819,1,0,16,0,100,,35820,1,0,16,0
721502,'1360',658,,35822,1,0,16,0,70,,35821,9,4,,0,30,,35824,1,0,16,0,70,,35825,1,0,16,0,30,,35826,1,0,16,0,70,,35827,1,0,16,0,30,,35828,1,0,16,0,70,,35829,1,0,16,0,30,,35830,1,0,16,0,70,,35831,1,0,16,0,30,,35832,1,0,16,0,70,,35833,1,0,16,0,30,,35834,1,0,16,0,70,,35835,1,0,16,0,30,,35836,1,0,16,0,70,,35837,1,0,16,0,30,,35838,1,0,16,0,70,,35839,1,0,16,0,30,,35840,1,0,16,0,70,,35841,1,0,16,0,30,,35842,1,0,16,0,70,,35843,1,0,16,0,30,,35844,1,0,16,0,70,,35845,1,0,16,0,30,,35846,1,0,16,0,100,,35847,1,0,16,0,100,,35848,1,0,16,0,100,,35849,1,0,16,0
721502,'1361',658,,35851,1,0,16,0,70,,35850,9,4,,0,30,,35853,1,0,16,0,70,,35854,1,0,16,0,30,,35855,1,0,16,0,70,,35856,1,0,16,0,30,,35857,1,0,16,0,70,,35858,1,0,16,0,30,,35859,1,0,16,0,70,,35860,1,0,16,0,30,,35861,1,0,16,0,70,,35862,1,0,16,0,30,,35863,1,0,16,0,70,,35864,1,0,16,0,30,,35865,1,0,16,0,70,,35866,1,0,16,0,30,,35867,1,0,16,0,70,,35868,1,0,16,0,30,,35869,1,0,16,0,70,,35870,1,0,16,0,30,,35871,1,0,16,0,70,,35872,1,0,16,0,30,,35873,1,0,16,0,70,,35874,1,0,16,0,30,,35875,1,0,16,0,100,,35876,1,0,16,0,100,,35877,1,0,16,0,100,,35878,1,0,16,0
