1600,'1327',1033,,21,1,,,0,70,,20,1,,,0,45,,19,1,,,0,70,,18,1,,,0,30,,17,1,,,0,70,,16,1,,,0,30,,15,1,,,0,70,,14,1,,,0,30,,13,1,,,0,70,,12,1,,,0,30,,11,1,,,0,70,,10,1,,,0,30,,9,1,,,0,60,,8,1,,,0,10,,7,1,,,0,30,,6,1,,,0,60,,5,1,,,0,10,,4,1,,,0,30,,3,1,,,0,70,,2,1,,,0,30,,1,1,,,0
1600,'1328',720,,22,1,,,0,30,,23,1,,,0,70,,24,1,,,0,30,,25,1,,,0,70,,26,1,,,0,30,,27,1,,,0,70,,28,1,,,0,30,,29,1,,,0,60,,30,1,,,0,20,,31,1,,,0,20,,32,1,,,0,60,,33,1,,,0,20,,34,1,,,0,20,,35,1,,,0,60,,36,1,,,0,20,,37,1,,,0,20,,38,1,,,0,60,,39,1,,,0,20,,40,1,,,0,20,,41,1,,,0,60,,42,1,,,0,20,,43,1,,,0,20,,44,1,,,0,60,,45,1,,,0,20,,46,1,,,0,20,,47,1,,,0,60,,48,1,,,0,20,,49,1,,,0,20,,50,1,,,0,60,,51,1,,,0,5,,52,1,,,0,15,,53,1,,,0,20,,54,1,,,0,70,,55,1,,,0,30,,56,1,,,0,70,,57,1,,,0,30,,58,1,,,0,70,,59,1,,,0,30,,60,1,,,0,100,,61,1,,,0
1600,'1329',630,,62,1,,,0,75,,105,1,,,0,30,,63,1,,,0,20,,64,1,,,0,60,,65,1,,,0,20,,66,1,,,0,20,,67,1,,,0,60,,68,1,,,0,20,,69,1,,,0,20,,70,1,,,0,60,,71,1,,,0,20,,72,1,,,0,20,,73,1,,,0,60,,74,1,,,0,20,,75,1,,,0,20,,76,1,,,0,60,,77,1,,,0,20,,78,1,,,0,20,,79,1,,,0,60,,80,1,,,0,20,,81,1,,,0,20,,82,1,,,0,60,,83,1,,,0,20,,84,1,,,0,20,,85,1,,,0,60,,86,1,,,0,20,,87,1,,,0,20,,88,1,,,0,60,,89,1,,,0,20,,90,1,,,0,20,,91,1,,,0,60,,92,1,,,0,20,,93,1,,,0,20,,94,1,,,0,60,,95,1,,,0,20,,96,1,,,0,15,,97,1,,,0,70,,98,1,,,0,30,,99,1,,,0,70,,100,1,,,0,30,,101,1,,,0,70,,102,1,,,0,30,,103,1,,,0,100,,104,1,,,0
1600,'1330',630,,106,1,,,0,75,,149,1,,,0,30,,107,1,,,0,20,,108,1,,,0,60,,109,1,,,0,20,,110,1,,,0,20,,111,1,,,0,60,,112,1,,,0,20,,113,1,,,0,20,,114,1,,,0,60,,115,1,,,0,20,,116,1,,,0,20,,117,1,,,0,60,,118,1,,,0,20,,119,1,,,0,20,,120,1,,,0,60,,121,1,,,0,20,,122,1,,,0,20,,123,1,,,0,60,,124,1,,,0,20,,125,1,,,0,20,,126,1,,,0,60,,127,1,,,0,20,,128,1,,,0,20,,129,1,,,0,60,,130,1,,,0,20,,131,1,,,0,20,,132,1,,,0,60,,133,1,,,0,20,,134,1,,,0,20,,135,1,,,0,60,,136,1,,,0,20,,137,1,,,0,20,,138,1,,,0,60,,139,1,,,0,20,,140,1,,,0,15,,141,1,,,0,70,,142,1,,,0,30,,143,1,,,0,70,,144,1,,,0,30,,145,1,,,0,70,,146,1,,,0,30,,147,1,,,0,100,,148,1,,,0
1600,'1331',630,,150,1,,,0,75,,193,1,,,0,30,,151,1,,,0,20,,152,1,,,0,60,,153,1,,,0,20,,154,1,,,0,20,,155,1,,,0,60,,156,1,,,0,20,,157,1,,,0,20,,158,1,,,0,60,,159,1,,,0,20,,160,1,,,0,20,,161,1,,,0,60,,162,1,,,0,20,,163,1,,,0,20,,164,1,,,0,60,,165,1,,,0,20,,166,1,,,0,20,,167,1,,,0,60,,168,1,,,0,20,,169,1,,,0,20,,170,1,,,0,60,,171,1,,,0,20,,172,1,,,0,20,,173,1,,,0,60,,174,1,,,0,20,,175,1,,,0,20,,176,1,,,0,60,,177,1,,,0,20,,178,1,,,0,20,,179,1,,,0,60,,180,1,,,0,20,,181,1,,,0,20,,182,1,,,0,60,,183,1,,,0,20,,184,1,,,0,15,,185,1,,,0,70,,186,1,,,0,30,,187,1,,,0,70,,188,1,,,0,30,,189,1,,,0,70,,190,1,,,0,30,,191,1,,,0,100,,192,1,,,0
1600,'1332',630,,194,1,,,0,75,,237,1,,,0,30,,195,1,,,0,20,,196,1,,,0,60,,197,1,,,0,20,,198,1,,,0,20,,199,1,,,0,60,,200,1,,,0,20,,201,1,,,0,20,,202,1,,,0,60,,203,1,,,0,20,,204,1,,,0,20,,205,1,,,0,60,,206,1,,,0,20,,207,1,,,0,20,,208,1,,,0,60,,209,1,,,0,20,,210,1,,,0,20,,211,1,,,0,60,,212,1,,,0,20,,213,1,,,0,20,,214,1,,,0,60,,215,1,,,0,20,,216,1,,,0,20,,217,1,,,0,60,,218,1,,,0,20,,219,1,,,0,20,,220,1,,,0,60,,221,1,,,0,20,,222,1,,,0,20,,223,1,,,0,60,,224,1,,,0,20,,225,1,,,0,20,,226,1,,,0,60,,227,1,,,0,20,,228,1,,,0,15,,229,1,,,0,70,,230,1,,,0,30,,231,1,,,0,70,,232,1,,,0,30,,233,1,,,0,70,,234,1,,,0,30,,235,1,,,0,100,,236,1,,,0
1600,'1333',630,,238,1,,,0,75,,281,1,,,0,30,,239,1,,,0,20,,240,1,,,0,60,,241,1,,,0,20,,242,1,,,0,20,,243,1,,,0,60,,244,1,,,0,20,,245,1,,,0,20,,246,1,,,0,60,,247,1,,,0,20,,248,1,,,0,20,,249,1,,,0,60,,250,1,,,0,20,,251,1,,,0,20,,252,1,,,0,60,,253,1,,,0,20,,254,1,,,0,20,,255,1,,,0,60,,256,1,,,0,20,,257,1,,,0,20,,258,1,,,0,60,,259,1,,,0,20,,260,1,,,0,20,,261,1,,,0,60,,262,1,,,0,20,,263,1,,,0,20,,264,1,,,0,60,,265,1,,,0,20,,266,1,,,0,20,,267,1,,,0,60,,268,1,,,0,20,,269,1,,,0,20,,270,1,,,0,60,,271,1,,,0,20,,272,1,,,0,15,,273,1,,,0,70,,274,1,,,0,30,,275,1,,,0,70,,276,1,,,0,30,,277,1,,,0,70,,278,1,,,0,30,,279,1,,,0,100,,280,1,,,0
1601,'1327',1031,,301,26,4,,0,70,,300,26,4,,0,45,,299,26,4,,0,70,,298,26,4,,0,30,,297,26,4,,0,70,,296,26,4,,0,30,,295,26,4,,0,70,,294,26,4,,0,30,,293,26,4,,0,70,,292,26,4,,0,30,,291,26,4,,0,70,,290,26,4,,0,30,,289,26,4,,0,70,,288,26,4,,0,30,,287,26,4,,0,57,,282,26,4,,0,13,,286,26,4,,0,30,,285,26,4,,0,70,,284,26,4,,0,30,,283,26,4,,0
1601,'1328',715,,302,26,4,,0,30,,303,26,4,,0,70,,304,26,4,,0,30,,305,26,4,,0,70,,306,26,4,,0,30,,307,26,4,,0,70,,308,26,4,,0,30,,309,26,4,,0,60,,310,26,4,,0,20,,311,26,4,,0,20,,312,26,4,,0,60,,313,26,4,,0,20,,314,26,4,,0,20,,315,26,4,,0,60,,316,26,4,,0,20,,317,26,4,,0,20,,318,26,4,,0,60,,319,26,4,,0,20,,320,26,4,,0,20,,321,26,4,,0,60,,322,26,4,,0,20,,323,26,4,,0,20,,324,26,4,,0,60,,325,26,4,,0,20,,326,26,4,,0,20,,327,26,4,,0,60,,328,26,4,,0,20,,329,26,4,,0,20,,330,26,4,,0,60,,331,26,4,,0,20,,332,26,4,,0,22,,333,26,4,,0,70,,334,26,4,,0,30,,335,26,4,,0,70,,336,26,4,,0,30,,337,26,4,,0,70,,338,26,4,,0,30,,339,26,4,,0,100,,340,26,4,,0
1601,'1329',625,,341,26,4,,0,77,,342,26,4,,0,30,,343,26,4,,0,20,,344,26,4,,0,60,,345,26,4,,0,20,,346,26,4,,0,20,,347,26,4,,0,60,,348,26,4,,0,20,,349,26,4,,0,20,,350,26,4,,0,60,,351,26,4,,0,20,,352,26,4,,0,20,,353,26,4,,0,60,,354,26,4,,0,20,,355,26,4,,0,20,,356,26,4,,0,60,,357,26,4,,0,20,,358,26,4,,0,20,,359,26,4,,0,60,,360,26,4,,0,20,,361,26,4,,0,20,,362,26,4,,0,60,,363,26,4,,0,20,,364,26,4,,0,20,,365,26,4,,0,60,,366,26,4,,0,20,,367,26,4,,0,20,,368,26,4,,0,60,,369,26,4,,0,20,,370,26,4,,0,20,,371,26,4,,0,60,,372,26,4,,0,20,,373,26,4,,0,20,,374,26,4,,0,60,,375,26,4,,0,20,,376,26,4,,0,15,,377,26,4,,0,70,,378,26,4,,0,30,,379,26,4,,0,70,,380,26,4,,0,30,,381,26,4,,0,70,,382,26,4,,0,30,,383,26,4,,0,100,,384,26,4,,0,100,,385,26,4,,0
1601,'1330',625,,386,26,4,,0,77,,387,26,4,,0,30,,388,26,4,,0,20,,389,26,4,,0,60,,390,26,4,,0,20,,391,26,4,,0,20,,392,26,4,,0,60,,393,26,4,,0,20,,394,26,4,,0,20,,395,26,4,,0,60,,396,26,4,,0,20,,397,26,4,,0,20,,398,26,4,,0,60,,399,26,4,,0,20,,400,26,4,,0,20,,401,26,4,,0,60,,402,26,4,,0,20,,403,26,4,,0,20,,404,26,4,,0,60,,405,26,4,,0,20,,406,26,4,,0,20,,407,26,4,,0,60,,408,26,4,,0,20,,409,26,4,,0,20,,410,26,4,,0,60,,411,26,4,,0,20,,412,26,4,,0,20,,413,26,4,,0,60,,414,26,4,,0,20,,415,26,4,,0,20,,416,26,4,,0,60,,417,26,4,,0,20,,418,26,4,,0,20,,419,26,4,,0,60,,420,26,4,,0,20,,421,26,4,,0,15,,422,26,4,,0,70,,423,26,4,,0,30,,424,26,4,,0,70,,425,26,4,,0,30,,426,26,4,,0,70,,427,26,4,,0,30,,428,26,4,,0,100,,429,26,4,,0,100,,430,26,4,,0
1601,'1331',625,,431,26,4,,0,77,,432,26,4,,0,30,,433,26,4,,0,20,,434,26,4,,0,60,,435,26,4,,0,20,,436,26,4,,0,20,,437,26,4,,0,60,,438,26,4,,0,20,,439,26,4,,0,20,,440,26,4,,0,60,,441,26,4,,0,20,,442,26,4,,0,20,,443,26,4,,0,60,,444,26,4,,0,20,,445,26,4,,0,20,,446,26,4,,0,60,,447,26,4,,0,20,,448,26,4,,0,20,,449,26,4,,0,60,,450,26,4,,0,20,,451,26,4,,0,20,,452,26,4,,0,60,,453,26,4,,0,20,,454,26,4,,0,20,,455,26,4,,0,60,,456,26,4,,0,20,,457,26,4,,0,20,,458,26,4,,0,60,,459,26,4,,0,20,,460,26,4,,0,20,,461,26,4,,0,60,,462,26,4,,0,20,,463,26,4,,0,20,,464,26,4,,0,60,,465,26,4,,0,20,,466,26,4,,0,15,,467,26,4,,0,70,,468,26,4,,0,30,,469,26,4,,0,70,,470,26,4,,0,30,,471,26,4,,0,70,,472,26,4,,0,30,,473,26,4,,0,100,,474,26,4,,0,100,,475,26,4,,0
1601,'1332',625,,476,26,4,,0,77,,477,26,4,,0,30,,478,26,4,,0,20,,479,26,4,,0,60,,480,26,4,,0,20,,481,26,4,,0,20,,482,26,4,,0,60,,483,26,4,,0,20,,484,26,4,,0,20,,485,26,4,,0,60,,486,26,4,,0,20,,487,26,4,,0,20,,488,26,4,,0,60,,489,26,4,,0,20,,490,26,4,,0,20,,491,26,4,,0,60,,492,26,4,,0,20,,493,26,4,,0,20,,494,26,4,,0,60,,495,26,4,,0,20,,496,26,4,,0,20,,497,26,4,,0,60,,498,26,4,,0,20,,499,26,4,,0,20,,500,26,4,,0,60,,501,26,4,,0,20,,502,26,4,,0,20,,503,26,4,,0,60,,504,26,4,,0,20,,505,26,4,,0,20,,506,26,4,,0,60,,507,26,4,,0,20,,508,26,4,,0,20,,509,26,4,,0,60,,510,26,4,,0,20,,511,26,4,,0,15,,512,26,4,,0,70,,513,26,4,,0,30,,514,26,4,,0,70,,515,26,4,,0,30,,516,26,4,,0,70,,517,26,4,,0,30,,518,26,4,,0,100,,519,26,4,,0,100,,520,26,4,,0
1601,'1333',625,,521,26,4,,0,77,,522,26,4,,0,30,,523,26,4,,0,20,,524,26,4,,0,60,,525,26,4,,0,20,,526,26,4,,0,20,,527,26,4,,0,60,,528,26,4,,0,20,,529,26,4,,0,20,,530,26,4,,0,60,,531,26,4,,0,20,,532,26,4,,0,20,,533,26,4,,0,60,,534,26,4,,0,20,,535,26,4,,0,20,,536,26,4,,0,60,,537,26,4,,0,20,,538,26,4,,0,20,,539,26,4,,0,60,,540,26,4,,0,20,,541,26,4,,0,20,,542,26,4,,0,60,,543,26,4,,0,20,,544,26,4,,0,20,,545,26,4,,0,60,,546,26,4,,0,20,,547,26,4,,0,20,,548,26,4,,0,60,,549,26,4,,0,20,,550,26,4,,0,20,,551,26,4,,0,60,,552,26,4,,0,20,,553,26,4,,0,20,,554,26,4,,0,60,,555,26,4,,0,20,,556,26,4,,0,15,,557,26,4,,0,70,,558,26,4,,0,30,,559,26,4,,0,70,,560,26,4,,0,30,,561,26,4,,0,70,,562,26,4,,0,30,,563,26,4,,0,100,,564,26,4,,0,100,,565,26,4,,0
400100,'1327',934,,3851,2,0,11,0,75,,3850,2,0,11,0,35,,3849,2,0,11,0,75,,3848,2,0,11,0,35,,3847,2,0,11,0,75,,3846,2,0,11,0,75,,3845,2,0,11,0,35,,3844,2,0,11,0,75,,3843,2,0,11,0,35,,3842,2,0,11,0,75,,3841,2,0,11,0,35,,3840,2,0,11,0,75,,3839,2,0,11,0,75,,3838,2,0,11,0,35,,3837,2,0,11,0,75,,3836,2,0,11,0
400100,'1328',759,,3852,2,0,11,0,75,,3853,2,0,11,0,75,,3854,2,0,11,0,35,,3855,2,0,11,0,75,,3856,2,0,11,0,35,,3857,2,0,11,0,75,,3858,2,0,11,0,75,,3859,2,0,11,0,35,,3860,2,0,11,0,75,,3861,2,0,11,0,35,,3862,2,0,11,0,75,,3863,2,0,11,0,35,,3864,2,0,11,0,75,,3865,2,0,11,0,75,,3866,2,0,11,0,35,,3867,2,0,11,0,75,,3868,2,0,11,0,35,,3869,2,0,11,0,75,,3870,2,0,11,0,75,,3871,2,0,11,0
400100,'1329',659,,3872,2,0,11,0,75,,3873,2,0,11,0,75,,3874,2,0,11,0,35,,3875,2,0,11,0,75,,3876,2,0,11,0,35,,3877,2,0,11,0,75,,3878,2,0,11,0,75,,3879,2,0,11,0,35,,3880,2,0,11,0,75,,3881,2,0,11,0,35,,3882,2,0,11,0,75,,3883,2,0,11,0,35,,3884,2,0,11,0,75,,3885,2,0,11,0,75,,3886,2,0,11,0,35,,3887,2,0,11,0,75,,3888,2,0,11,0,35,,3889,2,0,11,0,75,,3890,2,0,11,0,75,,3891,2,0,11,0,35,,3892,2,0,11,0,75,,3893,2,0,11,0,35,,3894,2,0,11,0,75,,3895,2,0,11,0,35,,3896,2,0,11,0,75,,3897,2,0,11,0,75,,3898,2,0,11,0
400100,'1330',659,,3899,2,0,11,0,75,,3900,2,0,11,0,75,,3901,2,0,11,0,35,,3902,2,0,11,0,75,,3903,2,0,11,0,35,,3904,2,0,11,0,75,,3905,2,0,11,0,75,,3906,2,0,11,0,35,,3907,2,0,11,0,75,,3908,2,0,11,0,35,,3909,2,0,11,0,75,,3910,2,0,11,0,35,,3911,2,0,11,0,75,,3912,2,0,11,0,75,,3913,2,0,11,0,35,,3914,2,0,11,0,75,,3915,2,0,11,0,35,,3916,2,0,11,0,75,,3917,2,0,11,0,75,,3918,2,0,11,0,35,,3919,2,0,11,0,75,,3920,2,0,11,0,35,,3921,2,0,11,0,75,,3922,2,0,11,0,35,,3923,2,0,11,0,75,,3924,2,0,11,0,75,,3925,2,0,11,0
400100,'1331',659,,3926,2,0,11,0,75,,3927,2,0,11,0,75,,3928,2,0,11,0,35,,3929,2,0,11,0,75,,3930,2,0,11,0,35,,3931,2,0,11,0,75,,3932,2,0,11,0,75,,3933,2,0,11,0,35,,3934,2,0,11,0,75,,3935,2,0,11,0,35,,3936,2,0,11,0,75,,3937,2,0,11,0,35,,3938,2,0,11,0,75,,3939,2,0,11,0,75,,3940,2,0,11,0,35,,3941,2,0,11,0,75,,3942,2,0,11,0,35,,3943,2,0,11,0,75,,3944,2,0,11,0,75,,3945,2,0,11,0,35,,3946,2,0,11,0,75,,3947,2,0,11,0,35,,3948,2,0,11,0,75,,3949,2,0,11,0,35,,3950,2,0,11,0,75,,3951,2,0,11,0,75,,3952,2,0,11,0
400100,'1332',659,,3953,2,0,11,0,75,,3954,2,0,11,0,75,,3955,2,0,11,0,35,,3956,2,0,11,0,75,,3957,2,0,11,0,35,,3958,2,0,11,0,75,,3959,2,0,11,0,75,,3960,2,0,11,0,35,,3961,2,0,11,0,75,,3962,2,0,11,0,35,,3963,2,0,11,0,75,,3964,2,0,11,0,35,,3965,2,0,11,0,75,,3966,2,0,11,0,75,,3967,2,0,11,0,35,,3968,2,0,11,0,75,,3969,2,0,11,0,35,,3970,2,0,11,0,75,,3971,2,0,11,0,75,,3972,2,0,11,0,35,,3973,2,0,11,0,75,,3974,2,0,11,0,35,,3975,2,0,11,0,75,,3976,2,0,11,0,35,,3977,2,0,11,0,75,,3978,2,0,11,0,75,,3979,2,0,11,0
400100,'1333',659,,3980,2,0,11,0,75,,3981,2,0,11,0,75,,3982,2,0,11,0,35,,3983,2,0,11,0,75,,3984,2,0,11,0,35,,3985,2,0,11,0,75,,3986,2,0,11,0,75,,3987,2,0,11,0,35,,3988,2,0,11,0,75,,3989,2,0,11,0,35,,3990,2,0,11,0,75,,3991,2,0,11,0,35,,3992,2,0,11,0,75,,3993,2,0,11,0,75,,3994,2,0,11,0,35,,3995,2,0,11,0,75,,3996,2,0,11,0,35,,3997,2,0,11,0,75,,3998,2,0,11,0,75,,3999,2,0,11,0,35,,4000,2,0,11,0,75,,4001,2,0,11,0,35,,4002,2,0,11,0,75,,4003,2,0,11,0,35,,4004,2,0,11,0,75,,4005,2,0,11,0,75,,4006,2,0,11,0
721502,'1327',908,,6872,13,0,16,0,100,,6871,13,0,16,0,100,,6870,13,0,16,0,100,,6869,13,0,16,0,100,,6868,13,0,16,0,100,,6867,13,0,16,0,100,,6866,13,0,16,0,100,,6865,13,0,16,0,100,,6864,13,0,16,0,100,,6863,13,0,16,0,100,,6862,13,0,16,0
721502,'1328',708,,6873,13,0,16,0,100,,6874,13,0,16,0,100,,6875,13,0,16,0,100,,6876,13,0,16,0,100,,6877,13,0,16,0,100,,6878,13,0,16,0,100,,6879,13,0,16,0,30,,6880,13,0,16,0,70,,6881,13,0,16,0,30,,6882,13,0,16,0,70,,6883,13,0,16,0,30,,6884,13,0,16,0,70,,6885,13,0,16,0,30,,6886,13,0,16,0,70,,6887,13,0,16,0,30,,6888,13,0,16,0,70,,6889,13,0,16,0,30,,6890,13,0,16,0,70,,6891,13,0,16,0
721502,'1329',708,,6892,13,0,16,0,30,,6893,13,0,16,0,70,,6894,13,0,16,0,30,,6895,13,0,16,0,70,,6896,13,0,16,0,30,,6897,13,0,16,0,70,,6898,13,0,16,0,30,,6899,13,0,16,0,70,,6900,13,0,16,0,30,,6901,13,0,16,0,70,,6902,13,0,16,0,30,,6903,13,0,16,0,70,,6904,13,0,16,0,30,,6905,13,0,16,0,70,,6906,13,0,16,0,30,,6907,13,0,16,0,70,,6908,13,0,16,0,30,,6909,13,0,16,0,70,,6910,13,0,16,0,30,,6911,13,0,16,0,70,,6912,13,0,16,0,30,,6913,13,0,16,0,70,,6914,13,0,16,0,30,,6915,13,0,16,0,70,,6916,13,0,16,0,100,,6917,13,0,16,0,100,,6918,13,0,16,0,100,,6919,13,0,16,0
721502,'1330',708,,6921,13,0,16,0,30,,6922,13,0,16,0,70,,6923,13,0,16,0,30,,6924,13,0,16,0,70,,6925,13,0,16,0,30,,6926,13,0,16,0,70,,6927,13,0,16,0,30,,6928,13,0,16,0,70,,6929,13,0,16,0,30,,6930,13,0,16,0,70,,6931,13,0,16,0,30,,6932,13,0,16,0,70,,6933,13,0,16,0,30,,6934,13,0,16,0,70,,6935,13,0,16,0,30,,6936,13,0,16,0,70,,6937,13,0,16,0,30,,6938,13,0,16,0,70,,6939,13,0,16,0,30,,6940,13,0,16,0,70,,6941,13,0,16,0,30,,6942,13,0,16,0,70,,6943,13,0,16,0,30,,6944,13,0,16,0,70,,6945,13,0,16,0,100,,6946,13,0,16,0,100,,6947,13,0,16,0,100,,6948,13,0,16,0
721502,'1331',708,,6950,13,0,16,0,30,,6951,13,0,16,0,70,,6952,13,0,16,0,30,,6953,13,0,16,0,70,,6954,13,0,16,0,30,,6955,13,0,16,0,70,,6956,13,0,16,0,30,,6957,13,0,16,0,70,,6958,13,0,16,0,30,,6959,13,0,16,0,70,,6960,13,0,16,0,30,,6961,13,0,16,0,70,,6962,13,0,16,0,30,,6963,13,0,16,0,70,,6964,13,0,16,0,30,,6965,13,0,16,0,70,,6966,13,0,16,0,30,,6967,13,0,16,0,70,,6968,13,0,16,0,30,,6969,13,0,16,0,70,,6970,13,0,16,0,30,,6971,13,0,16,0,70,,6972,13,0,16,0,30,,6973,13,0,16,0,70,,6974,13,0,16,0,100,,6975,13,0,16,0,100,,6976,13,0,16,0,100,,6977,13,0,16,0
721502,'1332',708,,6979,13,0,16,0,30,,6980,13,0,16,0,70,,6981,13,0,16,0,30,,6982,13,0,16,0,70,,6983,13,0,16,0,30,,6984,13,0,16,0,70,,6985,13,0,16,0,30,,6986,13,0,16,0,70,,6987,13,0,16,0,30,,6988,13,0,16,0,70,,6989,13,0,16,0,30,,6990,13,0,16,0,70,,6991,13,0,16,0,30,,6992,13,0,16,0,70,,6993,13,0,16,0,30,,6994,13,0,16,0,70,,6995,13,0,16,0,30,,6996,13,0,16,0,70,,6997,13,0,16,0,30,,6998,13,0,16,0,70,,6999,13,0,16,0,30,,7000,13,0,16,0,70,,7001,13,0,16,0,30,,7002,13,0,16,0,70,,7003,13,0,16,0,100,,7004,13,0,16,0,100,,7005,13,0,16,0,100,,7006,13,0,16,0
721502,'1333',708,,7008,13,0,16,0,30,,7009,13,0,16,0,70,,7010,13,0,16,0,30,,7011,13,0,16,0,70,,7012,13,0,16,0,30,,7013,13,0,16,0,70,,7014,13,0,16,0,30,,7015,13,0,16,0,70,,7016,13,0,16,0,30,,7017,13,0,16,0,70,,7018,13,0,16,0,30,,7019,13,0,16,0,70,,7020,13,0,16,0,30,,7021,13,0,16,0,70,,7022,13,0,16,0,30,,7023,13,0,16,0,70,,7024,13,0,16,0,30,,7025,13,0,16,0,70,,7026,13,0,16,0,30,,7027,13,0,16,0,70,,7028,13,0,16,0,30,,7029,13,0,16,0,70,,7030,13,0,16,0,30,,7031,13,0,16,0,70,,7032,13,0,16,0,100,,7033,13,0,16,0,100,,7034,13,0,16,0,100,,7035,13,0,16,0
