1901,'1348',927,,24297,33,,,0,100,,24296,33,,,0,100,,24295,33,,,0,100,,24294,33,,,0,100,,24305,33,,,0,100,,24302,33,,,0,100,,24301,33,,,0,100,,24300,33,,,0,100,,24299,33,,,0,100,,24298,33,,,0,100,,24304,33,,,0,100,,24303,33,,,0
1901,'1349',827,,24306,33,,,0,100,,24307,33,,,0,100,,24308,33,,,0,30,,24309,33,,,0,70,,24310,33,,,0,30,,24311,33,,,0,70,,24312,33,,,0,30,,24313,33,,,0,70,,24314,33,,,0,30,,24315,33,,,0,70,,24316,33,,,0,30,,24317,33,,,0,70,,24318,33,,,0,30,,24319,33,,,0,70,,24320,33,,,0,30,,24321,33,,,0,70,,24322,33,,,0,30,,24323,33,,,0,70,,24324,33,,,0,30,,24325,33,,,0,70,,24326,33,,,0,30,,24327,33,,,0,70,,24328,33,,,0,100,,24329,33,,,0,100,,24330,33,,,0,100,,24331,33,,,0
1901,'1350',627,,24332,33,,,0,30,,24333,33,,,0,70,,24334,33,,,0,30,,24335,33,,,0,70,,24336,33,,,0,30,,24337,33,,,0,70,,24338,33,,,0,30,,24339,33,,,0,70,,24340,33,,,0,30,,24341,33,,,0,70,,24342,33,,,0,30,,24343,33,,,0,70,,24344,33,,,0,30,,24345,33,,,0,70,,24346,33,,,0,30,,24347,33,,,0,70,,24348,33,,,0,30,,24349,33,,,0,70,,24350,33,,,0,30,,24351,33,,,0,70,,24352,33,,,0,30,,24353,33,,,0,70,,24354,33,,,0,30,,24355,33,,,0,70,,24356,33,,,0,30,,24357,33,,,0,70,,24358,33,,,0,30,,24359,33,,,0,70,,24360,33,,,0,30,,24361,33,,,0,70,,24362,33,,,0,30,,24363,33,,,0,100,,24364,33,,,0,100,,24365,33,,,0
1901,'1351',627,,24366,33,,,0,30,,24367,33,,,0,70,,24368,33,,,0,30,,24369,33,,,0,70,,24370,33,,,0,30,,24371,33,,,0,70,,24372,33,,,0,30,,24373,33,,,0,70,,24374,33,,,0,30,,24375,33,,,0,70,,24376,33,,,0,30,,24377,33,,,0,70,,24378,33,,,0,30,,24379,33,,,0,70,,24380,33,,,0,30,,24381,33,,,0,70,,24382,33,,,0,30,,24383,33,,,0,70,,24384,33,,,0,30,,24385,33,,,0,70,,24386,33,,,0,30,,24387,33,,,0,70,,24388,33,,,0,30,,24389,33,,,0,70,,24390,33,,,0,30,,24391,33,,,0,70,,24392,33,,,0,30,,24393,33,,,0,70,,24394,33,,,0,30,,24395,33,,,0,70,,24396,33,,,0,30,,24397,33,,,0,100,,24398,33,,,0,100,,24399,33,,,0
1901,'1352',627,,24400,33,,,0,30,,24401,33,,,0,70,,24402,33,,,0,30,,24403,33,,,0,70,,24404,33,,,0,30,,24405,33,,,0,70,,24406,33,,,0,30,,24407,33,,,0,70,,24408,33,,,0,30,,24409,33,,,0,70,,24410,33,,,0,30,,24411,33,,,0,70,,24412,33,,,0,30,,24413,33,,,0,70,,24414,33,,,0,30,,24415,33,,,0,70,,24416,33,,,0,30,,24417,33,,,0,70,,24418,33,,,0,30,,24419,33,,,0,70,,24420,33,,,0,30,,24421,33,,,0,70,,24422,33,,,0,30,,24423,33,,,0,70,,24424,33,,,0,30,,24425,33,,,0,70,,24426,33,,,0,30,,24427,33,,,0,70,,24428,33,,,0,30,,24429,33,,,0,70,,24430,33,,,0,30,,24431,33,,,0,100,,24432,33,,,0,100,,24433,33,,,0
1901,'1353',627,,24434,33,,,0,30,,24435,33,,,0,70,,24436,33,,,0,30,,24437,33,,,0,70,,24438,33,,,0,30,,24439,33,,,0,70,,24440,33,,,0,30,,24441,33,,,0,70,,24442,33,,,0,30,,24443,33,,,0,70,,24444,33,,,0,30,,24445,33,,,0,70,,24446,33,,,0,30,,24447,33,,,0,70,,24448,33,,,0,30,,24449,33,,,0,70,,24450,33,,,0,30,,24451,33,,,0,70,,24452,33,,,0,30,,24453,33,,,0,70,,24454,33,,,0,30,,24455,33,,,0,70,,24456,33,,,0,30,,24457,33,,,0,70,,24458,33,,,0,30,,24459,33,,,0,70,,24460,33,,,0,30,,24461,33,,,0,70,,24462,33,,,0,30,,24463,33,,,0,70,,24464,33,,,0,30,,24465,33,,,0,100,,24466,33,,,0,100,,24467,33,,,0
1901,'1354',627,,24468,33,,,0,30,,24469,33,,,0,70,,24470,33,,,0,30,,24471,33,,,0,70,,24472,33,,,0,30,,24473,33,,,0,70,,24474,33,,,0,30,,24475,33,,,0,70,,24476,33,,,0,30,,24477,33,,,0,70,,24478,33,,,0,30,,24479,33,,,0,70,,24480,33,,,0,30,,24481,33,,,0,70,,24482,33,,,0,30,,24483,33,,,0,70,,24484,33,,,0,30,,24485,33,,,0,70,,24486,33,,,0,30,,24487,33,,,0,70,,24488,33,,,0,30,,24489,33,,,0,70,,24490,33,,,0,30,,24491,33,,,0,70,,24492,33,,,0,30,,24493,33,,,0,70,,24494,33,,,0,30,,24495,33,,,0,70,,24496,33,,,0,30,,24497,33,,,0,70,,24498,33,,,0,30,,24499,33,,,0,100,,24500,33,,,0,100,,24501,33,,,0
721404,'1348',907,,28217,8,0,14,0,110,,28216,8,0,14,0,110,,28215,8,0,14,0,110,,28218,8,0,14,0,110,,28214,8,0,14,0,110,,28213,8,0,14,0,150,,28212,8,0,14,0,110,,28211,8,0,14,0
721404,'1349',807,,28219,8,0,14,0,110,,28220,8,0,14,0,110,,28221,8,0,14,0,110,,28222,8,0,14,0,110,,28223,8,0,14,0,106,,28224,8,0,14,0,85,,28225,8,0,14,0,85,,28226,8,0,14,0,85,,28227,8,0,14,0,45,,28228,8,0,14,0,85,,28229,8,0,14,0,85,,28230,8,0,14,0,85,,28231,8,0,14,0
721404,'1350',628,,28232,8,0,14,0,95,,28233,8,0,14,0,85,,28234,8,0,14,0,45,,28235,8,0,14,0,85,,28236,8,0,14,0,85,,28237,8,0,14,0,85,,28238,8,0,14,0,45,,28239,8,0,14,0,85,,28240,8,0,14,0,85,,28241,8,0,14,0,85,,28242,8,0,14,0,45,,28243,8,0,14,0,85,,28244,8,0,14,0,85,,28245,8,0,14,0,85,,28246,8,0,14,0,45,,28247,8,0,14,0,85,,28248,8,0,14,0,85,,28249,8,0,14,0,85,,28250,8,0,14,0,45,,28251,8,0,14,0
721404,'1351',628,,28252,8,0,14,0,95,,28253,8,0,14,0,85,,28254,8,0,14,0,45,,28255,8,0,14,0,85,,28256,8,0,14,0,85,,28257,8,0,14,0,85,,28258,8,0,14,0,45,,28259,8,0,14,0,85,,28260,8,0,14,0,85,,28261,8,0,14,0,85,,28262,8,0,14,0,45,,28263,8,0,14,0,85,,28264,8,0,14,0,85,,28265,8,0,14,0,85,,28266,8,0,14,0,45,,28267,8,0,14,0,85,,28268,8,0,14,0,85,,28269,8,0,14,0,85,,28270,8,0,14,0,45,,28271,8,0,14,0
721404,'1352',628,,28272,8,0,14,0,95,,28273,8,0,14,0,85,,28274,8,0,14,0,45,,28275,8,0,14,0,85,,28276,8,0,14,0,85,,28277,8,0,14,0,85,,28278,8,0,14,0,45,,28279,8,0,14,0,85,,28280,8,0,14,0,85,,28281,8,0,14,0,85,,28282,8,0,14,0,45,,28283,8,0,14,0,85,,28284,8,0,14,0,85,,28285,8,0,14,0,85,,28286,8,0,14,0,45,,28287,8,0,14,0,85,,28288,8,0,14,0,85,,28289,8,0,14,0,85,,28290,8,0,14,0,45,,28291,8,0,14,0
721404,'1353',628,,28292,8,0,14,0,95,,28293,8,0,14,0,85,,28294,8,0,14,0,45,,28295,8,0,14,0,85,,28296,8,0,14,0,85,,28297,8,0,14,0,85,,28298,8,0,14,0,45,,28299,8,0,14,0,85,,28300,8,0,14,0,85,,28301,8,0,14,0,85,,28302,8,0,14,0,45,,28303,8,0,14,0,85,,28304,8,0,14,0,85,,28305,8,0,14,0,85,,28306,8,0,14,0,45,,28307,8,0,14,0,85,,28308,8,0,14,0,85,,28309,8,0,14,0,85,,28310,8,0,14,0,45,,28311,8,0,14,0
721404,'1354',628,,28312,8,0,14,0,95,,28313,8,0,14,0,85,,28314,8,0,14,0,45,,28315,8,0,14,0,85,,28316,8,0,14,0,85,,28317,8,0,14,0,85,,28318,8,0,14,0,45,,28319,8,0,14,0,85,,28320,8,0,14,0,85,,28321,8,0,14,0,85,,28322,8,0,14,0,45,,28323,8,0,14,0,85,,28324,8,0,14,0,85,,28325,8,0,14,0,85,,28326,8,0,14,0,45,,28327,8,0,14,0,85,,28328,8,0,14,0,85,,28329,8,0,14,0,85,,28330,8,0,14,0,45,,28331,8,0,14,0
