'1306',721304,82000,0,'S',0,8000,0,'S',0,4000,0,'S',0,8000,0,'S',0,8000,0,'S',0,4000,0,'S',0,8000,0,'S',0,8000,0,'S',0,4000,0,'S',0,8000,0,'S',0,8000,0,'S',0,4000,0,'S',0,8000,0,'S',0,8000,0,'S',0,4000,0,'S',0,8000,0,'S',0,8000,0,'S',0,4000,0,'S',0
'1307',721304,62000,0,'S',0,8000,0,'S',0,4000,0,'S',0,8000,0,'S',0,8000,0,'S',0,4000,0,'S',0,8000,0,'S',0,8000,0,'S',0,4000,0,'S',0,6000,0,'S',0,2000,0,'S',0,2000,0,'S',0,6000,0,'S',0,2000,0,'S',0,2000,0,'S',0,6000,0,'S',0,2000,0,'S',0,2000,0,'S',0,6000,0,'S',0,2000,0,'S',0,2000,0,'S',0,6000,0,'S',0,2000,0,'S',0,2000,0,'S',0,6000,0,'S',0,2000,0,'S',0,2000,0,'S',0,6000,0,'S',0,2000,0,'S',0,8000,0,'S',0,4000,0,'S',0,8000,0,'S',0,8000,0,'S',0,4000,0,'S',0,8000,0,'S',0,8000,0,'S',0
'1308',721304,55300,0,'S',0,8500,0,'S',0,2000,0,'S',0,6500,0,'S',0,2000,0,'S',0,6500,0,'S',0,2000,0,'S',0,2500,0,'S',0,6000,0,'S',0,2500,0,'S',0,2000,0,'S',0,6500,0,'S',0,2000,0,'S',0,6500,0,'S',0,2000,0,'S',0,2500,0,'S',0,6000,0,'S',0,2500,0,'S',0,2000,0,'S',0,6500,0,'S',0,2000,0,'S',0,6500,0,'S',0,2000,0,'S',0,2500,0,'S',0,6000,0,'S',0,2500,0,'S',0,2000,0,'S',0,6500,0,'S',0,2000,0,'S',0,6500,0,'S',0,2000,0,'S',0,2500,0,'S',0,6000,0,'S',0,3000,0,'S',0,7700,0,'S',0,8000,0,'S',0,4000,0,'S',0,8000,0,'S',0,8000,0,'S',0,4000,0,'S',0,8000,0,'S',0
'1309',721304,55300,0,'S',0,8500,0,'S',0,2000,0,'S',0,6500,0,'S',0,2000,0,'S',0,6500,0,'S',0,2000,0,'S',0,2500,0,'S',0,6000,0,'S',0,2500,0,'S',0,2000,0,'S',0,6500,0,'S',0,2000,0,'S',0,6500,0,'S',0,2000,0,'S',0,2500,0,'S',0,6000,0,'S',0,2500,0,'S',0,2000,0,'S',0,6500,0,'S',0,2000,0,'S',0,6500,0,'S',0,2000,0,'S',0,2500,0,'S',0,6000,0,'S',0,2500,0,'S',0,2000,0,'S',0,6500,0,'S',0,2000,0,'S',0,6500,0,'S',0,2000,0,'S',0,2500,0,'S',0,6000,0,'S',0,3000,0,'S',0,7700,0,'S',0,8000,0,'S',0,4000,0,'S',0,8000,0,'S',0,8000,0,'S',0,4000,0,'S',0,8000,0,'S',0
'1310',721304,55300,0,'S',0,8500,0,'S',0,2000,0,'S',0,6500,0,'S',0,2000,0,'S',0,6500,0,'S',0,2000,0,'S',0,2500,0,'S',0,6000,0,'S',0,2500,0,'S',0,2000,0,'S',0,6500,0,'S',0,2000,0,'S',0,6500,0,'S',0,2000,0,'S',0,2500,0,'S',0,6000,0,'S',0,2500,0,'S',0,2000,0,'S',0,6500,0,'S',0,2000,0,'S',0,6500,0,'S',0,2000,0,'S',0,2500,0,'S',0,6000,0,'S',0,2500,0,'S',0,2000,0,'S',0,6500,0,'S',0,2000,0,'S',0,6500,0,'S',0,2000,0,'S',0,2500,0,'S',0,6000,0,'S',0,3000,0,'S',0,7700,0,'S',0,8000,0,'S',0,4000,0,'S',0,8000,0,'S',0,8000,0,'S',0,4000,0,'S',0,8000,0,'S',0
'1311',721304,55300,0,'S',0,8500,0,'S',0,2000,0,'S',0,6500,0,'S',0,2000,0,'S',0,6500,0,'S',0,2000,0,'S',0,2500,0,'S',0,6000,0,'S',0,2500,0,'S',0,2000,0,'S',0,6500,0,'S',0,2000,0,'S',0,6500,0,'S',0,2000,0,'S',0,2500,0,'S',0,6000,0,'S',0,2500,0,'S',0,2000,0,'S',0,6500,0,'S',0,2000,0,'S',0,6500,0,'S',0,2000,0,'S',0,2500,0,'S',0,6000,0,'S',0,2500,0,'S',0,2000,0,'S',0,6500,0,'S',0,2000,0,'S',0,6500,0,'S',0,2000,0,'S',0,2500,0,'S',0,6000,0,'S',0,3000,0,'S',0,7700,0,'S',0,8000,0,'S',0,4000,0,'S',0,8000,0,'S',0,8000,0,'S',0,4000,0,'S',0,8000,0,'S',0
'1312',721304,55300,0,'S',0,8500,0,'S',0,2000,0,'S',0,6500,0,'S',0,2000,0,'S',0,6500,0,'S',0,2000,0,'S',0,2500,0,'S',0,6000,0,'S',0,2500,0,'S',0,2000,0,'S',0,6500,0,'S',0,2000,0,'S',0,6500,0,'S',0,2000,0,'S',0,2500,0,'S',0,6000,0,'S',0,2500,0,'S',0,2000,0,'S',0,6500,0,'S',0,2000,0,'S',0,6500,0,'S',0,2000,0,'S',0,2500,0,'S',0,6000,0,'S',0,2500,0,'S',0,2000,0,'S',0,6500,0,'S',0,2000,0,'S',0,6500,0,'S',0,2000,0,'S',0,2500,0,'S',0,6000,0,'S',0,3000,0,'S',0,7700,0,'S',0,8000,0,'S',0,4000,0,'S',0,8000,0,'S',0,8000,0,'S',0,4000,0,'S',0,8000,0,'S',0
'1308',722501,51800,0,'E',0,12000,0,'E',0,10000,0,'E',0,10000,0,'E',0,10000,0,'E',0,10000,0,'E',0,10000,0,'E',0,10000,0,'E',0,10000,0,'E',0,10000,0,'E',0,10000,0,'E',0,10000,0,'E',0,10000,0,'E',0,10000,0,'E',0,10000,0,'E',0,10000,0,'E',0,10000,0,'E',0,10000,0,'E',0
'1309',722501,51800,0,'E',0,12000,0,'E',0,10000,0,'E',0,10000,0,'E',0,10000,0,'E',0,10000,0,'E',0,10000,0,'E',0,10000,0,'E',0,10000,0,'E',0,10000,0,'E',0,10000,0,'E',0,10000,0,'E',0,10000,0,'E',0,10000,0,'E',0,10000,0,'E',0,10000,0,'E',0,10000,0,'E',0,10000,0,'E',0
'1310',722501,51800,0,'E',0,12000,0,'E',0,10000,0,'E',0,10000,0,'E',0,10000,0,'E',0,10000,0,'E',0,10000,0,'E',0,10000,0,'E',0,10000,0,'E',0,10000,0,'E',0,10000,0,'E',0,10000,0,'E',0,10000,0,'E',0,10000,0,'E',0,10000,0,'E',0,10000,0,'E',0,10000,0,'E',0,10000,0,'E',0
'1311',722501,51800,0,'E',0,12000,0,'E',0,10000,0,'E',0,10000,0,'E',0,10000,0,'E',0,10000,0,'E',0,10000,0,'E',0,10000,0,'E',0,10000,0,'E',0,10000,0,'E',0,10000,0,'E',0,10000,0,'E',0,10000,0,'E',0,10000,0,'E',0,10000,0,'E',0,10000,0,'E',0,10000,0,'E',0,10000,0,'E',0
'1312',722501,51800,0,'E',0,12000,0,'E',0,10000,0,'E',0,10000,0,'E',0,10000,0,'E',0,10000,0,'E',0,10000,0,'E',0,10000,0,'E',0,10000,0,'E',0,10000,0,'E',0,10000,0,'E',0,10000,0,'E',0,10000,0,'E',0,10000,0,'E',0,10000,0,'E',0,10000,0,'E',0,10000,0,'E',0,10000,0,'E',0
