70101,'1349',745,,25320,61,4,,0,170,,25321,61,4,,0,130,,25322,61,4,,0,170,,25323,61,4,,0,130,,25324,61,4,,0,170,,25325,61,4,,0,130,,25326,61,4,,0,170,,25327,61,4,,0
70101,'1350',745,,25328,61,4,,0,85,,25329,61,4,,0,85,,25330,61,4,,0,85,,25331,61,4,,0,45,,25332,61,4,,0,170,,25333,61,4,,0,130,,25334,61,4,,0,85,,25335,61,4,,0,85,,25336,61,4,,0,85,,25337,61,4,,0,45,,25338,61,4,,0,85,,25339,61,4,,0,85,,25340,61,4,,0,85,,25341,61,4,,0
70101,'1351',745,,25342,61,4,,0,85,,25343,61,4,,0,85,,25344,61,4,,0,85,,25345,61,4,,0,45,,25346,61,4,,0,170,,25347,61,4,,0,130,,25348,61,4,,0,85,,25349,61,4,,0,85,,25350,61,4,,0,85,,25351,61,4,,0,45,,25352,61,4,,0,85,,25353,61,4,,0,85,,25354,61,4,,0,85,,25355,61,4,,0
70101,'1352',745,,25356,61,4,,0,85,,25357,61,4,,0,85,,25358,61,4,,0,85,,25359,61,4,,0,45,,25360,61,4,,0,170,,25361,61,4,,0,130,,25362,61,4,,0,85,,25363,61,4,,0,85,,25364,61,4,,0,85,,25365,61,4,,0,45,,25366,61,4,,0,85,,25367,61,4,,0,85,,25368,61,4,,0,85,,25369,61,4,,0
70101,'1353',745,,25370,61,4,,0,85,,25371,61,4,,0,85,,25372,61,4,,0,85,,25373,61,4,,0,45,,25374,61,4,,0,170,,25375,61,4,,0,130,,25376,61,4,,0,85,,25377,61,4,,0,85,,25378,61,4,,0,85,,25379,61,4,,0,45,,25380,61,4,,0,85,,25381,61,4,,0,85,,25382,61,4,,0,85,,25383,61,4,,0
70101,'1354',745,,25384,61,4,,0,85,,25385,61,4,,0,85,,25386,61,4,,0,85,,25387,61,4,,0,45,,25388,61,4,,0,170,,25389,61,4,,0,130,,25390,61,4,,0,85,,25391,61,4,,0,85,,25392,61,4,,0,85,,25393,61,4,,0,45,,25394,61,4,,0,85,,25395,61,4,,0,85,,25396,61,4,,0,85,,25397,61,4,,0
70102,'1349',750,,25398,1,0,16,0,170,,25399,1,0,16,0,130,,25400,1,0,16,0,170,,25401,1,0,16,0,130,,25402,1,0,16,0,170,,25403,1,0,16,0,130,,25404,1,0,16,0,170,,25405,1,0,16,0
70102,'1350',705,,25406,1,0,16,0,45,,25407,1,0,16,0,85,,25408,1,0,16,0,85,,25409,1,0,16,0,85,,25410,1,0,16,0,45,,25411,1,0,16,0,170,,25412,1,0,16,0,130,,25413,1,0,16,0,85,,25414,1,0,16,0,85,,25415,1,0,16,0,85,,25416,1,0,16,0,45,,25417,1,0,16,0,85,,25418,1,0,16,0,85,,25419,1,0,16,0
70102,'1351',705,,25420,1,0,16,0,45,,25421,1,0,16,0,85,,25422,1,0,16,0,85,,25423,1,0,16,0,85,,25424,1,0,16,0,45,,25425,1,0,16,0,170,,25426,1,0,16,0,130,,25427,1,0,16,0,85,,25428,1,0,16,0,85,,25429,1,0,16,0,85,,25430,1,0,16,0,45,,25431,1,0,16,0,85,,25432,1,0,16,0,85,,25433,1,0,16,0
70102,'1352',705,,25434,1,0,16,0,45,,25435,1,0,16,0,85,,25436,1,0,16,0,85,,25437,1,0,16,0,85,,25438,1,0,16,0,45,,25439,1,0,16,0,170,,25440,1,0,16,0,130,,25441,1,0,16,0,85,,25442,1,0,16,0,85,,25443,1,0,16,0,85,,25444,1,0,16,0,45,,25445,1,0,16,0,85,,25446,1,0,16,0,85,,25447,1,0,16,0
70102,'1353',705,,25448,1,0,16,0,45,,25449,1,0,16,0,85,,25450,1,0,16,0,85,,25451,1,0,16,0,85,,25452,1,0,16,0,45,,25453,1,0,16,0,170,,25454,1,0,16,0,130,,25455,1,0,16,0,85,,25456,1,0,16,0,85,,25457,1,0,16,0,85,,25458,1,0,16,0,45,,25459,1,0,16,0,85,,25460,1,0,16,0,85,,25461,1,0,16,0
70102,'1354',705,,25462,1,0,16,0,45,,25463,1,0,16,0,85,,25464,1,0,16,0,85,,25465,1,0,16,0,85,,25466,1,0,16,0,45,,25467,1,0,16,0,170,,25468,1,0,16,0,130,,25469,1,0,16,0,85,,25470,1,0,16,0,85,,25471,1,0,16,0,85,,25472,1,0,16,0,45,,25473,1,0,16,0,85,,25474,1,0,16,0,85,,25475,1,0,16,0
400100,'1348',951,,25479,4,4,,0,75,,25478,4,4,,0,75,,25477,4,4,,0,35,,25476,4,4,,0,75,,25491,4,4,,0,35,,25490,4,4,,0,75,,25489,4,4,,0,35,,25488,4,4,,0,75,,25487,4,4,,0,75,,25486,4,4,,0,35,,25485,4,4,,0,75,,25484,4,4,,0,35,,25483,4,4,,0,75,,25482,4,4,,0,75,,25481,4,4,,0,35,,25480,4,4,,0
400100,'1349',816,,25492,4,4,,0,35,,25493,4,4,,0,75,,25494,4,4,,0,75,,25495,4,4,,0,35,,25496,4,4,,0,75,,25497,4,4,,0,35,,25498,4,4,,0,75,,25499,4,4,,0,35,,25500,4,4,,0,75,,25501,4,4,,0,75,,25502,4,4,,0,35,,25503,4,4,,0,75,,25504,4,4,,0,35,,25505,4,4,,0,75,,25506,4,4,,0,75,,25507,4,4,,0,35,,25508,4,4,,0,75,,25509,4,4,,0,35,,25510,4,4,,0,75,,25511,4,4,,0
400100,'1350',716,,25538,4,4,,0,35,,25537,4,4,,0,75,,25536,4,4,,0,75,,25535,4,4,,0,35,,25534,4,4,,0,75,,25533,4,4,,0,35,,25532,4,4,,0,75,,25531,4,4,,0,35,,25530,4,4,,0,75,,25529,4,4,,0,75,,25528,4,4,,0,35,,25527,4,4,,0,75,,25526,4,4,,0,35,,25525,4,4,,0,75,,25524,4,4,,0,75,,25523,4,4,,0,35,,25522,4,4,,0,75,,25521,4,4,,0,35,,25512,4,4,,0,75,,25513,4,4,,0,35,,25514,4,4,,0,75,,25515,4,4,,0,75,,25516,4,4,,0,35,,25517,4,4,,0,75,,25518,4,4,,0,35,,25519,4,4,,0,75,,25520,4,4,,0
400100,'1351',716,,25565,4,4,,0,35,,25564,4,4,,0,75,,25563,4,4,,0,75,,25562,4,4,,0,35,,25561,4,4,,0,75,,25560,4,4,,0,35,,25559,4,4,,0,75,,25558,4,4,,0,35,,25557,4,4,,0,75,,25556,4,4,,0,75,,25555,4,4,,0,35,,25554,4,4,,0,75,,25553,4,4,,0,35,,25552,4,4,,0,75,,25551,4,4,,0,75,,25550,4,4,,0,35,,25549,4,4,,0,75,,25548,4,4,,0,35,,25539,4,4,,0,75,,25540,4,4,,0,35,,25541,4,4,,0,75,,25542,4,4,,0,75,,25543,4,4,,0,35,,25544,4,4,,0,75,,25545,4,4,,0,35,,25546,4,4,,0,75,,25547,4,4,,0
400100,'1352',716,,25592,4,4,,0,35,,25591,4,4,,0,75,,25590,4,4,,0,75,,25589,4,4,,0,35,,25588,4,4,,0,75,,25587,4,4,,0,35,,25586,4,4,,0,75,,25585,4,4,,0,35,,25584,4,4,,0,75,,25583,4,4,,0,75,,25582,4,4,,0,35,,25581,4,4,,0,75,,25580,4,4,,0,35,,25579,4,4,,0,75,,25578,4,4,,0,75,,25577,4,4,,0,35,,25576,4,4,,0,75,,25575,4,4,,0,35,,25566,4,4,,0,75,,25567,4,4,,0,35,,25568,4,4,,0,75,,25569,4,4,,0,75,,25570,4,4,,0,35,,25571,4,4,,0,75,,25572,4,4,,0,35,,25573,4,4,,0,75,,25574,4,4,,0
400100,'1353',716,,25619,4,4,,0,35,,25618,4,4,,0,75,,25617,4,4,,0,75,,25616,4,4,,0,35,,25615,4,4,,0,75,,25614,4,4,,0,35,,25613,4,4,,0,75,,25612,4,4,,0,35,,25611,4,4,,0,75,,25610,4,4,,0,75,,25609,4,4,,0,35,,25608,4,4,,0,75,,25607,4,4,,0,35,,25606,4,4,,0,75,,25605,4,4,,0,75,,25604,4,4,,0,35,,25603,4,4,,0,75,,25602,4,4,,0,35,,25593,4,4,,0,75,,25594,4,4,,0,35,,25595,4,4,,0,75,,25596,4,4,,0,75,,25597,4,4,,0,35,,25598,4,4,,0,75,,25599,4,4,,0,35,,25600,4,4,,0,75,,25601,4,4,,0
400100,'1354',716,,25646,4,4,,0,35,,25645,4,4,,0,75,,25644,4,4,,0,75,,25643,4,4,,0,35,,25642,4,4,,0,75,,25641,4,4,,0,35,,25640,4,4,,0,75,,25639,4,4,,0,35,,25638,4,4,,0,75,,25637,4,4,,0,75,,25636,4,4,,0,35,,25635,4,4,,0,75,,25634,4,4,,0,35,,25633,4,4,,0,75,,25632,4,4,,0,75,,25631,4,4,,0,35,,25630,4,4,,0,75,,25629,4,4,,0,35,,25620,4,4,,0,75,,25621,4,4,,0,35,,25622,4,4,,0,75,,25623,4,4,,0,75,,25624,4,4,,0,35,,25625,4,4,,0,75,,25626,4,4,,0,35,,25627,4,4,,0,75,,25628,4,4,,0
400101,'1348',955,,25662,1,0,11,0,75,,25661,1,0,11,0,75,,25660,1,0,11,0,35,,25659,1,0,11,0,75,,25658,1,0,11,0,35,,25657,1,0,11,0,75,,25656,1,0,11,0,75,,25655,1,0,11,0,35,,25654,1,0,11,0,75,,25653,1,0,11,0,35,,25652,1,0,11,0,75,,25651,1,0,11,0,35,,25650,1,0,11,0,75,,25649,1,0,11,0,75,,25648,1,0,11,0,35,,25647,1,0,11,0
400101,'1349',820,,25663,1,0,11,0,35,,25664,1,0,11,0,75,,25665,1,0,11,0,75,,25666,1,0,11,0,35,,25667,1,0,11,0,75,,25668,1,0,11,0,35,,25669,1,0,11,0,75,,25670,1,0,11,0,75,,25671,1,0,11,0,35,,25672,1,0,11,0,75,,25673,1,0,11,0,35,,25674,1,0,11,0,75,,25675,1,0,11,0,35,,25676,1,0,11,0,75,,25677,1,0,11,0,75,,25678,1,0,11,0,35,,25679,1,0,11,0,75,,25680,1,0,11,0,35,,25681,1,0,11,0,75,,25682,1,0,11,0
400101,'1350',720,,25683,1,0,11,0,35,,25684,1,0,11,0,75,,25685,1,0,11,0,75,,25686,1,0,11,0,35,,25687,1,0,11,0,75,,25688,1,0,11,0,35,,25689,1,0,11,0,75,,25690,1,0,11,0,75,,25691,1,0,11,0,35,,25692,1,0,11,0,75,,25693,1,0,11,0,35,,25694,1,0,11,0,75,,25695,1,0,11,0,35,,25696,1,0,11,0,75,,25697,1,0,11,0,75,,25698,1,0,11,0,35,,25699,1,0,11,0,75,,25700,1,0,11,0,35,,25701,1,0,11,0,75,,25702,1,0,11,0,75,,25703,1,0,11,0,35,,25704,1,0,11,0,75,,25705,1,0,11,0,35,,25706,1,0,11,0,75,,25707,1,0,11,0,35,,25708,1,0,11,0,75,,25709,1,0,11,0
400101,'1351',720,,25710,1,0,11,0,35,,25711,1,0,11,0,75,,25712,1,0,11,0,75,,25713,1,0,11,0,35,,25714,1,0,11,0,75,,25715,1,0,11,0,35,,25716,1,0,11,0,75,,25717,1,0,11,0,75,,25718,1,0,11,0,35,,25719,1,0,11,0,75,,25720,1,0,11,0,35,,25721,1,0,11,0,75,,25722,1,0,11,0,35,,25723,1,0,11,0,75,,25724,1,0,11,0,75,,25725,1,0,11,0,35,,25726,1,0,11,0,75,,25727,1,0,11,0,35,,25728,1,0,11,0,75,,25729,1,0,11,0,75,,25730,1,0,11,0,35,,25731,1,0,11,0,75,,25732,1,0,11,0,35,,25733,1,0,11,0,75,,25734,1,0,11,0,35,,25735,1,0,11,0,75,,25736,1,0,11,0
400101,'1352',720,,25737,1,0,11,0,35,,25738,1,0,11,0,75,,25739,1,0,11,0,75,,25740,1,0,11,0,35,,25741,1,0,11,0,75,,25742,1,0,11,0,35,,25743,1,0,11,0,75,,25744,1,0,11,0,75,,25745,1,0,11,0,35,,25746,1,0,11,0,75,,25747,1,0,11,0,35,,25748,1,0,11,0,75,,25749,1,0,11,0,35,,25750,1,0,11,0,75,,25751,1,0,11,0,75,,25752,1,0,11,0,35,,25753,1,0,11,0,75,,25754,1,0,11,0,35,,25755,1,0,11,0,75,,25756,1,0,11,0,75,,25757,1,0,11,0,35,,25758,1,0,11,0,75,,25759,1,0,11,0,35,,25760,1,0,11,0,75,,25761,1,0,11,0,35,,25762,1,0,11,0,75,,25763,1,0,11,0
400101,'1353',720,,25764,1,0,11,0,35,,25765,1,0,11,0,75,,25766,1,0,11,0,75,,25767,1,0,11,0,35,,25768,1,0,11,0,75,,25769,1,0,11,0,35,,25770,1,0,11,0,75,,25771,1,0,11,0,75,,25772,1,0,11,0,35,,25773,1,0,11,0,75,,25774,1,0,11,0,35,,25775,1,0,11,0,75,,25776,1,0,11,0,35,,25777,1,0,11,0,75,,25778,1,0,11,0,75,,25779,1,0,11,0,35,,25780,1,0,11,0,75,,25781,1,0,11,0,35,,25782,1,0,11,0,75,,25783,1,0,11,0,75,,25784,1,0,11,0,35,,25785,1,0,11,0,75,,25786,1,0,11,0,35,,25787,1,0,11,0,75,,25788,1,0,11,0,35,,25789,1,0,11,0,75,,25790,1,0,11,0
400101,'1354',720,,25791,1,0,11,0,35,,25792,1,0,11,0,75,,25793,1,0,11,0,75,,25794,1,0,11,0,35,,25795,1,0,11,0,75,,25796,1,0,11,0,35,,25797,1,0,11,0,75,,25798,1,0,11,0,75,,25799,1,0,11,0,35,,25800,1,0,11,0,75,,25801,1,0,11,0,35,,25802,1,0,11,0,75,,25803,1,0,11,0,35,,25804,1,0,11,0,75,,25805,1,0,11,0,75,,25806,1,0,11,0,35,,25807,1,0,11,0,75,,25808,1,0,11,0,35,,25809,1,0,11,0,75,,25810,1,0,11,0,75,,25811,1,0,11,0,35,,25812,1,0,11,0,75,,25813,1,0,11,0,35,,25814,1,0,11,0,75,,25815,1,0,11,0,35,,25816,1,0,11,0,75,,25817,1,0,11,0
643503,'1348',930,,26123,1,0,15,0,70,,26122,1,0,15,0,30,,26121,1,0,15,0,70,,26120,1,0,15,0,30,,26119,1,0,15,0,70,,26117,1,0,15,0,30,,26116,1,0,15,0,70,,26115,1,0,15,0,30,,26118,1,0,15,0,70,,26114,1,0,15,0,30,,26113,1,0,15,0,70,,26107,1,0,15,0,30,,26106,1,0,15,0,70,,26105,1,0,15,0,30,,26104,1,0,15,0,70,,26112,1,0,15,0,30,,26111,1,0,15,0,70,,26110,1,0,15,0,30,,26109,1,0,15,0,100,,26108,1,0,15,0
643503,'1349',730,,26124,1,0,15,0,100,,26125,1,0,15,0,70,,26126,1,0,15,0,30,,26127,1,0,15,0,70,,26128,1,0,15,0,30,,26129,1,0,15,0,70,,26130,1,0,15,0,30,,26131,1,0,15,0,70,,26132,1,0,15,0,30,,26133,1,0,15,0,70,,26134,1,0,15,0,30,,26135,1,0,15,0,70,,26136,1,0,15,0,30,,26137,1,0,15,0,70,,26138,1,0,15,0,30,,26139,1,0,15,0,70,,26140,1,0,15,0,30,,26141,1,0,15,0,70,,26142,1,0,15,0,30,,26143,1,0,15,0,70,,26144,1,0,15,0,30,,26145,1,0,15,0,70,,26146,1,0,15,0,30,,26147,1,0,15,0,100,,26148,1,0,15,0,100,,26149,1,0,15,0,100,,26150,1,0,15,0
643503,'1350',630,,26151,1,0,15,0,70,,26152,1,0,15,0,20,,26153,1,0,15,0,10,,26154,1,0,15,0,10,,26155,1,0,15,0,15,,26156,1,0,15,0,55,,26157,1,0,15,0,15,,26158,1,0,15,0,15,,26159,1,0,15,0,15,,26160,1,0,15,0,65,,26161,1,0,15,0,20,,26162,1,0,15,0,60,,26163,1,0,15,0,20,,26164,1,0,15,0,20,,26165,1,0,15,0,60,,26166,1,0,15,0,20,,26167,1,0,15,0,20,,26168,1,0,15,0,60,,26169,1,0,15,0,20,,26170,1,0,15,0,20,,26171,1,0,15,0,60,,26172,1,0,15,0,20,,26173,1,0,15,0,20,,26174,1,0,15,0,60,,26175,1,0,15,0,20,,26176,1,0,15,0,10,,26177,1,0,15,0,10,,26178,1,0,15,0,60,,26179,1,0,15,0,10,,26180,1,0,15,0,10,,26181,1,0,15,0,20,,26182,1,0,15,0,10,,26183,1,0,15,0,50,,26184,1,0,15,0,20,,26185,1,0,15,0,20,,26186,1,0,15,0,60,,26187,1,0,15,0,20,,26188,1,0,15,0,20,,26189,1,0,15,0,60,,26190,1,0,15,0,20,,26191,1,0,15,0,20,,26192,1,0,15,0,60,,26193,1,0,15,0,30,,26194,1,0,15,0,70,,26195,1,0,15,0,30,,26196,1,0,15,0,70,,26197,1,0,15,0,30,,26198,1,0,15,0,70,,26199,1,0,15,0,30,,26200,1,0,15,0,70,,26201,1,0,15,0,30,,26202,1,0,15,0
643503,'1351',630,,26203,1,0,15,0,70,,26204,1,0,15,0,20,,26205,1,0,15,0,10,,26206,1,0,15,0,10,,26207,1,0,15,0,15,,26208,1,0,15,0,55,,26209,1,0,15,0,15,,26210,1,0,15,0,15,,26211,1,0,15,0,15,,26212,1,0,15,0,65,,26213,1,0,15,0,20,,26214,1,0,15,0,60,,26215,1,0,15,0,20,,26216,1,0,15,0,20,,26217,1,0,15,0,60,,26218,1,0,15,0,20,,26219,1,0,15,0,20,,26220,1,0,15,0,60,,26221,1,0,15,0,20,,26222,1,0,15,0,20,,26223,1,0,15,0,60,,26224,1,0,15,0,20,,26225,1,0,15,0,20,,26226,1,0,15,0,60,,26227,1,0,15,0,20,,26228,1,0,15,0,10,,26229,1,0,15,0,10,,26230,1,0,15,0,60,,26231,1,0,15,0,10,,26232,1,0,15,0,10,,26233,1,0,15,0,20,,26234,1,0,15,0,10,,26235,1,0,15,0,50,,26236,1,0,15,0,20,,26237,1,0,15,0,20,,26238,1,0,15,0,60,,26239,1,0,15,0,20,,26240,1,0,15,0,20,,26241,1,0,15,0,60,,26242,1,0,15,0,20,,26243,1,0,15,0,20,,26244,1,0,15,0,60,,26245,1,0,15,0,30,,26246,1,0,15,0,70,,26247,1,0,15,0,30,,26248,1,0,15,0,70,,26249,1,0,15,0,30,,26250,1,0,15,0,70,,26251,1,0,15,0,30,,26252,1,0,15,0,70,,26253,1,0,15,0,30,,26254,1,0,15,0
643503,'1352',630,,26255,1,0,15,0,70,,26256,1,0,15,0,20,,26257,1,0,15,0,10,,26258,1,0,15,0,10,,26259,1,0,15,0,15,,26260,1,0,15,0,55,,26261,1,0,15,0,15,,26262,1,0,15,0,15,,26263,1,0,15,0,15,,26264,1,0,15,0,65,,26265,1,0,15,0,20,,26266,1,0,15,0,60,,26267,1,0,15,0,20,,26268,1,0,15,0,20,,26269,1,0,15,0,60,,26270,1,0,15,0,20,,26271,1,0,15,0,20,,26272,1,0,15,0,60,,26273,1,0,15,0,20,,26274,1,0,15,0,20,,26275,1,0,15,0,60,,26276,1,0,15,0,20,,26277,1,0,15,0,20,,26278,1,0,15,0,60,,26279,1,0,15,0,20,,26280,1,0,15,0,10,,26281,1,0,15,0,10,,26282,1,0,15,0,60,,26283,1,0,15,0,10,,26284,1,0,15,0,10,,26285,1,0,15,0,20,,26286,1,0,15,0,10,,26287,1,0,15,0,50,,26288,1,0,15,0,20,,26289,1,0,15,0,20,,26290,1,0,15,0,60,,26291,1,0,15,0,20,,26292,1,0,15,0,20,,26293,1,0,15,0,60,,26294,1,0,15,0,20,,26295,1,0,15,0,20,,26296,1,0,15,0,60,,26297,1,0,15,0,30,,26298,1,0,15,0,70,,26299,1,0,15,0,30,,26300,1,0,15,0,70,,26301,1,0,15,0,30,,26302,1,0,15,0,70,,26303,1,0,15,0,30,,26304,1,0,15,0,70,,26305,1,0,15,0,30,,26306,1,0,15,0
643503,'1353',630,,26307,1,0,15,0,70,,26308,1,0,15,0,20,,26309,1,0,15,0,10,,26310,1,0,15,0,10,,26311,1,0,15,0,15,,26312,1,0,15,0,55,,26313,1,0,15,0,15,,26314,1,0,15,0,15,,26315,1,0,15,0,15,,26316,1,0,15,0,65,,26317,1,0,15,0,20,,26318,1,0,15,0,60,,26319,1,0,15,0,20,,26320,1,0,15,0,20,,26321,1,0,15,0,60,,26322,1,0,15,0,20,,26323,1,0,15,0,20,,26324,1,0,15,0,60,,26325,1,0,15,0,20,,26326,1,0,15,0,20,,26327,1,0,15,0,60,,26328,1,0,15,0,20,,26329,1,0,15,0,20,,26330,1,0,15,0,60,,26331,1,0,15,0,20,,26332,1,0,15,0,10,,26333,1,0,15,0,10,,26334,1,0,15,0,60,,26335,1,0,15,0,10,,26336,1,0,15,0,10,,26337,1,0,15,0,20,,26338,1,0,15,0,10,,26339,1,0,15,0,50,,26340,1,0,15,0,20,,26341,1,0,15,0,20,,26342,1,0,15,0,60,,26343,1,0,15,0,20,,26344,1,0,15,0,20,,26345,1,0,15,0,60,,26346,1,0,15,0,20,,26347,1,0,15,0,20,,26348,1,0,15,0,60,,26349,1,0,15,0,30,,26350,1,0,15,0,70,,26351,1,0,15,0,30,,26352,1,0,15,0,70,,26353,1,0,15,0,30,,26354,1,0,15,0,70,,26355,1,0,15,0,30,,26356,1,0,15,0,70,,26357,1,0,15,0,30,,26358,1,0,15,0
643503,'1354',630,,26359,1,0,15,0,70,,26360,1,0,15,0,20,,26361,1,0,15,0,10,,26362,1,0,15,0,10,,26363,1,0,15,0,15,,26364,1,0,15,0,55,,26365,1,0,15,0,15,,26366,1,0,15,0,15,,26367,1,0,15,0,15,,26368,1,0,15,0,65,,26369,1,0,15,0,20,,26370,1,0,15,0,60,,26371,1,0,15,0,20,,26372,1,0,15,0,20,,26373,1,0,15,0,60,,26374,1,0,15,0,20,,26375,1,0,15,0,20,,26376,1,0,15,0,60,,26377,1,0,15,0,20,,26378,1,0,15,0,20,,26379,1,0,15,0,60,,26380,1,0,15,0,20,,26381,1,0,15,0,20,,26382,1,0,15,0,60,,26383,1,0,15,0,20,,26384,1,0,15,0,10,,26385,1,0,15,0,10,,26386,1,0,15,0,60,,26387,1,0,15,0,10,,26388,1,0,15,0,10,,26389,1,0,15,0,20,,26390,1,0,15,0,10,,26391,1,0,15,0,50,,26392,1,0,15,0,20,,26393,1,0,15,0,20,,26394,1,0,15,0,60,,26395,1,0,15,0,20,,26396,1,0,15,0,20,,26397,1,0,15,0,60,,26398,1,0,15,0,20,,26399,1,0,15,0,20,,26400,1,0,15,0,60,,26401,1,0,15,0,30,,26402,1,0,15,0,70,,26403,1,0,15,0,30,,26404,1,0,15,0,70,,26405,1,0,15,0,30,,26406,1,0,15,0,70,,26407,1,0,15,0,30,,26408,1,0,15,0,70,,26409,1,0,15,0,30,,26410,1,0,15,0
643504,'1348',929,,26428,39,4,,0,100,,26427,39,4,,0,30,,26426,39,4,,0,70,,26425,39,4,,0,30,,26424,39,4,,0,70,,26423,39,4,,0,30,,26422,39,4,,0,70,,26421,39,4,,0,30,,26420,39,4,,0,70,,26419,39,4,,0,30,,26418,39,4,,0,70,,26417,39,4,,0,30,,26416,39,4,,0,70,,26415,39,4,,0,30,,26414,39,4,,0,70,,26413,39,4,,0,30,,26412,39,4,,0,70,,26411,39,4,,0,30,,26430,39,4,,0,70,,26429,39,4,,0
643504,'1349',729,,26431,39,4,,0,100,,26432,39,4,,0,100,,26433,39,4,,0,30,,26434,39,4,,0,70,,26435,39,4,,0,30,,26436,39,4,,0,70,,26437,39,4,,0,30,,26438,39,4,,0,70,,26439,39,4,,0,30,,26440,39,4,,0,70,,26441,39,4,,0,30,,26442,39,4,,0,70,,26443,39,4,,0,30,,26444,39,4,,0,70,,26445,39,4,,0,30,,26446,39,4,,0,70,,26447,39,4,,0,30,,26448,39,4,,0,70,,26449,39,4,,0,30,,26450,39,4,,0,70,,26451,39,4,,0,30,,26452,39,4,,0,70,,26453,39,4,,0,30,,26454,39,4,,0,70,,26455,39,4,,0,100,,26456,39,4,,0,100,,26457,39,4,,0
643504,'1350',629,,26458,39,4,,0,30,,26459,39,4,,0,60,,26460,39,4,,0,17,,26461,39,4,,0,15,,26462,39,4,,0,55,,26463,39,4,,0,15,,26464,39,4,,0,15,,26465,39,4,,0,15,,26466,39,4,,0,55,,26467,39,4,,0,13,,26468,39,4,,0,17,,26469,39,4,,0,20,,26470,39,4,,0,60,,26471,39,4,,0,20,,26472,39,4,,0,20,,26473,39,4,,0,60,,26474,39,4,,0,20,,26475,39,4,,0,20,,26476,39,4,,0,60,,26477,39,4,,0,20,,26478,39,4,,0,20,,26479,39,4,,0,60,,26480,39,4,,0,20,,26481,39,4,,0,20,,26482,39,4,,0,60,,26483,39,4,,0,20,,26484,39,4,,0,20,,26485,39,4,,0,50,,26486,39,4,,0,10,,26487,39,4,,0,20,,26488,39,4,,0,10,,26489,39,4,,0,10,,26490,39,4,,0,60,,26491,39,4,,0,10,,26492,39,4,,0,10,,26493,39,4,,0,20,,26494,39,4,,0,60,,26495,39,4,,0,20,,26496,39,4,,0,20,,26497,39,4,,0,60,,26498,39,4,,0,20,,26499,39,4,,0,20,,26500,39,4,,0,60,,26501,39,4,,0,13,,26502,39,4,,0,30,,26503,39,4,,0,70,,26504,39,4,,0,30,,26505,39,4,,0,70,,26506,39,4,,0,30,,26507,39,4,,0,70,,26508,39,4,,0,30,,26509,39,4,,0,70,,26510,39,4,,0
643504,'1351',629,,26511,39,4,,0,30,,26512,39,4,,0,60,,26513,39,4,,0,17,,26514,39,4,,0,15,,26515,39,4,,0,55,,26516,39,4,,0,15,,26517,39,4,,0,15,,26518,39,4,,0,15,,26519,39,4,,0,55,,26520,39,4,,0,13,,26521,39,4,,0,17,,26522,39,4,,0,20,,26523,39,4,,0,60,,26524,39,4,,0,20,,26525,39,4,,0,20,,26526,39,4,,0,60,,26527,39,4,,0,20,,26528,39,4,,0,20,,26529,39,4,,0,60,,26530,39,4,,0,20,,26531,39,4,,0,20,,26532,39,4,,0,60,,26533,39,4,,0,20,,26534,39,4,,0,20,,26535,39,4,,0,60,,26536,39,4,,0,20,,26537,39,4,,0,20,,26538,39,4,,0,50,,26539,39,4,,0,10,,26540,39,4,,0,20,,26541,39,4,,0,10,,26542,39,4,,0,10,,26543,39,4,,0,60,,26544,39,4,,0,10,,26545,39,4,,0,10,,26546,39,4,,0,20,,26547,39,4,,0,60,,26548,39,4,,0,20,,26549,39,4,,0,20,,26550,39,4,,0,60,,26551,39,4,,0,20,,26552,39,4,,0,20,,26553,39,4,,0,60,,26554,39,4,,0,13,,26555,39,4,,0,30,,26556,39,4,,0,70,,26557,39,4,,0,30,,26558,39,4,,0,70,,26559,39,4,,0,30,,26560,39,4,,0,70,,26561,39,4,,0,30,,26562,39,4,,0,70,,26563,39,4,,0
643504,'1352',629,,26564,39,4,,0,30,,26565,39,4,,0,60,,26566,39,4,,0,17,,26567,39,4,,0,15,,26568,39,4,,0,55,,26569,39,4,,0,15,,26570,39,4,,0,15,,26571,39,4,,0,15,,26572,39,4,,0,55,,26573,39,4,,0,13,,26574,39,4,,0,17,,26575,39,4,,0,20,,26576,39,4,,0,60,,26577,39,4,,0,20,,26578,39,4,,0,20,,26579,39,4,,0,60,,26580,39,4,,0,20,,26581,39,4,,0,20,,26582,39,4,,0,60,,26583,39,4,,0,20,,26584,39,4,,0,20,,26585,39,4,,0,60,,26586,39,4,,0,20,,26587,39,4,,0,20,,26588,39,4,,0,60,,26589,39,4,,0,20,,26590,39,4,,0,20,,26591,39,4,,0,50,,26592,39,4,,0,10,,26593,39,4,,0,20,,26594,39,4,,0,10,,26595,39,4,,0,10,,26596,39,4,,0,60,,26597,39,4,,0,10,,26598,39,4,,0,10,,26599,39,4,,0,20,,26600,39,4,,0,60,,26601,39,4,,0,20,,26602,39,4,,0,20,,26603,39,4,,0,60,,26604,39,4,,0,20,,26605,39,4,,0,20,,26606,39,4,,0,60,,26607,39,4,,0,13,,26608,39,4,,0,30,,26609,39,4,,0,70,,26610,39,4,,0,30,,26611,39,4,,0,70,,26612,39,4,,0,30,,26613,39,4,,0,70,,26614,39,4,,0,30,,26615,39,4,,0,70,,26616,39,4,,0
643504,'1353',629,,26617,39,4,,0,30,,26618,39,4,,0,60,,26619,39,4,,0,17,,26620,39,4,,0,15,,26621,39,4,,0,55,,26622,39,4,,0,15,,26623,39,4,,0,15,,26624,39,4,,0,15,,26625,39,4,,0,55,,26626,39,4,,0,13,,26627,39,4,,0,17,,26628,39,4,,0,20,,26629,39,4,,0,60,,26630,39,4,,0,20,,26631,39,4,,0,20,,26632,39,4,,0,60,,26633,39,4,,0,20,,26634,39,4,,0,20,,26635,39,4,,0,60,,26636,39,4,,0,20,,26637,39,4,,0,20,,26638,39,4,,0,60,,26639,39,4,,0,20,,26640,39,4,,0,20,,26641,39,4,,0,60,,26642,39,4,,0,20,,26643,39,4,,0,20,,26644,39,4,,0,50,,26645,39,4,,0,10,,26646,39,4,,0,20,,26647,39,4,,0,10,,26648,39,4,,0,10,,26649,39,4,,0,60,,26650,39,4,,0,10,,26651,39,4,,0,10,,26652,39,4,,0,20,,26653,39,4,,0,60,,26654,39,4,,0,20,,26655,39,4,,0,20,,26656,39,4,,0,60,,26657,39,4,,0,20,,26658,39,4,,0,20,,26659,39,4,,0,60,,26660,39,4,,0,13,,26661,39,4,,0,30,,26662,39,4,,0,70,,26663,39,4,,0,30,,26664,39,4,,0,70,,26665,39,4,,0,30,,26666,39,4,,0,70,,26667,39,4,,0,30,,26668,39,4,,0,70,,26669,39,4,,0
643504,'1354',629,,26670,39,4,,0,30,,26671,39,4,,0,60,,26672,39,4,,0,17,,26673,39,4,,0,15,,26674,39,4,,0,55,,26675,39,4,,0,15,,26676,39,4,,0,15,,26677,39,4,,0,15,,26678,39,4,,0,55,,26679,39,4,,0,13,,26680,39,4,,0,17,,26681,39,4,,0,20,,26682,39,4,,0,60,,26683,39,4,,0,20,,26684,39,4,,0,20,,26685,39,4,,0,60,,26686,39,4,,0,20,,26687,39,4,,0,20,,26688,39,4,,0,60,,26689,39,4,,0,20,,26690,39,4,,0,20,,26691,39,4,,0,60,,26692,39,4,,0,20,,26693,39,4,,0,20,,26694,39,4,,0,60,,26695,39,4,,0,20,,26696,39,4,,0,20,,26697,39,4,,0,50,,26698,39,4,,0,10,,26699,39,4,,0,20,,26700,39,4,,0,10,,26701,39,4,,0,10,,26702,39,4,,0,60,,26703,39,4,,0,10,,26704,39,4,,0,10,,26705,39,4,,0,20,,26706,39,4,,0,60,,26707,39,4,,0,20,,26708,39,4,,0,20,,26709,39,4,,0,60,,26710,39,4,,0,20,,26711,39,4,,0,20,,26712,39,4,,0,60,,26713,39,4,,0,13,,26714,39,4,,0,30,,26715,39,4,,0,70,,26716,39,4,,0,30,,26717,39,4,,0,70,,26718,39,4,,0,30,,26719,39,4,,0,70,,26720,39,4,,0,30,,26721,39,4,,0,70,,26722,39,4,,0
647703,'1348',930,,26741,1,0,15,0,70,,26740,1,0,15,0,30,,26739,1,0,15,0,70,,26738,1,0,15,0,30,,26737,1,0,15,0,70,,26736,1,0,15,0,30,,26735,1,0,15,0,70,,26734,1,0,15,0,30,,26733,1,0,15,0,70,,26732,1,0,15,0,30,,26731,1,0,15,0,70,,26730,1,0,15,0,30,,26729,1,0,15,0,70,,26728,1,0,15,0,30,,26727,1,0,15,0,70,,26726,1,0,15,0,30,,26725,1,0,15,0,100,,26724,1,0,15,0,100,,26723,1,0,15,0
647703,'1349',830,,26742,1,0,15,0,70,,26743,1,0,15,0,30,,26744,1,0,15,0,70,,26745,1,0,15,0,30,,26746,1,0,15,0,70,,26747,1,0,15,0,30,,26748,1,0,15,0,70,,26749,1,0,15,0,30,,26750,1,0,15,0,70,,26751,1,0,15,0,30,,26752,1,0,15,0,70,,26753,1,0,15,0,30,,26754,1,0,15,0,70,,26755,1,0,15,0,30,,26756,1,0,15,0,70,,26757,1,0,15,0,30,,26758,1,0,15,0,70,,26759,1,0,15,0,30,,26760,1,0,15,0,70,,26761,1,0,15,0,30,,26762,1,0,15,0,70,,26763,1,0,15,0,30,,26764,1,0,15,0,100,,26765,1,0,15,0,100,,26766,1,0,15,0,100,,26767,1,0,15,0
647703,'1350',630,,26768,1,0,15,0,70,,26769,1,0,15,0,30,,26770,1,0,15,0,70,,26771,1,0,15,0,30,,26772,1,0,15,0,70,,26773,1,0,15,0,30,,26774,1,0,15,0,70,,26775,1,0,15,0,30,,26776,1,0,15,0,70,,26777,1,0,15,0,30,,26778,1,0,15,0,70,,26779,1,0,15,0,30,,26780,1,0,15,0,70,,26781,1,0,15,0,30,,26782,1,0,15,0,70,,26783,1,0,15,0,30,,26784,1,0,15,0,70,,26785,1,0,15,0,30,,26786,1,0,15,0,70,,26787,1,0,15,0,30,,26788,1,0,15,0,70,,26789,1,0,15,0,30,,26790,1,0,15,0,70,,26791,1,0,15,0,30,,26792,1,0,15,0,70,,26793,1,0,15,0,30,,26794,1,0,15,0,70,,26795,1,0,15,0,30,,26796,1,0,15,0,100,,26797,1,0,15,0,100,,26798,1,0,15,0,100,,26799,1,0,15,0
647703,'1351',630,,26800,1,0,15,0,70,,26801,1,0,15,0,30,,26802,1,0,15,0,70,,26803,1,0,15,0,30,,26804,1,0,15,0,70,,26805,1,0,15,0,30,,26806,1,0,15,0,70,,26807,1,0,15,0,30,,26808,1,0,15,0,70,,26809,1,0,15,0,30,,26810,1,0,15,0,70,,26811,1,0,15,0,30,,26812,1,0,15,0,70,,26813,1,0,15,0,30,,26814,1,0,15,0,70,,26815,1,0,15,0,30,,26816,1,0,15,0,70,,26817,1,0,15,0,30,,26818,1,0,15,0,70,,26819,1,0,15,0,30,,26820,1,0,15,0,70,,26821,1,0,15,0,30,,26822,1,0,15,0,70,,26823,1,0,15,0,30,,26824,1,0,15,0,70,,26825,1,0,15,0,30,,26826,1,0,15,0,70,,26827,1,0,15,0,30,,26828,1,0,15,0,100,,26829,1,0,15,0,100,,26830,1,0,15,0,100,,26831,1,0,15,0
647703,'1352',630,,26832,1,0,15,0,70,,26833,1,0,15,0,30,,26834,1,0,15,0,70,,26835,1,0,15,0,30,,26836,1,0,15,0,70,,26837,1,0,15,0,30,,26838,1,0,15,0,70,,26839,1,0,15,0,30,,26840,1,0,15,0,70,,26841,1,0,15,0,30,,26842,1,0,15,0,70,,26843,1,0,15,0,30,,26844,1,0,15,0,70,,26845,1,0,15,0,30,,26846,1,0,15,0,70,,26847,1,0,15,0,30,,26848,1,0,15,0,70,,26849,1,0,15,0,30,,26850,1,0,15,0,70,,26851,1,0,15,0,30,,26852,1,0,15,0,70,,26853,1,0,15,0,30,,26854,1,0,15,0,70,,26855,1,0,15,0,30,,26856,1,0,15,0,70,,26857,1,0,15,0,30,,26858,1,0,15,0,70,,26859,1,0,15,0,30,,26860,1,0,15,0,100,,26861,1,0,15,0,100,,26862,1,0,15,0,100,,26863,1,0,15,0
647703,'1353',630,,26864,1,0,15,0,70,,26865,1,0,15,0,30,,26866,1,0,15,0,70,,26867,1,0,15,0,30,,26868,1,0,15,0,70,,26869,1,0,15,0,30,,26870,1,0,15,0,70,,26871,1,0,15,0,30,,26872,1,0,15,0,70,,26873,1,0,15,0,30,,26874,1,0,15,0,70,,26875,1,0,15,0,30,,26876,1,0,15,0,70,,26877,1,0,15,0,30,,26878,1,0,15,0,70,,26879,1,0,15,0,30,,26880,1,0,15,0,70,,26881,1,0,15,0,30,,26882,1,0,15,0,70,,26883,1,0,15,0,30,,26884,1,0,15,0,70,,26885,1,0,15,0,30,,26886,1,0,15,0,70,,26887,1,0,15,0,30,,26888,1,0,15,0,70,,26889,1,0,15,0,30,,26890,1,0,15,0,70,,26891,1,0,15,0,30,,26892,1,0,15,0,100,,26893,1,0,15,0,100,,26894,1,0,15,0,100,,26895,1,0,15,0
647703,'1354',630,,26896,1,0,15,0,70,,26897,1,0,15,0,30,,26898,1,0,15,0,70,,26899,1,0,15,0,30,,26900,1,0,15,0,70,,26901,1,0,15,0,30,,26902,1,0,15,0,70,,26903,1,0,15,0,30,,26904,1,0,15,0,70,,26905,1,0,15,0,30,,26906,1,0,15,0,70,,26907,1,0,15,0,30,,26908,1,0,15,0,70,,26909,1,0,15,0,30,,26910,1,0,15,0,70,,26911,1,0,15,0,30,,26912,1,0,15,0,70,,26913,1,0,15,0,30,,26914,1,0,15,0,70,,26915,1,0,15,0,30,,26916,1,0,15,0,70,,26917,1,0,15,0,30,,26918,1,0,15,0,70,,26919,1,0,15,0,30,,26920,1,0,15,0,70,,26921,1,0,15,0,30,,26922,1,0,15,0,70,,26923,1,0,15,0,30,,26924,1,0,15,0,100,,26925,1,0,15,0,100,,26926,1,0,15,0,100,,26927,1,0,15,0
647704,'1348',928,,26946,36,4,,0,100,,26945,36,4,,0,30,,26944,36,4,,0,70,,26943,36,4,,0,30,,26942,36,4,,0,70,,26941,36,4,,0,30,,26940,36,4,,0,70,,26939,36,4,,0,30,,26938,36,4,,0,70,,26937,36,4,,0,30,,26936,36,4,,0,70,,26935,36,4,,0,30,,26934,36,4,,0,70,,26933,36,4,,0,30,,26932,36,4,,0,70,,26931,36,4,,0,30,,26930,36,4,,0,70,,26929,36,4,,0,100,,26928,36,4,,0
647704,'1349',828,,26947,36,4,,0,100,,26948,36,4,,0,30,,26949,36,4,,0,70,,26950,36,4,,0,30,,26951,36,4,,0,70,,26952,36,4,,0,30,,26953,36,4,,0,70,,26954,36,4,,0,30,,26955,36,4,,0,70,,26956,36,4,,0,30,,26957,36,4,,0,70,,26958,36,4,,0,30,,26959,36,4,,0,70,,26960,36,4,,0,30,,26961,36,4,,0,70,,26962,36,4,,0,30,,26963,36,4,,0,70,,26964,36,4,,0,30,,26965,36,4,,0,70,,26966,36,4,,0,30,,26967,36,4,,0,70,,26968,36,4,,0,30,,26969,36,4,,0,70,,26970,36,4,,0,100,,26971,36,4,,0,100,,26972,36,4,,0
647704,'1350',628,,26973,36,4,,0,100,,26974,36,4,,0,30,,26975,36,4,,0,70,,26976,36,4,,0,30,,26977,36,4,,0,70,,26978,36,4,,0,30,,26979,36,4,,0,70,,26980,36,4,,0,30,,26981,36,4,,0,70,,26982,36,4,,0,30,,26983,36,4,,0,70,,26984,36,4,,0,30,,26985,36,4,,0,70,,26986,36,4,,0,30,,26987,36,4,,0,70,,26988,36,4,,0,30,,26989,36,4,,0,70,,26990,36,4,,0,30,,26991,36,4,,0,70,,26992,36,4,,0,30,,26993,36,4,,0,70,,26994,36,4,,0,30,,26995,36,4,,0,70,,26996,36,4,,0,30,,26997,36,4,,0,70,,26998,36,4,,0,30,,26999,36,4,,0,70,,27000,36,4,,0,30,,27001,36,4,,0,70,,27002,36,4,,0,100,,27003,36,4,,0,100,,27004,36,4,,0
647704,'1351',628,,27005,36,4,,0,100,,27006,36,4,,0,30,,27007,36,4,,0,70,,27008,36,4,,0,30,,27009,36,4,,0,70,,27010,36,4,,0,30,,27011,36,4,,0,70,,27012,36,4,,0,30,,27013,36,4,,0,70,,27014,36,4,,0,30,,27015,36,4,,0,70,,27016,36,4,,0,30,,27017,36,4,,0,70,,27018,36,4,,0,30,,27019,36,4,,0,70,,27020,36,4,,0,30,,27021,36,4,,0,70,,27022,36,4,,0,30,,27023,36,4,,0,70,,27024,36,4,,0,30,,27025,36,4,,0,70,,27026,36,4,,0,30,,27027,36,4,,0,70,,27028,36,4,,0,30,,27029,36,4,,0,70,,27030,36,4,,0,30,,27031,36,4,,0,70,,27032,36,4,,0,30,,27033,36,4,,0,70,,27034,36,4,,0,100,,27035,36,4,,0,100,,27036,36,4,,0
647704,'1352',628,,27037,36,4,,0,100,,27038,36,4,,0,30,,27039,36,4,,0,70,,27040,36,4,,0,30,,27041,36,4,,0,70,,27042,36,4,,0,30,,27043,36,4,,0,70,,27044,36,4,,0,30,,27045,36,4,,0,70,,27046,36,4,,0,30,,27047,36,4,,0,70,,27048,36,4,,0,30,,27049,36,4,,0,70,,27050,36,4,,0,30,,27051,36,4,,0,70,,27052,36,4,,0,30,,27053,36,4,,0,70,,27054,36,4,,0,30,,27055,36,4,,0,70,,27056,36,4,,0,30,,27057,36,4,,0,70,,27058,36,4,,0,30,,27059,36,4,,0,70,,27060,36,4,,0,30,,27061,36,4,,0,70,,27062,36,4,,0,30,,27063,36,4,,0,70,,27064,36,4,,0,30,,27065,36,4,,0,70,,27066,36,4,,0,100,,27067,36,4,,0,100,,27068,36,4,,0
647704,'1353',628,,27069,36,4,,0,100,,27070,36,4,,0,30,,27071,36,4,,0,70,,27072,36,4,,0,30,,27073,36,4,,0,70,,27074,36,4,,0,30,,27075,36,4,,0,70,,27076,36,4,,0,30,,27077,36,4,,0,70,,27078,36,4,,0,30,,27079,36,4,,0,70,,27080,36,4,,0,30,,27081,36,4,,0,70,,27082,36,4,,0,30,,27083,36,4,,0,70,,27084,36,4,,0,30,,27085,36,4,,0,70,,27086,36,4,,0,30,,27087,36,4,,0,70,,27088,36,4,,0,30,,27089,36,4,,0,70,,27090,36,4,,0,30,,27091,36,4,,0,70,,27092,36,4,,0,30,,27093,36,4,,0,70,,27094,36,4,,0,30,,27095,36,4,,0,70,,27096,36,4,,0,30,,27097,36,4,,0,70,,27098,36,4,,0,100,,27099,36,4,,0,100,,27100,36,4,,0
647704,'1354',628,,27101,36,4,,0,100,,27102,36,4,,0,30,,27103,36,4,,0,70,,27104,36,4,,0,30,,27105,36,4,,0,70,,27106,36,4,,0,30,,27107,36,4,,0,70,,27108,36,4,,0,30,,27109,36,4,,0,70,,27110,36,4,,0,30,,27111,36,4,,0,70,,27112,36,4,,0,30,,27113,36,4,,0,70,,27114,36,4,,0,30,,27115,36,4,,0,70,,27116,36,4,,0,30,,27117,36,4,,0,70,,27118,36,4,,0,30,,27119,36,4,,0,70,,27120,36,4,,0,30,,27121,36,4,,0,70,,27122,36,4,,0,30,,27123,36,4,,0,70,,27124,36,4,,0,30,,27125,36,4,,0,70,,27126,36,4,,0,30,,27127,36,4,,0,70,,27128,36,4,,0,30,,27129,36,4,,0,70,,27130,36,4,,0,100,,27131,36,4,,0,100,,27132,36,4,,0
721203,'1348',944,,27146,1,0,15,0,85,,27145,1,0,15,0,85,,27144,1,0,15,0,45,,27143,1,0,15,0,85,,27142,1,0,15,0,85,,27141,1,0,15,0,85,,27140,1,0,15,0,45,,27139,1,0,15,0,85,,27138,1,0,15,0,85,,27137,1,0,15,0,85,,27136,1,0,15,0,45,,27135,1,0,15,0,85,,27134,1,0,15,0,85,,27133,1,0,15,0
721203,'1349',644,,27147,1,0,15,0,85,,27148,1,0,15,0,85,,27149,1,0,15,0,45,,27150,1,0,15,0,85,,27151,1,0,15,0,85,,27152,1,0,15,0,30,,27153,1,0,15,0,70,,27154,1,0,15,0,30,,27155,1,0,15,0,70,,27156,1,0,15,0,30,,27157,1,0,15,0,70,,27158,1,0,15,0,30,,27159,1,0,15,0,70,,27160,1,0,15,0,30,,27161,1,0,15,0,70,,27162,1,0,15,0,30,,27163,1,0,15,0,70,,27164,1,0,15,0,30,,27165,1,0,15,0,70,,27166,1,0,15,0,30,,27167,1,0,15,0,70,,27168,1,0,15,0,85,,27169,1,0,15,0,45,,27170,1,0,15,0,85,,27171,1,0,15,0,85,,27172,1,0,15,0,85,,27173,1,0,15,0,45,,27174,1,0,15,0
721203,'1350',614,,27175,1,0,15,0,30,,27176,1,0,15,0,70,,27177,1,0,15,0,30,,27178,1,0,15,0,15,,27179,1,0,15,0,55,,27180,1,0,15,0,15,,27181,1,0,15,0,15,,27182,1,0,15,0,70,,27183,1,0,15,0,30,,27184,1,0,15,0,70,,27185,1,0,15,0,30,,27186,1,0,15,0,70,,27187,1,0,15,0,30,,27188,1,0,15,0,70,,27189,1,0,15,0,30,,27190,1,0,15,0,70,,27191,1,0,15,0,30,,27192,1,0,15,0,70,,27193,1,0,15,0,30,,27194,1,0,15,0,15,,27195,1,0,15,0,55,,27196,1,0,15,0,15,,27197,1,0,15,0,15,,27198,1,0,15,0,70,,27199,1,0,15,0,30,,27200,1,0,15,0,70,,27201,1,0,15,0,30,,27202,1,0,15,0,70,,27203,1,0,15,0,30,,27204,1,0,15,0,85,,27205,1,0,15,0,85,,27206,1,0,15,0,45,,27207,1,0,15,0,85,,27208,1,0,15,0,85,,27209,1,0,15,0,85,,27210,1,0,15,0
721203,'1351',614,,27211,1,0,15,0,30,,27212,1,0,15,0,70,,27213,1,0,15,0,30,,27214,1,0,15,0,15,,27215,1,0,15,0,55,,27216,1,0,15,0,15,,27217,1,0,15,0,15,,27218,1,0,15,0,70,,27219,1,0,15,0,30,,27220,1,0,15,0,70,,27221,1,0,15,0,30,,27222,1,0,15,0,70,,27223,1,0,15,0,30,,27224,1,0,15,0,70,,27225,1,0,15,0,30,,27226,1,0,15,0,70,,27227,1,0,15,0,30,,27228,1,0,15,0,70,,27229,1,0,15,0,30,,27230,1,0,15,0,15,,27231,1,0,15,0,55,,27232,1,0,15,0,15,,27233,1,0,15,0,15,,27234,1,0,15,0,70,,27235,1,0,15,0,30,,27236,1,0,15,0,70,,27237,1,0,15,0,30,,27238,1,0,15,0,70,,27239,1,0,15,0,30,,27240,1,0,15,0,85,,27241,1,0,15,0,85,,27242,1,0,15,0,45,,27243,1,0,15,0,85,,27244,1,0,15,0,85,,27245,1,0,15,0,85,,27246,1,0,15,0
721203,'1352',614,,27247,1,0,15,0,30,,27248,1,0,15,0,70,,27249,1,0,15,0,30,,27250,1,0,15,0,15,,27251,1,0,15,0,55,,27252,1,0,15,0,15,,27253,1,0,15,0,15,,27254,1,0,15,0,70,,27255,1,0,15,0,30,,27256,1,0,15,0,70,,27257,1,0,15,0,30,,27258,1,0,15,0,70,,27259,1,0,15,0,30,,27260,1,0,15,0,70,,27261,1,0,15,0,30,,27262,1,0,15,0,70,,27263,1,0,15,0,30,,27264,1,0,15,0,70,,27265,1,0,15,0,30,,27266,1,0,15,0,15,,27267,1,0,15,0,55,,27268,1,0,15,0,15,,27269,1,0,15,0,15,,27270,1,0,15,0,70,,27271,1,0,15,0,30,,27272,1,0,15,0,70,,27273,1,0,15,0,30,,27274,1,0,15,0,70,,27275,1,0,15,0,30,,27276,1,0,15,0,85,,27277,1,0,15,0,85,,27278,1,0,15,0,45,,27279,1,0,15,0,85,,27280,1,0,15,0,85,,27281,1,0,15,0,85,,27282,1,0,15,0
721203,'1353',614,,27283,1,0,15,0,30,,27284,1,0,15,0,70,,27285,1,0,15,0,30,,27286,1,0,15,0,15,,27287,1,0,15,0,55,,27288,1,0,15,0,15,,27289,1,0,15,0,15,,27290,1,0,15,0,70,,27291,1,0,15,0,30,,27292,1,0,15,0,70,,27293,1,0,15,0,30,,27294,1,0,15,0,70,,27295,1,0,15,0,30,,27296,1,0,15,0,70,,27297,1,0,15,0,30,,27298,1,0,15,0,70,,27299,1,0,15,0,30,,27300,1,0,15,0,70,,27301,1,0,15,0,30,,27302,1,0,15,0,15,,27303,1,0,15,0,55,,27304,1,0,15,0,15,,27305,1,0,15,0,15,,27306,1,0,15,0,70,,27307,1,0,15,0,30,,27308,1,0,15,0,70,,27309,1,0,15,0,30,,27310,1,0,15,0,70,,27311,1,0,15,0,30,,27312,1,0,15,0,85,,27313,1,0,15,0,85,,27314,1,0,15,0,45,,27315,1,0,15,0,85,,27316,1,0,15,0,85,,27317,1,0,15,0,85,,27318,1,0,15,0
721203,'1354',614,,27319,1,0,15,0,30,,27320,1,0,15,0,70,,27321,1,0,15,0,30,,27322,1,0,15,0,15,,27323,1,0,15,0,55,,27324,1,0,15,0,15,,27325,1,0,15,0,15,,27326,1,0,15,0,70,,27327,1,0,15,0,30,,27328,1,0,15,0,70,,27329,1,0,15,0,30,,27330,1,0,15,0,70,,27331,1,0,15,0,30,,27332,1,0,15,0,70,,27333,1,0,15,0,30,,27334,1,0,15,0,70,,27335,1,0,15,0,30,,27336,1,0,15,0,70,,27337,1,0,15,0,30,,27338,1,0,15,0,15,,27339,1,0,15,0,55,,27340,1,0,15,0,15,,27341,1,0,15,0,15,,27342,1,0,15,0,70,,27343,1,0,15,0,30,,27344,1,0,15,0,70,,27345,1,0,15,0,30,,27346,1,0,15,0,70,,27347,1,0,15,0,30,,27348,1,0,15,0,85,,27349,1,0,15,0,85,,27350,1,0,15,0,45,,27351,1,0,15,0,85,,27352,1,0,15,0,85,,27353,1,0,15,0,85,,27354,1,0,15,0
721204,'1348',942,,27368,54,4,,0,85,,27367,54,4,,0,85,,27366,54,4,,0,45,,27365,54,4,,0,85,,27364,54,4,,0,85,,27363,54,4,,0,85,,27362,54,4,,0,45,,27361,54,4,,0,85,,27360,54,4,,0,85,,27359,54,4,,0,85,,27358,54,4,,0,45,,27357,54,4,,0,85,,27356,54,4,,0,85,,27355,54,4,,0
721204,'1349',642,,27369,54,4,,0,85,,27370,54,4,,0,85,,27371,54,4,,0,45,,27372,54,4,,0,85,,27373,54,4,,0,85,,27374,54,4,,0,30,,27375,54,4,,0,70,,27376,54,4,,0,30,,27377,54,4,,0,70,,27378,54,4,,0,30,,27379,54,4,,0,70,,27380,54,4,,0,30,,27381,54,4,,0,70,,27382,54,4,,0,30,,27383,54,4,,0,70,,27384,54,4,,0,30,,27385,54,4,,0,70,,27386,54,4,,0,30,,27387,54,4,,0,70,,27388,54,4,,0,30,,27389,54,4,,0,70,,27390,54,4,,0,85,,27391,54,4,,0,45,,27392,54,4,,0,85,,27393,54,4,,0,85,,27394,54,4,,0,85,,27395,54,4,,0,45,,27396,54,4,,0
721204,'1350',642,,27397,54,4,,0,70,,27398,54,4,,0,30,,27399,54,4,,0,15,,27400,54,4,,0,55,,27401,54,4,,0,15,,27402,54,4,,0,15,,27403,54,4,,0,70,,27404,54,4,,0,30,,27405,54,4,,0,70,,27406,54,4,,0,30,,27407,54,4,,0,70,,27408,54,4,,0,30,,27409,54,4,,0,70,,27410,54,4,,0,30,,27411,54,4,,0,70,,27412,54,4,,0,30,,27413,54,4,,0,70,,27414,54,4,,0,30,,27415,54,4,,0,15,,27416,54,4,,0,55,,27417,54,4,,0,15,,27418,54,4,,0,15,,27419,54,4,,0,70,,27420,54,4,,0,30,,27421,54,4,,0,70,,27422,54,4,,0,30,,27423,54,4,,0,70,,27424,54,4,,0,30,,27425,54,4,,0,85,,27426,54,4,,0,85,,27427,54,4,,0,45,,27428,54,4,,0,85,,27429,54,4,,0,85,,27430,54,4,,0,85,,27431,54,4,,0
721204,'1351',642,,27432,54,4,,0,70,,27433,54,4,,0,30,,27434,54,4,,0,15,,27435,54,4,,0,55,,27436,54,4,,0,15,,27437,54,4,,0,15,,27438,54,4,,0,70,,27439,54,4,,0,30,,27440,54,4,,0,70,,27441,54,4,,0,30,,27442,54,4,,0,70,,27443,54,4,,0,30,,27444,54,4,,0,70,,27445,54,4,,0,30,,27446,54,4,,0,70,,27447,54,4,,0,30,,27448,54,4,,0,70,,27449,54,4,,0,30,,27450,54,4,,0,15,,27451,54,4,,0,55,,27452,54,4,,0,15,,27453,54,4,,0,15,,27454,54,4,,0,70,,27455,54,4,,0,30,,27456,54,4,,0,70,,27457,54,4,,0,30,,27458,54,4,,0,70,,27459,54,4,,0,30,,27460,54,4,,0,85,,27461,54,4,,0,85,,27462,54,4,,0,45,,27463,54,4,,0,85,,27464,54,4,,0,85,,27465,54,4,,0,85,,27466,54,4,,0
721204,'1352',642,,27467,54,4,,0,70,,27468,54,4,,0,30,,27469,54,4,,0,15,,27470,54,4,,0,55,,27471,54,4,,0,15,,27472,54,4,,0,15,,27473,54,4,,0,70,,27474,54,4,,0,30,,27475,54,4,,0,70,,27476,54,4,,0,30,,27477,54,4,,0,70,,27478,54,4,,0,30,,27479,54,4,,0,70,,27480,54,4,,0,30,,27481,54,4,,0,70,,27482,54,4,,0,30,,27483,54,4,,0,70,,27484,54,4,,0,30,,27485,54,4,,0,15,,27486,54,4,,0,55,,27487,54,4,,0,15,,27488,54,4,,0,15,,27489,54,4,,0,70,,27490,54,4,,0,30,,27491,54,4,,0,70,,27492,54,4,,0,30,,27493,54,4,,0,70,,27494,54,4,,0,30,,27495,54,4,,0,85,,27496,54,4,,0,85,,27497,54,4,,0,45,,27498,54,4,,0,85,,27499,54,4,,0,85,,27500,54,4,,0,85,,27501,54,4,,0
721204,'1353',642,,27502,54,4,,0,70,,27503,54,4,,0,30,,27504,54,4,,0,15,,27505,54,4,,0,55,,27506,54,4,,0,15,,27507,54,4,,0,15,,27508,54,4,,0,70,,27509,54,4,,0,30,,27510,54,4,,0,70,,27511,54,4,,0,30,,27512,54,4,,0,70,,27513,54,4,,0,30,,27514,54,4,,0,70,,27515,54,4,,0,30,,27516,54,4,,0,70,,27517,54,4,,0,30,,27518,54,4,,0,70,,27519,54,4,,0,30,,27520,54,4,,0,15,,27521,54,4,,0,55,,27522,54,4,,0,15,,27523,54,4,,0,15,,27524,54,4,,0,70,,27525,54,4,,0,30,,27526,54,4,,0,70,,27527,54,4,,0,30,,27528,54,4,,0,70,,27529,54,4,,0,30,,27530,54,4,,0,85,,27531,54,4,,0,85,,27532,54,4,,0,45,,27533,54,4,,0,85,,27534,54,4,,0,85,,27535,54,4,,0,85,,27536,54,4,,0
721204,'1354',642,,27537,54,4,,0,70,,27538,54,4,,0,30,,27539,54,4,,0,15,,27540,54,4,,0,55,,27541,54,4,,0,15,,27542,54,4,,0,15,,27543,54,4,,0,70,,27544,54,4,,0,30,,27545,54,4,,0,70,,27546,54,4,,0,30,,27547,54,4,,0,70,,27548,54,4,,0,30,,27549,54,4,,0,70,,27550,54,4,,0,30,,27551,54,4,,0,70,,27552,54,4,,0,30,,27553,54,4,,0,70,,27554,54,4,,0,30,,27555,54,4,,0,15,,27556,54,4,,0,55,,27557,54,4,,0,15,,27558,54,4,,0,15,,27559,54,4,,0,70,,27560,54,4,,0,30,,27561,54,4,,0,70,,27562,54,4,,0,30,,27563,54,4,,0,70,,27564,54,4,,0,30,,27565,54,4,,0,85,,27566,54,4,,0,85,,27567,54,4,,0,45,,27568,54,4,,0,85,,27569,54,4,,0,85,,27570,54,4,,0,85,,27571,54,4,,0
721501,'1348',929,,28342,27,0,17,0,100,,28341,27,0,17,0,100,,28333,27,0,17,0,100,,28332,27,0,17,0,100,,28338,27,0,17,0,100,,28337,27,0,17,0,100,,28336,27,0,17,0,100,,28335,27,0,17,0,100,,28334,27,0,17,0,100,,28340,27,0,17,0,100,,28339,27,0,17,0
721501,'1349',729,,28343,27,0,17,0,100,,28344,27,0,17,0,100,,28345,27,0,17,0,100,,28346,27,0,17,0,100,,28347,27,0,17,0,100,,28348,27,0,17,0,30,,28349,27,0,17,0,70,,28350,27,0,17,0,30,,28351,27,0,17,0,70,,28352,27,0,17,0,30,,28353,27,0,17,0,70,,28354,27,0,17,0,30,,28355,27,0,17,0,70,,28356,27,0,17,0,30,,28357,27,0,17,0,70,,28358,27,0,17,0,30,,28359,27,0,17,0,70,,28360,27,0,17,0,100,,28361,27,0,17,0
721501,'1350',729,,28362,27,0,17,0,30,,28363,27,0,17,0,70,,28364,27,0,17,0,30,,28365,27,0,17,0,70,,28366,27,0,17,0,30,,28367,27,0,17,0,70,,28368,27,0,17,0,30,,28369,27,0,17,0,70,,28370,27,0,17,0,30,,28371,27,0,17,0,70,,28372,27,0,17,0,30,,28373,27,0,17,0,70,,28374,27,0,17,0,30,,28375,27,0,17,0,70,,28376,27,0,17,0,30,,28377,27,0,17,0,70,,28378,27,0,17,0,30,,28379,27,0,17,0,70,,28380,27,0,17,0,30,,28381,27,0,17,0,70,,28382,27,0,17,0,30,,28383,27,0,17,0,70,,28384,27,0,17,0,30,,28385,27,0,17,0,70,,28386,27,0,17,0,100,,28387,27,0,17,0,100,,28388,27,0,17,0,100,,28389,27,0,17,0
721501,'1351',729,,28390,27,0,17,0,30,,28391,27,0,17,0,70,,28392,27,0,17,0,30,,28393,27,0,17,0,70,,28394,27,0,17,0,30,,28395,27,0,17,0,70,,28396,27,0,17,0,30,,28397,27,0,17,0,70,,28398,27,0,17,0,30,,28399,27,0,17,0,70,,28400,27,0,17,0,30,,28401,27,0,17,0,70,,28402,27,0,17,0,30,,28403,27,0,17,0,70,,28404,27,0,17,0,30,,28405,27,0,17,0,70,,28406,27,0,17,0,30,,28407,27,0,17,0,70,,28408,27,0,17,0,30,,28409,27,0,17,0,70,,28410,27,0,17,0,30,,28411,27,0,17,0,70,,28412,27,0,17,0,30,,28413,27,0,17,0,70,,28414,27,0,17,0,100,,28415,27,0,17,0,100,,28416,27,0,17,0,100,,28417,27,0,17,0
721501,'1352',729,,28418,27,0,17,0,30,,28419,27,0,17,0,70,,28420,27,0,17,0,30,,28421,27,0,17,0,70,,28422,27,0,17,0,30,,28423,27,0,17,0,70,,28424,27,0,17,0,30,,28425,27,0,17,0,70,,28426,27,0,17,0,30,,28427,27,0,17,0,70,,28428,27,0,17,0,30,,28429,27,0,17,0,70,,28430,27,0,17,0,30,,28431,27,0,17,0,70,,28432,27,0,17,0,30,,28433,27,0,17,0,70,,28434,27,0,17,0,30,,28435,27,0,17,0,70,,28436,27,0,17,0,30,,28437,27,0,17,0,70,,28438,27,0,17,0,30,,28439,27,0,17,0,70,,28440,27,0,17,0,30,,28441,27,0,17,0,70,,28442,27,0,17,0,100,,28443,27,0,17,0,100,,28444,27,0,17,0,100,,28445,27,0,17,0
721501,'1353',729,,28446,27,0,17,0,30,,28447,27,0,17,0,70,,28448,27,0,17,0,30,,28449,27,0,17,0,70,,28450,27,0,17,0,30,,28451,27,0,17,0,70,,28452,27,0,17,0,30,,28453,27,0,17,0,70,,28454,27,0,17,0,30,,28455,27,0,17,0,70,,28456,27,0,17,0,30,,28457,27,0,17,0,70,,28458,27,0,17,0,30,,28459,27,0,17,0,70,,28460,27,0,17,0,30,,28461,27,0,17,0,70,,28462,27,0,17,0,30,,28463,27,0,17,0,70,,28464,27,0,17,0,30,,28465,27,0,17,0,70,,28466,27,0,17,0,30,,28467,27,0,17,0,70,,28468,27,0,17,0,30,,28469,27,0,17,0,70,,28470,27,0,17,0,100,,28471,27,0,17,0,100,,28472,27,0,17,0,100,,28473,27,0,17,0
721501,'1354',729,,28474,27,0,17,0,30,,28475,27,0,17,0,70,,28476,27,0,17,0,30,,28477,27,0,17,0,70,,28478,27,0,17,0,30,,28479,27,0,17,0,70,,28480,27,0,17,0,30,,28481,27,0,17,0,70,,28482,27,0,17,0,30,,28483,27,0,17,0,70,,28484,27,0,17,0,30,,28485,27,0,17,0,70,,28486,27,0,17,0,30,,28487,27,0,17,0,70,,28488,27,0,17,0,30,,28489,27,0,17,0,70,,28490,27,0,17,0,30,,28491,27,0,17,0,70,,28492,27,0,17,0,30,,28493,27,0,17,0,70,,28494,27,0,17,0,30,,28495,27,0,17,0,70,,28496,27,0,17,0,30,,28497,27,0,17,0,70,,28498,27,0,17,0,100,,28499,27,0,17,0,100,,28500,27,0,17,0,100,,28501,27,0,17,0
721502,'1348',924,,28512,27,0,16,0,100,,28511,27,0,16,0,100,,28510,27,0,16,0,100,,28509,27,0,16,0,100,,28508,27,0,16,0,100,,28507,27,0,16,0,100,,28506,27,0,16,0,100,,28505,27,0,16,0,100,,28504,27,0,16,0,100,,28503,27,0,16,0,100,,28502,27,0,16,0
721502,'1349',724,,28513,27,0,16,0,100,,28514,27,0,16,0,100,,28515,27,0,16,0,100,,28516,27,0,16,0,100,,28517,27,0,16,0,100,,28518,27,0,16,0,100,,28519,27,0,16,0,30,,28520,27,0,16,0,70,,28521,27,0,16,0,30,,28522,27,0,16,0,70,,28523,27,0,16,0,30,,28524,27,0,16,0,70,,28525,27,0,16,0,30,,28526,27,0,16,0,70,,28527,27,0,16,0,30,,28528,27,0,16,0,70,,28529,27,0,16,0,30,,28530,27,0,16,0,70,,28531,27,0,16,0
721502,'1350',724,,28533,27,0,16,0,30,,28534,27,0,16,0,70,,28535,27,0,16,0,30,,28536,27,0,16,0,70,,28537,27,0,16,0,30,,28538,27,0,16,0,70,,28539,27,0,16,0,30,,28540,27,0,16,0,70,,28541,27,0,16,0,30,,28542,27,0,16,0,70,,28543,27,0,16,0,30,,28544,27,0,16,0,70,,28545,27,0,16,0,30,,28546,27,0,16,0,70,,28547,27,0,16,0,30,,28548,27,0,16,0,70,,28549,27,0,16,0,30,,28550,27,0,16,0,70,,28551,27,0,16,0,30,,28552,27,0,16,0,70,,28553,27,0,16,0,30,,28554,27,0,16,0,70,,28555,27,0,16,0,30,,28556,27,0,16,0,70,,28557,27,0,16,0,100,,28558,27,0,16,0,100,,28559,27,0,16,0,100,,28560,27,0,16,0
721502,'1351',724,,28562,27,0,16,0,30,,28563,27,0,16,0,70,,28564,27,0,16,0,30,,28565,27,0,16,0,70,,28566,27,0,16,0,30,,28567,27,0,16,0,70,,28568,27,0,16,0,30,,28569,27,0,16,0,70,,28570,27,0,16,0,30,,28571,27,0,16,0,70,,28572,27,0,16,0,30,,28573,27,0,16,0,70,,28574,27,0,16,0,30,,28575,27,0,16,0,70,,28576,27,0,16,0,30,,28577,27,0,16,0,70,,28578,27,0,16,0,30,,28579,27,0,16,0,70,,28580,27,0,16,0,30,,28581,27,0,16,0,70,,28582,27,0,16,0,30,,28583,27,0,16,0,70,,28584,27,0,16,0,30,,28585,27,0,16,0,70,,28586,27,0,16,0,100,,28587,27,0,16,0,100,,28588,27,0,16,0,100,,28589,27,0,16,0
721502,'1352',724,,28591,27,0,16,0,30,,28592,27,0,16,0,70,,28593,27,0,16,0,30,,28594,27,0,16,0,70,,28595,27,0,16,0,30,,28596,27,0,16,0,70,,28597,27,0,16,0,30,,28598,27,0,16,0,70,,28599,27,0,16,0,30,,28600,27,0,16,0,70,,28601,27,0,16,0,30,,28602,27,0,16,0,70,,28603,27,0,16,0,30,,28604,27,0,16,0,70,,28605,27,0,16,0,30,,28606,27,0,16,0,70,,28607,27,0,16,0,30,,28608,27,0,16,0,70,,28609,27,0,16,0,30,,28610,27,0,16,0,70,,28611,27,0,16,0,30,,28612,27,0,16,0,70,,28613,27,0,16,0,30,,28614,27,0,16,0,70,,28615,27,0,16,0,100,,28616,27,0,16,0,100,,28617,27,0,16,0,100,,28618,27,0,16,0
721502,'1353',724,,28620,27,0,16,0,30,,28621,27,0,16,0,70,,28622,27,0,16,0,30,,28623,27,0,16,0,70,,28624,27,0,16,0,30,,28625,27,0,16,0,70,,28626,27,0,16,0,30,,28627,27,0,16,0,70,,28628,27,0,16,0,30,,28629,27,0,16,0,70,,28630,27,0,16,0,30,,28631,27,0,16,0,70,,28632,27,0,16,0,30,,28633,27,0,16,0,70,,28634,27,0,16,0,30,,28635,27,0,16,0,70,,28636,27,0,16,0,30,,28637,27,0,16,0,70,,28638,27,0,16,0,30,,28639,27,0,16,0,70,,28640,27,0,16,0,30,,28641,27,0,16,0,70,,28642,27,0,16,0,30,,28643,27,0,16,0,70,,28644,27,0,16,0,100,,28645,27,0,16,0,100,,28646,27,0,16,0,100,,28647,27,0,16,0
721502,'1354',724,,28649,27,0,16,0,30,,28650,27,0,16,0,70,,28651,27,0,16,0,30,,28652,27,0,16,0,70,,28653,27,0,16,0,30,,28654,27,0,16,0,70,,28655,27,0,16,0,30,,28656,27,0,16,0,70,,28657,27,0,16,0,30,,28658,27,0,16,0,70,,28659,27,0,16,0,30,,28660,27,0,16,0,70,,28661,27,0,16,0,30,,28662,27,0,16,0,70,,28663,27,0,16,0,30,,28664,27,0,16,0,70,,28665,27,0,16,0,30,,28666,27,0,16,0,70,,28667,27,0,16,0,30,,28668,27,0,16,0,70,,28669,27,0,16,0,30,,28670,27,0,16,0,70,,28671,27,0,16,0,30,,28672,27,0,16,0,70,,28673,27,0,16,0,100,,28674,27,0,16,0,100,,28675,27,0,16,0,100,,28676,27,0,16,0
