721400,'1327',936,,13673,,,0,110,,13672,,,0,110,,13671,,,0,150,,13670,,,0,110,,13669,,,0,110,,13668,,,0,110,,13667,,,0,110,,13666,,,0
721400,'1328',836,,13674,,,0,110,,13675,,,0,110,,13676,,,0,150,,13677,,,0,111,,13678,,,0,115,,13679,,,0,85,,13680,,,0,85,,13681,,,0,45,,13682,,,0,85,,13683,,,0,85,,13684,,,0,85,,13685,,,0,45,,13686,,,0
721400,'1329',702,,13687,,,0,100,,13688,,,0,45,,13689,,,0,85,,13690,,,0,85,,13691,,,0,85,,13692,,,0,45,,13693,,,0,85,,13694,,,0,85,,13695,,,0,85,,13696,,,0,45,,13697,,,0,85,,13698,,,0,85,,13699,,,0,85,,13700,,,0,45,,13701,,,0,85,,13702,,,0,85,,13703,,,0,85,,13704,,,0,45,,13705,,,0,85,,13706,,,0
721400,'1330',702,,13707,,,0,100,,13708,,,0,45,,13709,,,0,85,,13710,,,0,85,,13711,,,0,85,,13712,,,0,45,,13713,,,0,85,,13714,,,0,85,,13715,,,0,85,,13716,,,0,45,,13717,,,0,85,,13718,,,0,85,,13719,,,0,85,,13720,,,0,45,,13721,,,0,85,,13722,,,0,85,,13723,,,0,85,,13724,,,0,45,,13725,,,0,85,,13726,,,0
721400,'1331',702,,13727,,,0,100,,13728,,,0,45,,13729,,,0,85,,13730,,,0,85,,13731,,,0,85,,13732,,,0,45,,13733,,,0,85,,13734,,,0,85,,13735,,,0,85,,13736,,,0,45,,13737,,,0,85,,13738,,,0,85,,13739,,,0,85,,13740,,,0,45,,13741,,,0,85,,13742,,,0,85,,13743,,,0,85,,13744,,,0,45,,13745,,,0,85,,13746,,,0
721400,'1332',702,,13747,,,0,100,,13748,,,0,45,,13749,,,0,85,,13750,,,0,85,,13751,,,0,85,,13752,,,0,45,,13753,,,0,85,,13754,,,0,85,,13755,,,0,85,,13756,,,0,45,,13757,,,0,85,,13758,,,0,85,,13759,,,0,85,,13760,,,0,45,,13761,,,0,85,,13762,,,0,85,,13763,,,0,85,,13764,,,0,45,,13765,,,0,85,,13766,,,0
721400,'1333',702,,13767,,,0,100,,13768,,,0,45,,13769,,,0,85,,13770,,,0,85,,13771,,,0,85,,13772,,,0,45,,13773,,,0,85,,13774,,,0,85,,13775,,,0,85,,13776,,,0,45,,13777,,,0,85,,13778,,,0,85,,13779,,,0,85,,13780,,,0,45,,13781,,,0,85,,13782,,,0,85,,13783,,,0,85,,13784,,,0,45,,13785,,,0,85,,13786,,,0
721501,'1327',950,,13918,,,0,100,,13917,,,0,100,,13916,,,0,100,,13915,,,0,100,,13914,,,0,100,,13913,,,0,100,,13912,,,0,100,,13911,,,0,100,,13910,,,0,100,,13909,,,0,100,,13908,,,0
721501,'1328',750,,13919,,,0,100,,13920,,,0,100,,13921,,,0,100,,13922,,,0,100,,13923,,,0,100,,13924,,,0,70,,13925,,,0,30,,13926,,,0,70,,13927,,,0,30,,13928,,,0,70,,13929,,,0,30,,13930,,,0,70,,13931,,,0,30,,13932,,,0,70,,13933,,,0,30,,13934,,,0,70,,13935,,,0,30,,13936,,,0,100,,13937,,,0
721501,'1329',750,,13938,,,0,70,,13939,,,0,30,,13940,,,0,70,,13941,,,0,30,,13942,,,0,70,,13943,,,0,30,,13944,,,0,70,,13945,,,0,30,,13946,,,0,70,,13947,,,0,30,,13948,,,0,70,,13949,,,0,30,,13950,,,0,70,,13951,,,0,30,,13952,,,0,70,,13953,,,0,30,,13954,,,0,70,,13955,,,0,30,,13956,,,0,70,,13957,,,0,30,,13958,,,0,70,,13959,,,0,30,,13960,,,0,70,,13961,,,0,30,,13962,,,0,100,,13963,,,0,100,,13964,,,0,100,,13965,,,0
721501,'1330',750,,13966,,,0,70,,13967,,,0,30,,13968,,,0,70,,13969,,,0,30,,13970,,,0,70,,13971,,,0,30,,13972,,,0,70,,13973,,,0,30,,13974,,,0,70,,13975,,,0,30,,13976,,,0,70,,13977,,,0,30,,13978,,,0,70,,13979,,,0,30,,13980,,,0,70,,13981,,,0,30,,13982,,,0,70,,13983,,,0,30,,13984,,,0,70,,13985,,,0,30,,13986,,,0,70,,13987,,,0,30,,13988,,,0,70,,13989,,,0,30,,13990,,,0,100,,13991,,,0,100,,13992,,,0,100,,13993,,,0
721501,'1331',750,,13994,,,0,70,,13995,,,0,30,,13996,,,0,70,,13997,,,0,30,,13998,,,0,70,,13999,,,0,30,,14000,,,0,70,,14001,,,0,30,,14002,,,0,70,,14003,,,0,30,,14004,,,0,70,,14005,,,0,30,,14006,,,0,70,,14007,,,0,30,,14008,,,0,70,,14009,,,0,30,,14010,,,0,70,,14011,,,0,30,,14012,,,0,70,,14013,,,0,30,,14014,,,0,70,,14015,,,0,30,,14016,,,0,70,,14017,,,0,30,,14018,,,0,100,,14019,,,0,100,,14020,,,0,100,,14021,,,0
721501,'1332',750,,14022,,,0,70,,14023,,,0,30,,14024,,,0,70,,14025,,,0,30,,14026,,,0,70,,14027,,,0,30,,14028,,,0,70,,14029,,,0,30,,14030,,,0,70,,14031,,,0,30,,14032,,,0,70,,14033,,,0,30,,14034,,,0,70,,14035,,,0,30,,14036,,,0,70,,14037,,,0,30,,14038,,,0,70,,14039,,,0,30,,14040,,,0,70,,14041,,,0,30,,14042,,,0,70,,14043,,,0,30,,14044,,,0,70,,14045,,,0,30,,14046,,,0,100,,14047,,,0,100,,14048,,,0,100,,14049,,,0
721501,'1333',750,,14050,,,0,70,,14051,,,0,30,,14052,,,0,70,,14053,,,0,30,,14054,,,0,70,,14055,,,0,30,,14056,,,0,70,,14057,,,0,30,,14058,,,0,70,,14059,,,0,30,,14060,,,0,70,,14061,,,0,30,,14062,,,0,70,,14063,,,0,30,,14064,,,0,70,,14065,,,0,30,,14066,,,0,70,,14067,,,0,30,,14068,,,0,70,,14069,,,0,30,,14070,,,0,70,,14071,,,0,30,,14072,,,0,70,,14073,,,0,30,,14074,,,0,100,,14075,,,0,100,,14076,,,0,100,,14077,,,0
