'1149',463600,91700,0,'605',0,44000,0,'605',0,17000,0,'605',0,28500,0,'605',0
'1150',463600,74700,0,'605',0,67000,0,'605',0,13000,0,'605',0,30000,0,'605',0
'1151',463600,91700,0,'605',0,44000,0,'605',0,17000,0,'605',0,28500,0,'605',0
'1152',463600,64700,0,'605',0,77000,0,'605',0,43000,0,'605',0,17000,0,'605',0
'1153',463600,64700,0,'605',0,77000,0,'605',0,43000,0,'605',0,17000,0,'605',0
'1154',463600,64700,0,'605',0,77000,0,'605',0,43000,0,'605',0,17000,0,'605',0
'1155',463600,64700,0,'605',0,77000,0,'605',0,43000,0,'605',0,17000,0,'605',0
'1156',463600,64700,0,'605',0,77000,0,'605',0,43000,0,'605',0,17000,0,'605',0
'1157',463600,91700,0,'605',0,44000,0,'605',0,45500,0,'605',0
'1158',463600,94700,0,'605',0,30000,0,'605',0,30000,0,'605',0
'1159',463600,91700,0,'605',0,44000,0,'605',0,45500,0,'605',0
