643500,'1327',941,,11699,,,0,70,,11698,,,0,30,,11697,,,0,70,,11696,,,0,30,,11695,,,0,70,,11694,,,0,30,,11693,,,0,70,,11692,,,0,30,,11691,,,0,70,,11690,,,0,30,,11689,,,0,70,,11688,,,0,30,,11687,,,0,70,,11686,,,0,30,,11685,,,0,70,,11684,,,0,30,,11683,,,0,70,,11682,,,0,30,,11681,,,0,100,,11680,,,0
643500,'1328',741,,11700,,,0,100,,11701,,,0,70,,11702,,,0,30,,11703,,,0,70,,11704,,,0,30,,11705,,,0,70,,11706,,,0,30,,11707,,,0,70,,11708,,,0,30,,11709,,,0,70,,11710,,,0,30,,11711,,,0,70,,11712,,,0,30,,11713,,,0,70,,11714,,,0,30,,11715,,,0,70,,11716,,,0,30,,11717,,,0,70,,11718,,,0,30,,11719,,,0,70,,11720,,,0,30,,11721,,,0,70,,11722,,,0,30,,11723,,,0,100,,11724,,,0,100,,11725,,,0,100,,11726,,,0
643500,'1329',641,,11727,,,0,74,,11728,,,0,20,,11729,,,0,10,,11730,,,0,8,,11731,,,0,55,,11732,,,0,15,,11733,,,0,15,,11734,,,0,17,,11735,,,0,55,,11736,,,0,25,,11737,,,0,20,,11738,,,0,60,,11739,,,0,20,,11740,,,0,20,,11741,,,0,60,,11742,,,0,20,,11743,,,0,20,,11744,,,0,60,,11745,,,0,20,,11746,,,0,20,,11747,,,0,60,,11748,,,0,20,,11749,,,0,20,,11750,,,0,60,,11751,,,0,20,,11752,,,0,10,,11753,,,0,10,,11754,,,0,60,,11755,,,0,10,,11756,,,0,10,,11757,,,0,20,,11758,,,0,50,,11759,,,0,10,,11760,,,0,20,,11761,,,0,20,,11762,,,0,60,,11763,,,0,20,,11764,,,0,20,,11765,,,0,60,,11766,,,0,20,,11767,,,0,20,,11768,,,0,56,,11769,,,0,30,,11770,,,0,70,,11771,,,0,30,,11772,,,0,70,,11773,,,0,30,,11774,,,0,70,,11775,,,0,30,,11776,,,0,70,,11777,,,0,30,,11778,,,0
643500,'1330',641,,11779,,,0,74,,11780,,,0,20,,11781,,,0,10,,11782,,,0,8,,11783,,,0,55,,11784,,,0,15,,11785,,,0,15,,11786,,,0,17,,11787,,,0,55,,11788,,,0,25,,11789,,,0,20,,11790,,,0,60,,11791,,,0,20,,11792,,,0,20,,11793,,,0,60,,11794,,,0,20,,11795,,,0,20,,11796,,,0,60,,11797,,,0,20,,11798,,,0,20,,11799,,,0,60,,11800,,,0,20,,11801,,,0,20,,11802,,,0,60,,11803,,,0,20,,11804,,,0,10,,11805,,,0,10,,11806,,,0,60,,11807,,,0,10,,11808,,,0,10,,11809,,,0,20,,11810,,,0,50,,11811,,,0,10,,11812,,,0,20,,11813,,,0,20,,11814,,,0,60,,11815,,,0,20,,11816,,,0,20,,11817,,,0,60,,11818,,,0,20,,11819,,,0,20,,11820,,,0,56,,11821,,,0,30,,11822,,,0,70,,11823,,,0,30,,11824,,,0,70,,11825,,,0,30,,11826,,,0,70,,11827,,,0,30,,11828,,,0,70,,11829,,,0,30,,11830,,,0
643500,'1331',641,,11831,,,0,74,,11832,,,0,20,,11833,,,0,10,,11834,,,0,8,,11835,,,0,55,,11836,,,0,15,,11837,,,0,15,,11838,,,0,17,,11839,,,0,55,,11840,,,0,25,,11841,,,0,20,,11842,,,0,60,,11843,,,0,20,,11844,,,0,20,,11845,,,0,60,,11846,,,0,20,,11847,,,0,20,,11848,,,0,60,,11849,,,0,20,,11850,,,0,20,,11851,,,0,60,,11852,,,0,20,,11853,,,0,20,,11854,,,0,60,,11855,,,0,20,,11856,,,0,10,,11857,,,0,10,,11858,,,0,60,,11859,,,0,10,,11860,,,0,10,,11861,,,0,20,,11862,,,0,50,,11863,,,0,10,,11864,,,0,20,,11865,,,0,20,,11866,,,0,60,,11867,,,0,20,,11868,,,0,20,,11869,,,0,60,,11870,,,0,20,,11871,,,0,20,,11872,,,0,56,,11873,,,0,30,,11874,,,0,70,,11875,,,0,30,,11876,,,0,70,,11877,,,0,30,,11878,,,0,70,,11879,,,0,30,,11880,,,0,70,,11881,,,0,30,,11882,,,0
643500,'1332',641,,11883,,,0,74,,11884,,,0,20,,11885,,,0,10,,11886,,,0,8,,11887,,,0,55,,11888,,,0,15,,11889,,,0,15,,11890,,,0,17,,11891,,,0,55,,11892,,,0,25,,11893,,,0,20,,11894,,,0,60,,11895,,,0,20,,11896,,,0,20,,11897,,,0,60,,11898,,,0,20,,11899,,,0,20,,11900,,,0,60,,11901,,,0,20,,11902,,,0,20,,11903,,,0,60,,11904,,,0,20,,11905,,,0,20,,11906,,,0,60,,11907,,,0,20,,11908,,,0,10,,11909,,,0,10,,11910,,,0,60,,11911,,,0,10,,11912,,,0,10,,11913,,,0,20,,11914,,,0,50,,11915,,,0,10,,11916,,,0,20,,11917,,,0,20,,11918,,,0,60,,11919,,,0,20,,11920,,,0,20,,11921,,,0,60,,11922,,,0,20,,11923,,,0,20,,11924,,,0,56,,11925,,,0,30,,11926,,,0,70,,11927,,,0,30,,11928,,,0,70,,11929,,,0,30,,11930,,,0,70,,11931,,,0,30,,11932,,,0,70,,11933,,,0,30,,11934,,,0
643500,'1333',641,,11935,,,0,74,,11936,,,0,20,,11937,,,0,10,,11938,,,0,8,,11939,,,0,55,,11940,,,0,15,,11941,,,0,15,,11942,,,0,17,,11943,,,0,55,,11944,,,0,25,,11945,,,0,20,,11946,,,0,60,,11947,,,0,20,,11948,,,0,20,,11949,,,0,60,,11950,,,0,20,,11951,,,0,20,,11952,,,0,60,,11953,,,0,20,,11954,,,0,20,,11955,,,0,60,,11956,,,0,20,,11957,,,0,20,,11958,,,0,60,,11959,,,0,20,,11960,,,0,10,,11961,,,0,10,,11962,,,0,60,,11963,,,0,10,,11964,,,0,10,,11965,,,0,20,,11966,,,0,50,,11967,,,0,10,,11968,,,0,20,,11969,,,0,20,,11970,,,0,60,,11971,,,0,20,,11972,,,0,20,,11973,,,0,60,,11974,,,0,20,,11975,,,0,20,,11976,,,0,56,,11977,,,0,30,,11978,,,0,70,,11979,,,0,30,,11980,,,0,70,,11981,,,0,30,,11982,,,0,70,,11983,,,0,30,,11984,,,0,70,,11985,,,0,30,,11986,,,0
647700,'1327',946,,12317,,,0,70,,12316,,,0,30,,12315,,,0,70,,12314,,,0,30,,12313,,,0,70,,12312,,,0,30,,12311,,,0,70,,12310,,,0,30,,12309,,,0,70,,12308,,,0,30,,12307,,,0,70,,12306,,,0,30,,12305,,,0,70,,12304,,,0,30,,12303,,,0,70,,12302,,,0,30,,12301,,,0,100,,12300,,,0,100,,12299,,,0
647700,'1328',846,,12318,,,0,70,,12319,,,0,30,,12320,,,0,70,,12321,,,0,30,,12322,,,0,70,,12323,,,0,30,,12324,,,0,70,,12325,,,0,30,,12326,,,0,70,,12327,,,0,30,,12328,,,0,70,,12329,,,0,30,,12330,,,0,70,,12331,,,0,30,,12332,,,0,70,,12333,,,0,30,,12334,,,0,70,,12335,,,0,30,,12336,,,0,70,,12337,,,0,30,,12338,,,0,70,,12339,,,0,30,,12340,,,0,100,,12341,,,0,100,,12342,,,0,100,,12343,,,0
647700,'1329',646,,12344,,,0,70,,12345,,,0,30,,12346,,,0,70,,12347,,,0,30,,12348,,,0,70,,12349,,,0,30,,12350,,,0,70,,12351,,,0,30,,12352,,,0,70,,12353,,,0,30,,12354,,,0,70,,12355,,,0,30,,12356,,,0,70,,12357,,,0,30,,12358,,,0,70,,12359,,,0,30,,12360,,,0,70,,12361,,,0,30,,12362,,,0,70,,12363,,,0,30,,12364,,,0,70,,12365,,,0,30,,12366,,,0,70,,12367,,,0,30,,12368,,,0,70,,12369,,,0,30,,12370,,,0,70,,12371,,,0,30,,12372,,,0,100,,12373,,,0,100,,12374,,,0,100,,12375,,,0
647700,'1330',646,,12376,,,0,70,,12377,,,0,30,,12378,,,0,70,,12379,,,0,30,,12380,,,0,70,,12381,,,0,30,,12382,,,0,70,,12383,,,0,30,,12384,,,0,70,,12385,,,0,30,,12386,,,0,70,,12387,,,0,30,,12388,,,0,70,,12389,,,0,30,,12390,,,0,70,,12391,,,0,30,,12392,,,0,70,,12393,,,0,30,,12394,,,0,70,,12395,,,0,30,,12396,,,0,70,,12397,,,0,30,,12398,,,0,70,,12399,,,0,30,,12400,,,0,70,,12401,,,0,30,,12402,,,0,70,,12403,,,0,30,,12404,,,0,100,,12405,,,0,100,,12406,,,0,100,,12407,,,0
647700,'1331',646,,12408,,,0,70,,12409,,,0,30,,12410,,,0,70,,12411,,,0,30,,12412,,,0,70,,12413,,,0,30,,12414,,,0,70,,12415,,,0,30,,12416,,,0,70,,12417,,,0,30,,12418,,,0,70,,12419,,,0,30,,12420,,,0,70,,12421,,,0,30,,12422,,,0,70,,12423,,,0,30,,12424,,,0,70,,12425,,,0,30,,12426,,,0,70,,12427,,,0,30,,12428,,,0,70,,12429,,,0,30,,12430,,,0,70,,12431,,,0,30,,12432,,,0,70,,12433,,,0,30,,12434,,,0,70,,12435,,,0,30,,12436,,,0,100,,12437,,,0,100,,12438,,,0,100,,12439,,,0
647700,'1332',646,,12440,,,0,70,,12441,,,0,30,,12442,,,0,70,,12443,,,0,30,,12444,,,0,70,,12445,,,0,30,,12446,,,0,70,,12447,,,0,30,,12448,,,0,70,,12449,,,0,30,,12450,,,0,70,,12451,,,0,30,,12452,,,0,70,,12453,,,0,30,,12454,,,0,70,,12455,,,0,30,,12456,,,0,70,,12457,,,0,30,,12458,,,0,70,,12459,,,0,30,,12460,,,0,70,,12461,,,0,30,,12462,,,0,70,,12463,,,0,30,,12464,,,0,70,,12465,,,0,30,,12466,,,0,70,,12467,,,0,30,,12468,,,0,100,,12469,,,0,100,,12470,,,0,100,,12471,,,0
647700,'1333',646,,12472,,,0,70,,12473,,,0,30,,12474,,,0,70,,12475,,,0,30,,12476,,,0,70,,12477,,,0,30,,12478,,,0,70,,12479,,,0,30,,12480,,,0,70,,12481,,,0,30,,12482,,,0,70,,12483,,,0,30,,12484,,,0,70,,12485,,,0,30,,12486,,,0,70,,12487,,,0,30,,12488,,,0,70,,12489,,,0,30,,12490,,,0,70,,12491,,,0,30,,12492,,,0,70,,12493,,,0,30,,12494,,,0,70,,12495,,,0,30,,12496,,,0,70,,12497,,,0,30,,12498,,,0,70,,12499,,,0,30,,12500,,,0,100,,12501,,,0,100,,12502,,,0,100,,12503,,,0
