722501,'1357',543,,35879,39,0,17,0,160,,35880,39,0,17,0,100,,35881,39,0,17,0,100,,35882,39,0,17,0,100,,35883,39,0,17,0,100,,35884,39,0,17,0,100,,35885,39,0,17,0,100,,35886,39,0,17,0,100,,35887,39,0,17,0,100,,35888,39,0,17,0,100,,35889,39,0,17,0,100,,35890,39,0,17,0,100,,35891,39,0,17,0,100,,35892,39,0,17,0,100,,35893,39,0,17,0,100,,35894,39,0,17,0,100,,35895,39,0,17,0,100,,35896,39,0,17,0
722501,'1358',543,,35897,39,0,17,0,160,,35898,39,0,17,0,100,,35899,39,0,17,0,100,,35900,39,0,17,0,100,,35901,39,0,17,0,100,,35902,39,0,17,0,100,,35903,39,0,17,0,100,,35904,39,0,17,0,100,,35905,39,0,17,0,100,,35906,39,0,17,0,100,,35907,39,0,17,0,100,,35908,39,0,17,0,100,,35909,39,0,17,0,100,,35910,39,0,17,0,100,,35911,39,0,17,0,100,,35912,39,0,17,0,100,,35913,39,0,17,0,100,,35914,39,0,17,0
722501,'1359',543,,35915,39,0,17,0,160,,35916,39,0,17,0,100,,35917,39,0,17,0,100,,35918,39,0,17,0,100,,35919,39,0,17,0,100,,35920,39,0,17,0,100,,35921,39,0,17,0,100,,35922,39,0,17,0,100,,35923,39,0,17,0,100,,35924,39,0,17,0,100,,35925,39,0,17,0,100,,35926,39,0,17,0,100,,35927,39,0,17,0,100,,35928,39,0,17,0,100,,35929,39,0,17,0,100,,35930,39,0,17,0,100,,35931,39,0,17,0,100,,35932,39,0,17,0
722501,'1360',543,,35933,39,0,17,0,160,,35934,39,0,17,0,100,,35935,39,0,17,0,100,,35936,39,0,17,0,100,,35937,39,0,17,0,100,,35938,39,0,17,0,100,,35939,39,0,17,0,100,,35940,39,0,17,0,100,,35941,39,0,17,0,100,,35942,39,0,17,0,100,,35943,39,0,17,0,100,,35944,39,0,17,0,100,,35945,39,0,17,0,100,,35946,39,0,17,0,100,,35947,39,0,17,0,100,,35948,39,0,17,0,100,,35949,39,0,17,0,100,,35950,39,0,17,0
722501,'1361',543,,35951,39,0,17,0,160,,35952,39,0,17,0,100,,35953,39,0,17,0,100,,35954,39,0,17,0,100,,35955,39,0,17,0,100,,35956,39,0,17,0,100,,35957,39,0,17,0,100,,35958,39,0,17,0,100,,35959,39,0,17,0,100,,35960,39,0,17,0,100,,35961,39,0,17,0,100,,35962,39,0,17,0,100,,35963,39,0,17,0,100,,35964,39,0,17,0,100,,35965,39,0,17,0,100,,35966,39,0,17,0,100,,35967,39,0,17,0,100,,35968,39,0,17,0
722502,'1357',554,,35969,22,0,16,0,100,,35970,22,0,16,0,100,,35971,22,0,16,0,100,,35972,22,0,16,0,100,,35973,22,0,16,0,100,,35974,22,0,16,0,100,,35975,22,0,16,0,100,,35976,22,0,16,0,100,,35977,22,0,16,0,100,,35978,22,0,16,0,100,,35979,22,0,16,0,100,,35980,22,0,16,0,100,,35981,22,0,16,0,100,,35982,22,0,16,0,100,,35983,22,0,16,0,100,,35984,22,0,16,0,100,,35985,22,0,16,0,100,,35986,22,0,16,0
722502,'1358',554,,35987,22,0,16,0,100,,35988,22,0,16,0,100,,35989,22,0,16,0,100,,35990,22,0,16,0,100,,35991,22,0,16,0,100,,35992,22,0,16,0,100,,35993,22,0,16,0,100,,35994,22,0,16,0,100,,35995,22,0,16,0,100,,35996,22,0,16,0,100,,35997,22,0,16,0,100,,35998,22,0,16,0,100,,35999,22,0,16,0,100,,36000,22,0,16,0,100,,36001,22,0,16,0,100,,36002,22,0,16,0,100,,36003,22,0,16,0,100,,36004,22,0,16,0
722502,'1359',554,,36005,22,0,16,0,100,,36006,22,0,16,0,100,,36007,22,0,16,0,100,,36008,22,0,16,0,100,,36009,22,0,16,0,100,,36010,22,0,16,0,100,,36011,22,0,16,0,100,,36012,22,0,16,0,100,,36013,22,0,16,0,100,,36014,22,0,16,0,100,,36015,22,0,16,0,100,,36016,22,0,16,0,100,,36017,22,0,16,0,100,,36018,22,0,16,0,100,,36019,22,0,16,0,100,,36020,22,0,16,0,100,,36021,22,0,16,0,100,,36022,22,0,16,0
722502,'1360',554,,36023,22,0,16,0,100,,36024,22,0,16,0,100,,36025,22,0,16,0,100,,36026,22,0,16,0,100,,36027,22,0,16,0,100,,36028,22,0,16,0,100,,36029,22,0,16,0,100,,36030,22,0,16,0,100,,36031,22,0,16,0,100,,36032,22,0,16,0,100,,36033,22,0,16,0,100,,36034,22,0,16,0,100,,36035,22,0,16,0,100,,36036,22,0,16,0,100,,36037,22,0,16,0,100,,36038,22,0,16,0,100,,36039,22,0,16,0,100,,36040,22,0,16,0
722502,'1361',554,,36041,22,0,16,0,100,,36042,22,0,16,0,100,,36043,22,0,16,0,100,,36044,22,0,16,0,100,,36045,22,0,16,0,100,,36046,22,0,16,0,100,,36047,22,0,16,0,100,,36048,22,0,16,0,100,,36049,22,0,16,0,100,,36050,22,0,16,0,100,,36051,22,0,16,0,100,,36052,22,0,16,0,100,,36053,22,0,16,0,100,,36054,22,0,16,0,100,,36055,22,0,16,0,100,,36056,22,0,16,0,100,,36057,22,0,16,0,100,,36058,22,0,16,0
