70101,'1356',721,,32522,33,0,17,0,130,,32523,33,0,17,0,170,,32524,33,0,17,0,130,,32525,33,0,17,0,170,,32526,33,0,17,0,130,,32527,33,0,17,0,170,,32528,33,0,17,0,130,,32529,33,0,17,0
70101,'1357',721,,32530,33,0,17,0,85,,32531,33,0,17,0,45,,32532,33,0,17,0,85,,32533,33,0,17,0,85,,32534,33,0,17,0,130,,32535,33,0,17,0,170,,32536,33,0,17,0,85,,32537,33,0,17,0,45,,32538,33,0,17,0,85,,32539,33,0,17,0,85,,32540,33,0,17,0,85,,32541,33,0,17,0,45,,32542,33,0,17,0,85,,32543,33,0,17,0
70101,'1358',721,,32544,33,0,17,0,85,,32545,33,0,17,0,45,,32546,33,0,17,0,85,,32547,33,0,17,0,85,,32548,33,0,17,0,130,,32549,33,0,17,0,170,,32550,33,0,17,0,85,,32551,33,0,17,0,45,,32552,33,0,17,0,85,,32553,33,0,17,0,85,,32554,33,0,17,0,85,,32555,33,0,17,0,45,,32556,33,0,17,0,85,,32557,33,0,17,0
70101,'1359',721,,32558,33,0,17,0,85,,32559,33,0,17,0,45,,32560,33,0,17,0,85,,32561,33,0,17,0,85,,32562,33,0,17,0,130,,32563,33,0,17,0,170,,32564,33,0,17,0,85,,32565,33,0,17,0,45,,32566,33,0,17,0,85,,32567,33,0,17,0,85,,32568,33,0,17,0,85,,32569,33,0,17,0,45,,32570,33,0,17,0,85,,32571,33,0,17,0
70101,'1360',721,,32572,33,0,17,0,85,,32573,33,0,17,0,45,,32574,33,0,17,0,85,,32575,33,0,17,0,85,,32576,33,0,17,0,130,,32577,33,0,17,0,170,,32578,33,0,17,0,85,,32579,33,0,17,0,45,,32580,33,0,17,0,85,,32581,33,0,17,0,85,,32582,33,0,17,0,85,,32583,33,0,17,0,45,,32584,33,0,17,0,85,,32585,33,0,17,0
70101,'1361',721,,32586,33,0,17,0,85,,32587,33,0,17,0,45,,32588,33,0,17,0,85,,32589,33,0,17,0,85,,32590,33,0,17,0,130,,32591,33,0,17,0,170,,32592,33,0,17,0,85,,32593,33,0,17,0,45,,32594,33,0,17,0,85,,32595,33,0,17,0,85,,32596,33,0,17,0,85,,32597,33,0,17,0,45,,32598,33,0,17,0,85,,32599,33,0,17,0
70102,'1356',822,,32600,34,0,16,0,130,,32601,34,0,16,0,170,,32602,34,0,16,0,130,,32603,34,0,16,0,170,,32604,34,0,16,0,130,,32605,34,0,16,0,170,,32606,34,0,16,0,130,,32607,34,0,16,0
70102,'1357',737,,32608,34,0,16,0,85,,32609,34,0,16,0,85,,32610,34,0,16,0,45,,32611,34,0,16,0,85,,32612,34,0,16,0,85,,32613,34,0,16,0,130,,32614,34,0,16,0,170,,32615,34,0,16,0,85,,32616,34,0,16,0,45,,32617,34,0,16,0,85,,32618,34,0,16,0,85,,32619,34,0,16,0,85,,32620,34,0,16,0,45,,32621,34,0,16,0
70102,'1358',737,,32622,34,0,16,0,85,,32623,34,0,16,0,85,,32624,34,0,16,0,45,,32625,34,0,16,0,85,,32626,34,0,16,0,85,,32627,34,0,16,0,130,,32628,34,0,16,0,170,,32629,34,0,16,0,85,,32630,34,0,16,0,45,,32631,34,0,16,0,85,,32632,34,0,16,0,85,,32633,34,0,16,0,85,,32634,34,0,16,0,45,,32635,34,0,16,0
70102,'1359',737,,32636,34,0,16,0,85,,32637,34,0,16,0,85,,32638,34,0,16,0,45,,32639,34,0,16,0,85,,32640,34,0,16,0,85,,32641,34,0,16,0,130,,32642,34,0,16,0,170,,32643,34,0,16,0,85,,32644,34,0,16,0,45,,32645,34,0,16,0,85,,32646,34,0,16,0,85,,32647,34,0,16,0,85,,32648,34,0,16,0,45,,32649,34,0,16,0
70102,'1360',737,,32650,34,0,16,0,85,,32651,34,0,16,0,85,,32652,34,0,16,0,45,,32653,34,0,16,0,85,,32654,34,0,16,0,85,,32655,34,0,16,0,130,,32656,34,0,16,0,170,,32657,34,0,16,0,85,,32658,34,0,16,0,45,,32659,34,0,16,0,85,,32660,34,0,16,0,85,,32661,34,0,16,0,85,,32662,34,0,16,0,45,,32663,34,0,16,0
70102,'1361',737,,32664,34,0,16,0,85,,32665,34,0,16,0,85,,32666,34,0,16,0,45,,32667,34,0,16,0,85,,32668,34,0,16,0,85,,32669,34,0,16,0,130,,32670,34,0,16,0,170,,32671,34,0,16,0,85,,32672,34,0,16,0,45,,32673,34,0,16,0,85,,32674,34,0,16,0,85,,32675,34,0,16,0,85,,32676,34,0,16,0,45,,32677,34,0,16,0
