'1296',721303,91800,4,'',0,4000,4,'',0,8000,4,'',0,8000,4,'',0,4000,4,'',0,8000,4,'',0,8000,4,'',0,4000,4,'',0,8000,4,'',0,8000,4,'',0,4000,4,'',0,8000,4,'',0,8000,4,'',0,4000,4,'',0,8000,4,'',0,8000,4,'',0,4000,4,'',0,8000,4,'',0
'1296',721304,80000,,'',0,4000,,'',0,8000,,'',0,8000,,'',0,4000,,'',0,8000,,'',0,8000,,'',0,4000,,'',0,8000,,'',0,8000,,'',0,4000,,'',0,8000,,'',0,8000,,'',0,4000,,'',0,8000,,'',0,8000,,'',0,4000,,'',0,8000,,'',0
'1297',721303,71800,4,'',0,4000,4,'',0,8000,4,'',0,8000,4,'',0,4000,4,'',0,8000,4,'',0,8000,4,'',0,4000,4,'',0,8000,4,'',0,2000,4,'',0,6000,4,'',0,2000,4,'',0,2000,4,'',0,6000,4,'',0,2000,4,'',0,2000,4,'',0,6000,4,'',0,2000,4,'',0,2000,4,'',0,6000,4,'',0,2000,4,'',0,2000,4,'',0,6000,4,'',0,2000,4,'',0,2000,4,'',0,6000,4,'',0,2000,4,'',0,2000,4,'',0,6000,4,'',0,4000,4,'',0,8000,4,'',0,8000,4,'',0,4000,4,'',0,8000,4,'',0,8000,4,'',0,4000,4,'',0
'1297',721304,60000,,'',0,4000,,'',0,8000,,'',0,8000,,'',0,4000,,'',0,8000,,'',0,8000,,'',0,4000,,'',0,8000,,'',0,2000,,'',0,6000,,'',0,2000,,'',0,2000,,'',0,6000,,'',0,2000,,'',0,2000,,'',0,6000,,'',0,2000,,'',0,2000,,'',0,6000,,'',0,2000,,'',0,2000,,'',0,6000,,'',0,2000,,'',0,2000,,'',0,6000,,'',0,2000,,'',0,2000,,'',0,6000,,'',0,4000,,'',0,8000,,'',0,8000,,'',0,4000,,'',0,8000,,'',0,8000,,'',0,4000,,'',0
'1298',721303,65700,4,'',0,8500,4,'',0,6000,4,'',0,2500,4,'',0,2000,4,'',0,6500,4,'',0,2000,4,'',0,2500,4,'',0,6000,4,'',0,2500,4,'',0,6000,4,'',0,2500,4,'',0,2000,4,'',0,6500,4,'',0,2000,4,'',0,2500,4,'',0,6000,4,'',0,2500,4,'',0,6000,4,'',0,2500,4,'',0,2000,4,'',0,6500,4,'',0,2000,4,'',0,2500,4,'',0,6000,4,'',0,2500,4,'',0,6000,4,'',0,2500,4,'',0,2000,4,'',0,6500,4,'',0,2000,4,'',0,2500,4,'',0,6000,4,'',0,2100,4,'',0,8000,4,'',0,4000,4,'',0,8000,4,'',0,8000,4,'',0,4000,4,'',0,8000,4,'',0,8000,4,'',0
'1298',721304,53000,,'',0,8500,,'',0,2000,,'',0,6500,,'',0,2000,,'',0,2500,,'',0,6000,,'',0,2500,,'',0,2000,,'',0,6500,,'',0,2000,,'',0,6500,,'',0,2000,,'',0,2500,,'',0,6000,,'',0,2500,,'',0,2000,,'',0,6500,,'',0,2000,,'',0,6500,,'',0,2000,,'',0,2500,,'',0,6000,,'',0,2500,,'',0,2000,,'',0,6500,,'',0,2000,,'',0,6500,,'',0,2000,,'',0,2500,,'',0,6000,,'',0,2500,,'',0,2000,,'',0,7000,,'',0,8000,,'',0,4000,,'',0,8000,,'',0,8000,,'',0,4000,,'',0,8000,,'',0,8000,,'',0
'1299',721303,65700,4,'',0,8500,4,'',0,6000,4,'',0,2500,4,'',0,2000,4,'',0,6500,4,'',0,2000,4,'',0,2500,4,'',0,6000,4,'',0,2500,4,'',0,6000,4,'',0,2500,4,'',0,2000,4,'',0,6500,4,'',0,2000,4,'',0,2500,4,'',0,6000,4,'',0,2500,4,'',0,6000,4,'',0,2500,4,'',0,2000,4,'',0,6500,4,'',0,2000,4,'',0,2500,4,'',0,6000,4,'',0,2500,4,'',0,6000,4,'',0,2500,4,'',0,2000,4,'',0,6500,4,'',0,2000,4,'',0,2500,4,'',0,6000,4,'',0,2100,4,'',0,8000,4,'',0,4000,4,'',0,8000,4,'',0,8000,4,'',0,4000,4,'',0,8000,4,'',0,8000,4,'',0
'1299',721304,53000,,'',0,8500,,'',0,2000,,'',0,6500,,'',0,2000,,'',0,2500,,'',0,6000,,'',0,2500,,'',0,2000,,'',0,6500,,'',0,2000,,'',0,6500,,'',0,2000,,'',0,2500,,'',0,6000,,'',0,2500,,'',0,2000,,'',0,6500,,'',0,2000,,'',0,6500,,'',0,2000,,'',0,2500,,'',0,6000,,'',0,2500,,'',0,2000,,'',0,6500,,'',0,2000,,'',0,6500,,'',0,2000,,'',0,2500,,'',0,6000,,'',0,2500,,'',0,2000,,'',0,7000,,'',0,8000,,'',0,4000,,'',0,8000,,'',0,8000,,'',0,4000,,'',0,8000,,'',0,8000,,'',0
'1300',721303,65700,4,'',0,8500,4,'',0,6000,4,'',0,2500,4,'',0,2000,4,'',0,6500,4,'',0,2000,4,'',0,2500,4,'',0,6000,4,'',0,2500,4,'',0,6000,4,'',0,2500,4,'',0,2000,4,'',0,6500,4,'',0,2000,4,'',0,2500,4,'',0,6000,4,'',0,2500,4,'',0,6000,4,'',0,2500,4,'',0,2000,4,'',0,6500,4,'',0,2000,4,'',0,2500,4,'',0,6000,4,'',0,2500,4,'',0,6000,4,'',0,2500,4,'',0,2000,4,'',0,6500,4,'',0,2000,4,'',0,2500,4,'',0,6000,4,'',0,2100,4,'',0,8000,4,'',0,4000,4,'',0,8000,4,'',0,8000,4,'',0,4000,4,'',0,8000,4,'',0,8000,4,'',0
'1300',721304,53000,,'',0,8500,,'',0,2000,,'',0,6500,,'',0,2000,,'',0,2500,,'',0,6000,,'',0,2500,,'',0,2000,,'',0,6500,,'',0,2000,,'',0,6500,,'',0,2000,,'',0,2500,,'',0,6000,,'',0,2500,,'',0,2000,,'',0,6500,,'',0,2000,,'',0,6500,,'',0,2000,,'',0,2500,,'',0,6000,,'',0,2500,,'',0,2000,,'',0,6500,,'',0,2000,,'',0,6500,,'',0,2000,,'',0,2500,,'',0,6000,,'',0,2500,,'',0,2000,,'',0,7000,,'',0,8000,,'',0,4000,,'',0,8000,,'',0,8000,,'',0,4000,,'',0,8000,,'',0,8000,,'',0
'1301',721303,65700,4,'',0,8500,4,'',0,6000,4,'',0,2500,4,'',0,2000,4,'',0,6500,4,'',0,2000,4,'',0,2500,4,'',0,6000,4,'',0,2500,4,'',0,6000,4,'',0,2500,4,'',0,2000,4,'',0,6500,4,'',0,2000,4,'',0,2500,4,'',0,6000,4,'',0,2500,4,'',0,6000,4,'',0,2500,4,'',0,2000,4,'',0,6500,4,'',0,2000,4,'',0,2500,4,'',0,6000,4,'',0,2500,4,'',0,6000,4,'',0,2500,4,'',0,2000,4,'',0,6500,4,'',0,2000,4,'',0,2500,4,'',0,6000,4,'',0,2100,4,'',0,8000,4,'',0,4000,4,'',0,8000,4,'',0,8000,4,'',0,4000,4,'',0,8000,4,'',0,8000,4,'',0
'1301',721304,53000,,'',0,8500,,'',0,2000,,'',0,6500,,'',0,2000,,'',0,2500,,'',0,6000,,'',0,2500,,'',0,2000,,'',0,6500,,'',0,2000,,'',0,6500,,'',0,2000,,'',0,2500,,'',0,6000,,'',0,2500,,'',0,2000,,'',0,6500,,'',0,2000,,'',0,6500,,'',0,2000,,'',0,2500,,'',0,6000,,'',0,2500,,'',0,2000,,'',0,6500,,'',0,2000,,'',0,6500,,'',0,2000,,'',0,2500,,'',0,6000,,'',0,2500,,'',0,2000,,'',0,7000,,'',0,8000,,'',0,4000,,'',0,8000,,'',0,8000,,'',0,4000,,'',0,8000,,'',0,8000,,'',0
'1302',721303,65700,4,'',0,8500,4,'',0,6000,4,'',0,2500,4,'',0,2000,4,'',0,6500,4,'',0,2000,4,'',0,2500,4,'',0,6000,4,'',0,2500,4,'',0,6000,4,'',0,2500,4,'',0,2000,4,'',0,6500,4,'',0,2000,4,'',0,2500,4,'',0,6000,4,'',0,2500,4,'',0,6000,4,'',0,2500,4,'',0,2000,4,'',0,6500,4,'',0,2000,4,'',0,2500,4,'',0,6000,4,'',0,2500,4,'',0,6000,4,'',0,2500,4,'',0,2000,4,'',0,6500,4,'',0,2000,4,'',0,2500,4,'',0,6000,4,'',0,2100,4,'',0,8000,4,'',0,4000,4,'',0,8000,4,'',0,8000,4,'',0,4000,4,'',0,8000,4,'',0,8000,4,'',0
'1302',721304,53000,,'',0,8500,,'',0,2000,,'',0,6500,,'',0,2000,,'',0,2500,,'',0,6000,,'',0,2500,,'',0,2000,,'',0,6500,,'',0,2000,,'',0,6500,,'',0,2000,,'',0,2500,,'',0,6000,,'',0,2500,,'',0,2000,,'',0,6500,,'',0,2000,,'',0,6500,,'',0,2000,,'',0,2500,,'',0,6000,,'',0,2500,,'',0,2000,,'',0,6500,,'',0,2000,,'',0,6500,,'',0,2000,,'',0,2500,,'',0,6000,,'',0,2500,,'',0,2000,,'',0,7000,,'',0,8000,,'',0,4000,,'',0,8000,,'',0,8000,,'',0,4000,,'',0,8000,,'',0,8000,,'',0
'1303',721303,91800,4,'',0,4000,4,'',0,8000,4,'',0,8000,4,'',0,4000,4,'',0,8000,4,'',0,8000,4,'',0,4000,4,'',0,8000,4,'',0,8000,4,'',0,4000,4,'',0,8000,4,'',0,8000,4,'',0,4000,4,'',0,8000,4,'',0,8000,4,'',0,4000,4,'',0,8000,4,'',0
'1303',721304,80000,,'',0,4000,,'',0,8000,,'',0,8000,,'',0,4000,,'',0,8000,,'',0,8000,,'',0,4000,,'',0,8000,,'',0,8000,,'',0,4000,,'',0,8000,,'',0,8000,,'',0,4000,,'',0,8000,,'',0,8000,,'',0,4000,,'',0,8000,,'',0
'1304',721303,95900,4,'',0,10000,4,'',0,10000,4,'',0,10000,4,'',0,10000,4,'',0,10000,4,'',0,10000,4,'',0,10000,4,'',0
'1304',721304,90000,,'',0,10000,,'',0,10000,,'',0,10000,,'',0,10000,,'',0,10000,,'',0,10000,,'',0,10000,,'',0
'1305',721303,91800,4,'',0,4000,4,'',0,8000,4,'',0,8000,4,'',0,4000,4,'',0,8000,4,'',0,8000,4,'',0,4000,4,'',0,8000,4,'',0,8000,4,'',0,4000,4,'',0,8000,4,'',0,8000,4,'',0,4000,4,'',0,8000,4,'',0,8000,4,'',0,4000,4,'',0,8000,4,'',0
'1305',721304,80000,,'',0,4000,,'',0,8000,,'',0,8000,,'',0,4000,,'',0,8000,,'',0,8000,,'',0,4000,,'',0,8000,,'',0,8000,,'',0,4000,,'',0,8000,,'',0,8000,,'',0,4000,,'',0,8000,,'',0,8000,,'',0,4000,,'',0,8000,,'',0
