721303,'1355',839,,34791,5,0,15,0,80,,34790,5,0,15,0,40,,34789,5,0,15,0,80,,34788,5,0,15,0,80,,34787,5,0,15,0,40,,34786,5,0,15,0,80,,34785,5,0,15,0,80,,34784,5,0,15,0,40,,34783,5,0,15,0,80,,34782,5,0,15,0,80,,34781,5,0,15,0,40,,34780,5,0,15,0,80,,34779,5,0,15,0,80,,34778,5,0,15,0,40,,34777,5,0,15,0,80,,34776,5,0,15,0,80,,34775,5,0,15,0,40,,34774,5,0,15,0
721303,'1356',639,,34792,5,0,15,0,80,,34793,5,0,15,0,40,,34794,5,0,15,0,80,,34795,5,0,15,0,80,,34796,5,0,15,0,40,,34797,5,0,15,0,80,,34798,5,0,15,0,80,,34799,5,0,15,0,40,,34800,5,0,15,0,60,,34801,5,0,15,0,20,,34802,5,0,15,0,20,,34803,5,0,15,0,60,,34804,5,0,15,0,20,,34805,5,0,15,0,20,,34806,5,0,15,0,60,,34807,5,0,15,0,20,,34808,5,0,15,0,20,,34809,5,0,15,0,60,,34810,5,0,15,0,20,,34811,5,0,15,0,20,,34812,5,0,15,0,60,,34813,5,0,15,0,20,,34814,5,0,15,0,20,,34815,5,0,15,0,60,,34816,5,0,15,0,20,,34817,5,0,15,0,20,,34818,5,0,15,0,60,,34819,5,0,15,0,20,,34820,5,0,15,0,80,,34821,5,0,15,0,40,,34822,5,0,15,0,80,,34823,5,0,15,0,80,,34824,5,0,15,0,40,,34825,5,0,15,0,80,,34826,5,0,15,0,80,,34827,5,0,15,0
721303,'1357',614,,34835,5,0,15,0,45,,34836,5,0,15,0,60,,34837,5,0,15,0,25,,34838,5,0,15,0,60,,34839,5,0,15,0,25,,34840,5,0,15,0,20,,34841,5,0,15,0,65,,34842,5,0,15,0,20,,34843,5,0,15,0,25,,34844,5,0,15,0,60,,34845,5,0,15,0,25,,34846,5,0,15,0,60,,34847,5,0,15,0,25,,34848,5,0,15,0,20,,34849,5,0,15,0,65,,34850,5,0,15,0,20,,34851,5,0,15,0,25,,34852,5,0,15,0,60,,34853,5,0,15,0,25,,34854,5,0,15,0,60,,34855,5,0,15,0,25,,34856,5,0,15,0,20,,34857,5,0,15,0,65,,34858,5,0,15,0,20,,34859,5,0,15,0,25,,34860,5,0,15,0,60,,34861,5,0,15,0,25,,34862,5,0,15,0,60,,34863,5,0,15,0,25,,34864,5,0,15,0,20,,34865,5,0,15,0,65,,34866,5,0,15,0,20,,34867,5,0,15,0,70,,34868,5,0,15,0,35,,34828,5,0,15,0,80,,34829,5,0,15,0,40,,34830,5,0,15,0,80,,34831,5,0,15,0,80,,34832,5,0,15,0,40,,34833,5,0,15,0,80,,34834,5,0,15,0
721303,'1358',614,,34876,5,0,15,0,45,,34877,5,0,15,0,60,,34878,5,0,15,0,25,,34879,5,0,15,0,60,,34880,5,0,15,0,25,,34881,5,0,15,0,20,,34882,5,0,15,0,65,,34883,5,0,15,0,20,,34884,5,0,15,0,25,,34885,5,0,15,0,60,,34886,5,0,15,0,25,,34887,5,0,15,0,60,,34888,5,0,15,0,25,,34889,5,0,15,0,20,,34890,5,0,15,0,65,,34891,5,0,15,0,20,,34892,5,0,15,0,25,,34893,5,0,15,0,60,,34894,5,0,15,0,25,,34895,5,0,15,0,60,,34896,5,0,15,0,25,,34897,5,0,15,0,20,,34898,5,0,15,0,65,,34899,5,0,15,0,20,,34900,5,0,15,0,25,,34901,5,0,15,0,60,,34902,5,0,15,0,25,,34903,5,0,15,0,60,,34904,5,0,15,0,25,,34905,5,0,15,0,20,,34906,5,0,15,0,65,,34907,5,0,15,0,20,,34908,5,0,15,0,70,,34909,5,0,15,0,35,,34869,5,0,15,0,80,,34870,5,0,15,0,40,,34871,5,0,15,0,80,,34872,5,0,15,0,80,,34873,5,0,15,0,40,,34874,5,0,15,0,80,,34875,5,0,15,0
721303,'1359',614,,34917,5,0,15,0,45,,34918,5,0,15,0,60,,34919,5,0,15,0,25,,34920,5,0,15,0,60,,34921,5,0,15,0,25,,34922,5,0,15,0,20,,34923,5,0,15,0,65,,34924,5,0,15,0,20,,34925,5,0,15,0,25,,34926,5,0,15,0,60,,34927,5,0,15,0,25,,34928,5,0,15,0,60,,34929,5,0,15,0,25,,34930,5,0,15,0,20,,34931,5,0,15,0,65,,34932,5,0,15,0,20,,34933,5,0,15,0,25,,34934,5,0,15,0,60,,34935,5,0,15,0,25,,34936,5,0,15,0,60,,34937,5,0,15,0,25,,34938,5,0,15,0,20,,34939,5,0,15,0,65,,34940,5,0,15,0,20,,34941,5,0,15,0,25,,34942,5,0,15,0,60,,34943,5,0,15,0,25,,34944,5,0,15,0,60,,34945,5,0,15,0,25,,34946,5,0,15,0,20,,34947,5,0,15,0,65,,34948,5,0,15,0,20,,34949,5,0,15,0,70,,34950,5,0,15,0,35,,34910,5,0,15,0,80,,34911,5,0,15,0,40,,34912,5,0,15,0,80,,34913,5,0,15,0,80,,34914,5,0,15,0,40,,34915,5,0,15,0,80,,34916,5,0,15,0
721303,'1360',614,,34958,5,0,15,0,45,,34959,5,0,15,0,60,,34960,5,0,15,0,25,,34961,5,0,15,0,60,,34962,5,0,15,0,25,,34963,5,0,15,0,20,,34964,5,0,15,0,65,,34965,5,0,15,0,20,,34966,5,0,15,0,25,,34967,5,0,15,0,60,,34968,5,0,15,0,25,,34969,5,0,15,0,60,,34970,5,0,15,0,25,,34971,5,0,15,0,20,,34972,5,0,15,0,65,,34973,5,0,15,0,20,,34974,5,0,15,0,25,,34975,5,0,15,0,60,,34976,5,0,15,0,25,,34977,5,0,15,0,60,,34978,5,0,15,0,25,,34979,5,0,15,0,20,,34980,5,0,15,0,65,,34981,5,0,15,0,20,,34982,5,0,15,0,25,,34983,5,0,15,0,60,,34984,5,0,15,0,25,,34985,5,0,15,0,60,,34986,5,0,15,0,25,,34987,5,0,15,0,20,,34988,5,0,15,0,65,,34989,5,0,15,0,20,,34990,5,0,15,0,70,,34991,5,0,15,0,35,,34951,5,0,15,0,80,,34952,5,0,15,0,40,,34953,5,0,15,0,80,,34954,5,0,15,0,80,,34955,5,0,15,0,40,,34956,5,0,15,0,80,,34957,5,0,15,0
721303,'1361',614,,34999,5,0,15,0,45,,35000,5,0,15,0,60,,35001,5,0,15,0,25,,35002,5,0,15,0,60,,35003,5,0,15,0,25,,35004,5,0,15,0,20,,35005,5,0,15,0,65,,35006,5,0,15,0,20,,35007,5,0,15,0,25,,35008,5,0,15,0,60,,35009,5,0,15,0,25,,35010,5,0,15,0,60,,35011,5,0,15,0,25,,35012,5,0,15,0,20,,35013,5,0,15,0,65,,35014,5,0,15,0,20,,35015,5,0,15,0,25,,35016,5,0,15,0,60,,35017,5,0,15,0,25,,35018,5,0,15,0,60,,35019,5,0,15,0,25,,35020,5,0,15,0,20,,35021,5,0,15,0,65,,35022,5,0,15,0,20,,35023,5,0,15,0,25,,35024,5,0,15,0,60,,35025,5,0,15,0,25,,35026,5,0,15,0,60,,35027,5,0,15,0,25,,35028,5,0,15,0,20,,35029,5,0,15,0,65,,35030,5,0,15,0,20,,35031,5,0,15,0,70,,35032,5,0,15,0,35,,34992,5,0,15,0,80,,34993,5,0,15,0,40,,34994,5,0,15,0,80,,34995,5,0,15,0,80,,34996,5,0,15,0,40,,34997,5,0,15,0,80,,34998,5,0,15,0
721502,'1357',722,,35734,3,0,16,0
721502,'1358',722,,35763,3,0,16,0
721502,'1359',722,,35792,3,0,16,0
721502,'1360',722,,35821,3,0,16,0
721502,'1361',722,,35850,3,0,16,0
