552200,'1357',653,,33076,12,0,9,0,70,,33077,12,0,9,0,30,,33078,12,0,9,0,70,,33079,12,0,9,0,30,,33080,12,0,9,0,70,,33081,12,0,9,0,30,,33082,12,0,9,0,70,,33083,12,0,9,0,30,,33084,12,0,9,0,70,,33085,12,0,9,0,30,,33086,12,0,9,0,70,,33087,12,0,9,0,30,,33088,12,0,9,0,70,,33089,12,0,9,0,30,,33090,12,0,9,0,70,,33091,12,0,9,0,30,,33092,12,0,9,0,70,,33093,12,0,9,0,30,,33094,12,0,9,0,70,,33095,12,0,9,0,30,,33096,12,0,9,0,70,,33097,12,0,9,0,30,,33098,12,0,9,0
552200,'1358',653,,33099,12,0,9,0,70,,33100,12,0,9,0,30,,33101,12,0,9,0,70,,33102,12,0,9,0,30,,33103,12,0,9,0,70,,33104,12,0,9,0,30,,33105,12,0,9,0,70,,33106,12,0,9,0,30,,33107,12,0,9,0,70,,33108,12,0,9,0,30,,33109,12,0,9,0,70,,33110,12,0,9,0,30,,33111,12,0,9,0,70,,33112,12,0,9,0,30,,33113,12,0,9,0,70,,33114,12,0,9,0,30,,33115,12,0,9,0,70,,33116,12,0,9,0,30,,33117,12,0,9,0,70,,33118,12,0,9,0,30,,33119,12,0,9,0,70,,33120,12,0,9,0,30,,33121,12,0,9,0
552200,'1359',653,,33122,12,0,9,0,70,,33123,12,0,9,0,30,,33124,12,0,9,0,70,,33125,12,0,9,0,30,,33126,12,0,9,0,70,,33127,12,0,9,0,30,,33128,12,0,9,0,70,,33129,12,0,9,0,30,,33130,12,0,9,0,70,,33131,12,0,9,0,30,,33132,12,0,9,0,70,,33133,12,0,9,0,30,,33134,12,0,9,0,70,,33135,12,0,9,0,30,,33136,12,0,9,0,70,,33137,12,0,9,0,30,,33138,12,0,9,0,70,,33139,12,0,9,0,30,,33140,12,0,9,0,70,,33141,12,0,9,0,30,,33142,12,0,9,0,70,,33143,12,0,9,0,30,,33144,12,0,9,0
552200,'1360',653,,33145,12,0,9,0,70,,33146,12,0,9,0,30,,33147,12,0,9,0,70,,33148,12,0,9,0,30,,33149,12,0,9,0,70,,33150,12,0,9,0,30,,33151,12,0,9,0,70,,33152,12,0,9,0,30,,33153,12,0,9,0,70,,33154,12,0,9,0,30,,33155,12,0,9,0,70,,33156,12,0,9,0,30,,33157,12,0,9,0,70,,33158,12,0,9,0,30,,33159,12,0,9,0,70,,33160,12,0,9,0,30,,33161,12,0,9,0,70,,33162,12,0,9,0,30,,33163,12,0,9,0,70,,33164,12,0,9,0,30,,33165,12,0,9,0,70,,33166,12,0,9,0,30,,33167,12,0,9,0
552200,'1361',653,,33168,12,0,9,0,70,,33169,12,0,9,0,30,,33170,12,0,9,0,70,,33171,12,0,9,0,30,,33172,12,0,9,0,70,,33173,12,0,9,0,30,,33174,12,0,9,0,70,,33175,12,0,9,0,30,,33176,12,0,9,0,70,,33177,12,0,9,0,30,,33178,12,0,9,0,70,,33179,12,0,9,0,30,,33180,12,0,9,0,70,,33181,12,0,9,0,30,,33182,12,0,9,0,70,,33183,12,0,9,0,30,,33184,12,0,9,0,70,,33185,12,0,9,0,30,,33186,12,0,9,0,70,,33187,12,0,9,0,30,,33188,12,0,9,0,70,,33189,12,0,9,0,30,,33190,12,0,9,0
721203,'1355',1018,,34348,47,0,15,0,85,,34347,47,0,15,0,45,,34346,47,0,15,0,85,,34345,47,0,15,0,85,,34344,47,0,15,0,85,,34343,47,0,15,0,45,,34342,47,0,15,0,85,,34341,47,0,15,0,85,,34340,47,0,15,0,85,,34339,47,0,15,0,45,,34338,47,0,15,0,85,,34337,47,0,15,0,85,,34336,47,0,15,0,85,,34335,47,0,15,0
721203,'1356',718,,34349,47,0,15,0,85,,34350,47,0,15,0,45,,34351,47,0,15,0,85,,34352,47,0,15,0,85,,34353,47,0,15,0,85,,34354,47,0,15,0,30,,34355,47,0,15,0,70,,34356,47,0,15,0,30,,34357,47,0,15,0,70,,34358,47,0,15,0,30,,34359,47,0,15,0,70,,34360,47,0,15,0,30,,34361,47,0,15,0,70,,34362,47,0,15,0,30,,34363,47,0,15,0,70,,34364,47,0,15,0,30,,34365,47,0,15,0,70,,34366,47,0,15,0,30,,34367,47,0,15,0,70,,34368,47,0,15,0,30,,34369,47,0,15,0,70,,34370,47,0,15,0,45,,34371,47,0,15,0,85,,34372,47,0,15,0,85,,34373,47,0,15,0,85,,34374,47,0,15,0,45,,34375,47,0,15,0,85,,34376,47,0,15,0
721203,'1357',648,,34377,47,0,15,0,70,,34378,47,0,15,0,30,,34379,47,0,15,0,70,,34380,47,0,15,0,15,,34381,47,0,15,0,15,,34382,47,0,15,0,55,,34383,47,0,15,0,15,,34384,47,0,15,0,30,,34385,47,0,15,0,70,,34386,47,0,15,0,30,,34387,47,0,15,0,70,,34388,47,0,15,0,30,,34389,47,0,15,0,70,,34390,47,0,15,0,30,,34391,47,0,15,0,70,,34392,47,0,15,0,30,,34393,47,0,15,0,70,,34394,47,0,15,0,30,,34395,47,0,15,0,70,,34396,47,0,15,0,15,,34397,47,0,15,0,15,,34398,47,0,15,0,55,,34399,47,0,15,0,15,,34400,47,0,15,0,30,,34401,47,0,15,0,70,,34402,47,0,15,0,30,,34403,47,0,15,0,70,,34404,47,0,15,0,30,,34405,47,0,15,0,70,,34406,47,0,15,0,85,,34407,47,0,15,0,45,,34408,47,0,15,0,85,,34409,47,0,15,0,85,,34410,47,0,15,0,85,,34411,47,0,15,0,45,,34412,47,0,15,0
721203,'1358',648,,34413,47,0,15,0,70,,34414,47,0,15,0,30,,34415,47,0,15,0,70,,34416,47,0,15,0,15,,34417,47,0,15,0,15,,34418,47,0,15,0,55,,34419,47,0,15,0,15,,34420,47,0,15,0,30,,34421,47,0,15,0,70,,34422,47,0,15,0,30,,34423,47,0,15,0,70,,34424,47,0,15,0,30,,34425,47,0,15,0,70,,34426,47,0,15,0,30,,34427,47,0,15,0,70,,34428,47,0,15,0,30,,34429,47,0,15,0,70,,34430,47,0,15,0,30,,34431,47,0,15,0,70,,34432,47,0,15,0,15,,34433,47,0,15,0,15,,34434,47,0,15,0,55,,34435,47,0,15,0,15,,34436,47,0,15,0,30,,34437,47,0,15,0,70,,34438,47,0,15,0,30,,34439,47,0,15,0,70,,34440,47,0,15,0,30,,34441,47,0,15,0,70,,34442,47,0,15,0,85,,34443,47,0,15,0,45,,34444,47,0,15,0,85,,34445,47,0,15,0,85,,34446,47,0,15,0,85,,34447,47,0,15,0,45,,34448,47,0,15,0
721203,'1359',648,,34449,47,0,15,0,70,,34450,47,0,15,0,30,,34451,47,0,15,0,70,,34452,47,0,15,0,15,,34453,47,0,15,0,15,,34454,47,0,15,0,55,,34455,47,0,15,0,15,,34456,47,0,15,0,30,,34457,47,0,15,0,70,,34458,47,0,15,0,30,,34459,47,0,15,0,70,,34460,47,0,15,0,30,,34461,47,0,15,0,70,,34462,47,0,15,0,30,,34463,47,0,15,0,70,,34464,47,0,15,0,30,,34465,47,0,15,0,70,,34466,47,0,15,0,30,,34467,47,0,15,0,70,,34468,47,0,15,0,15,,34469,47,0,15,0,15,,34470,47,0,15,0,55,,34471,47,0,15,0,15,,34472,47,0,15,0,30,,34473,47,0,15,0,70,,34474,47,0,15,0,30,,34475,47,0,15,0,70,,34476,47,0,15,0,30,,34477,47,0,15,0,70,,34478,47,0,15,0,85,,34479,47,0,15,0,45,,34480,47,0,15,0,85,,34481,47,0,15,0,85,,34482,47,0,15,0,85,,34483,47,0,15,0,45,,34484,47,0,15,0
721203,'1360',648,,34485,47,0,15,0,70,,34486,47,0,15,0,30,,34487,47,0,15,0,70,,34488,47,0,15,0,15,,34489,47,0,15,0,15,,34490,47,0,15,0,55,,34491,47,0,15,0,15,,34492,47,0,15,0,30,,34493,47,0,15,0,70,,34494,47,0,15,0,30,,34495,47,0,15,0,70,,34496,47,0,15,0,30,,34497,47,0,15,0,70,,34498,47,0,15,0,30,,34499,47,0,15,0,70,,34500,47,0,15,0,30,,34501,47,0,15,0,70,,34502,47,0,15,0,30,,34503,47,0,15,0,70,,34504,47,0,15,0,15,,34505,47,0,15,0,15,,34506,47,0,15,0,55,,34507,47,0,15,0,15,,34508,47,0,15,0,30,,34509,47,0,15,0,70,,34510,47,0,15,0,30,,34511,47,0,15,0,70,,34512,47,0,15,0,30,,34513,47,0,15,0,70,,34514,47,0,15,0,85,,34515,47,0,15,0,45,,34516,47,0,15,0,85,,34517,47,0,15,0,85,,34518,47,0,15,0,85,,34519,47,0,15,0,45,,34520,47,0,15,0
721203,'1361',648,,34521,47,0,15,0,70,,34522,47,0,15,0,30,,34523,47,0,15,0,70,,34524,47,0,15,0,15,,34525,47,0,15,0,15,,34526,47,0,15,0,55,,34527,47,0,15,0,15,,34528,47,0,15,0,30,,34529,47,0,15,0,70,,34530,47,0,15,0,30,,34531,47,0,15,0,70,,34532,47,0,15,0,30,,34533,47,0,15,0,70,,34534,47,0,15,0,30,,34535,47,0,15,0,70,,34536,47,0,15,0,30,,34537,47,0,15,0,70,,34538,47,0,15,0,30,,34539,47,0,15,0,70,,34540,47,0,15,0,15,,34541,47,0,15,0,15,,34542,47,0,15,0,55,,34543,47,0,15,0,15,,34544,47,0,15,0,30,,34545,47,0,15,0,70,,34546,47,0,15,0,30,,34547,47,0,15,0,70,,34548,47,0,15,0,30,,34549,47,0,15,0,70,,34550,47,0,15,0,85,,34551,47,0,15,0,45,,34552,47,0,15,0,85,,34553,47,0,15,0,85,,34554,47,0,15,0,85,,34555,47,0,15,0,45,,34556,47,0,15,0
