400100,'1355',942,,32693,3,0,11,0,75,,32692,3,0,11,0,35,,32691,3,0,11,0,75,,32690,3,0,11,0,75,,32689,3,0,11,0,35,,32688,3,0,11,0,75,,32687,3,0,11,0,35,,32686,3,0,11,0,75,,32685,3,0,11,0,35,,32684,3,0,11,0,75,,32683,3,0,11,0,75,,32682,3,0,11,0,35,,32681,3,0,11,0,75,,32680,3,0,11,0,35,,32679,3,0,11,0,75,,32678,3,0,11,0
400100,'1356',807,,32694,3,0,11,0,35,,32695,3,0,11,0,75,,32696,3,0,11,0,35,,32697,3,0,11,0,75,,32698,3,0,11,0,75,,32699,3,0,11,0,35,,32700,3,0,11,0,75,,32701,3,0,11,0,35,,32702,3,0,11,0,75,,32703,3,0,11,0,35,,32704,3,0,11,0,75,,32705,3,0,11,0,75,,32706,3,0,11,0,35,,32707,3,0,11,0,75,,32708,3,0,11,0,35,,32709,3,0,11,0,75,,32710,3,0,11,0,75,,32711,3,0,11,0,35,,32712,3,0,11,0,75,,32713,3,0,11,0
400100,'1357',707,,32714,3,0,11,0,35,,32715,3,0,11,0,75,,32716,3,0,11,0,35,,32717,3,0,11,0,75,,32718,3,0,11,0,75,,32719,3,0,11,0,35,,32720,3,0,11,0,75,,32721,3,0,11,0,35,,32722,3,0,11,0,75,,32723,3,0,11,0,35,,32724,3,0,11,0,75,,32725,3,0,11,0,75,,32726,3,0,11,0,35,,32727,3,0,11,0,75,,32728,3,0,11,0,35,,32729,3,0,11,0,75,,32730,3,0,11,0,75,,32731,3,0,11,0,35,,32732,3,0,11,0,75,,32733,3,0,11,0,35,,32734,3,0,11,0,75,,32735,3,0,11,0,35,,32736,3,0,11,0,75,,32737,3,0,11,0,75,,32738,3,0,11,0,35,,32739,3,0,11,0,75,,32740,3,0,11,0
400100,'1358',707,,32741,3,0,11,0,35,,32742,3,0,11,0,75,,32743,3,0,11,0,35,,32744,3,0,11,0,75,,32745,3,0,11,0,75,,32746,3,0,11,0,35,,32747,3,0,11,0,75,,32748,3,0,11,0,35,,32749,3,0,11,0,75,,32750,3,0,11,0,35,,32751,3,0,11,0,75,,32752,3,0,11,0,75,,32753,3,0,11,0,35,,32754,3,0,11,0,75,,32755,3,0,11,0,35,,32756,3,0,11,0,75,,32757,3,0,11,0,75,,32758,3,0,11,0,35,,32759,3,0,11,0,75,,32760,3,0,11,0,35,,32761,3,0,11,0,75,,32762,3,0,11,0,35,,32763,3,0,11,0,75,,32764,3,0,11,0,75,,32765,3,0,11,0,35,,32766,3,0,11,0,75,,32767,3,0,11,0
400100,'1359',707,,32768,3,0,11,0,35,,32769,3,0,11,0,75,,32770,3,0,11,0,35,,32771,3,0,11,0,75,,32772,3,0,11,0,75,,32773,3,0,11,0,35,,32774,3,0,11,0,75,,32775,3,0,11,0,35,,32776,3,0,11,0,75,,32777,3,0,11,0,35,,32778,3,0,11,0,75,,32779,3,0,11,0,75,,32780,3,0,11,0,35,,32781,3,0,11,0,75,,32782,3,0,11,0,35,,32783,3,0,11,0,75,,32784,3,0,11,0,75,,32785,3,0,11,0,35,,32786,3,0,11,0,75,,32787,3,0,11,0,35,,32788,3,0,11,0,75,,32789,3,0,11,0,35,,32790,3,0,11,0,75,,32791,3,0,11,0,75,,32792,3,0,11,0,35,,32793,3,0,11,0,75,,32794,3,0,11,0
400100,'1360',707,,32795,3,0,11,0,35,,32796,3,0,11,0,75,,32797,3,0,11,0,35,,32798,3,0,11,0,75,,32799,3,0,11,0,75,,32800,3,0,11,0,35,,32801,3,0,11,0,75,,32802,3,0,11,0,35,,32803,3,0,11,0,75,,32804,3,0,11,0,35,,32805,3,0,11,0,75,,32806,3,0,11,0,75,,32807,3,0,11,0,35,,32808,3,0,11,0,75,,32809,3,0,11,0,35,,32810,3,0,11,0,75,,32811,3,0,11,0,75,,32812,3,0,11,0,35,,32813,3,0,11,0,75,,32814,3,0,11,0,35,,32815,3,0,11,0,75,,32816,3,0,11,0,35,,32817,3,0,11,0,75,,32818,3,0,11,0,75,,32819,3,0,11,0,35,,32820,3,0,11,0,75,,32821,3,0,11,0
400100,'1361',707,,32822,3,0,11,0,35,,32823,3,0,11,0,75,,32824,3,0,11,0,35,,32825,3,0,11,0,75,,32826,3,0,11,0,75,,32827,3,0,11,0,35,,32828,3,0,11,0,75,,32829,3,0,11,0,35,,32830,3,0,11,0,75,,32831,3,0,11,0,35,,32832,3,0,11,0,75,,32833,3,0,11,0,75,,32834,3,0,11,0,35,,32835,3,0,11,0,75,,32836,3,0,11,0,35,,32837,3,0,11,0,75,,32838,3,0,11,0,75,,32839,3,0,11,0,35,,32840,3,0,11,0,75,,32841,3,0,11,0,35,,32842,3,0,11,0,75,,32843,3,0,11,0,35,,32844,3,0,11,0,75,,32845,3,0,11,0,75,,32846,3,0,11,0,35,,32847,3,0,11,0,75,,32848,3,0,11,0
721204,'1355',919,,34570,24,0,14,0,85,,34569,24,0,14,0,45,,34568,24,0,14,0,85,,34567,24,0,14,0,85,,34566,24,0,14,0,85,,34565,24,0,14,0,45,,34564,24,0,14,0,85,,34563,24,0,14,0,85,,34562,24,0,14,0,85,,34561,24,0,14,0,45,,34560,24,0,14,0,85,,34559,24,0,14,0,85,,34558,24,0,14,0,85,,34557,24,0,14,0
721204,'1356',619,,34571,24,0,14,0,85,,34572,24,0,14,0,45,,34573,24,0,14,0,85,,34574,24,0,14,0,85,,34575,24,0,14,0,85,,34576,24,0,14,0,30,,34577,24,0,14,0,70,,34578,24,0,14,0,30,,34579,24,0,14,0,70,,34580,24,0,14,0,30,,34581,24,0,14,0,70,,34582,24,0,14,0,30,,34583,24,0,14,0,70,,34584,24,0,14,0,30,,34585,24,0,14,0,70,,34586,24,0,14,0,30,,34587,24,0,14,0,70,,34588,24,0,14,0,30,,34589,24,0,14,0,70,,34590,24,0,14,0,30,,34591,24,0,14,0,70,,34592,24,0,14,0,45,,34593,24,0,14,0,85,,34594,24,0,14,0,85,,34595,24,0,14,0,85,,34596,24,0,14,0,45,,34597,24,0,14,0,85,,34598,24,0,14,0
721204,'1357',619,,34599,24,0,14,0,30,,34600,24,0,14,0,70,,34601,24,0,14,0,15,,34602,24,0,14,0,15,,34603,24,0,14,0,55,,34604,24,0,14,0,15,,34605,24,0,14,0,30,,34606,24,0,14,0,70,,34607,24,0,14,0,30,,34608,24,0,14,0,70,,34609,24,0,14,0,30,,34610,24,0,14,0,70,,34611,24,0,14,0,30,,34612,24,0,14,0,70,,34613,24,0,14,0,30,,34614,24,0,14,0,70,,34615,24,0,14,0,30,,34616,24,0,14,0,70,,34617,24,0,14,0,15,,34618,24,0,14,0,15,,34619,24,0,14,0,55,,34620,24,0,14,0,15,,34621,24,0,14,0,30,,34622,24,0,14,0,70,,34623,24,0,14,0,30,,34624,24,0,14,0,70,,34625,24,0,14,0,30,,34626,24,0,14,0,70,,34627,24,0,14,0,85,,34628,24,0,14,0,45,,34629,24,0,14,0,85,,34630,24,0,14,0,85,,34631,24,0,14,0,85,,34632,24,0,14,0,45,,34633,24,0,14,0
721204,'1358',619,,34634,24,0,14,0,30,,34635,24,0,14,0,70,,34636,24,0,14,0,15,,34637,24,0,14,0,15,,34638,24,0,14,0,55,,34639,24,0,14,0,15,,34640,24,0,14,0,30,,34641,24,0,14,0,70,,34642,24,0,14,0,30,,34643,24,0,14,0,70,,34644,24,0,14,0,30,,34645,24,0,14,0,70,,34646,24,0,14,0,30,,34647,24,0,14,0,70,,34648,24,0,14,0,30,,34649,24,0,14,0,70,,34650,24,0,14,0,30,,34651,24,0,14,0,70,,34652,24,0,14,0,15,,34653,24,0,14,0,15,,34654,24,0,14,0,55,,34655,24,0,14,0,15,,34656,24,0,14,0,30,,34657,24,0,14,0,70,,34658,24,0,14,0,30,,34659,24,0,14,0,70,,34660,24,0,14,0,30,,34661,24,0,14,0,70,,34662,24,0,14,0,85,,34663,24,0,14,0,45,,34664,24,0,14,0,85,,34665,24,0,14,0,85,,34666,24,0,14,0,85,,34667,24,0,14,0,45,,34668,24,0,14,0
721204,'1359',619,,34669,24,0,14,0,30,,34670,24,0,14,0,70,,34671,24,0,14,0,15,,34672,24,0,14,0,15,,34673,24,0,14,0,55,,34674,24,0,14,0,15,,34675,24,0,14,0,30,,34676,24,0,14,0,70,,34677,24,0,14,0,30,,34678,24,0,14,0,70,,34679,24,0,14,0,30,,34680,24,0,14,0,70,,34681,24,0,14,0,30,,34682,24,0,14,0,70,,34683,24,0,14,0,30,,34684,24,0,14,0,70,,34685,24,0,14,0,30,,34686,24,0,14,0,70,,34687,24,0,14,0,15,,34688,24,0,14,0,15,,34689,24,0,14,0,55,,34690,24,0,14,0,15,,34691,24,0,14,0,30,,34692,24,0,14,0,70,,34693,24,0,14,0,30,,34694,24,0,14,0,70,,34695,24,0,14,0,30,,34696,24,0,14,0,70,,34697,24,0,14,0,85,,34698,24,0,14,0,45,,34699,24,0,14,0,85,,34700,24,0,14,0,85,,34701,24,0,14,0,85,,34702,24,0,14,0,45,,34703,24,0,14,0
721204,'1360',619,,34704,24,0,14,0,30,,34705,24,0,14,0,70,,34706,24,0,14,0,15,,34707,24,0,14,0,15,,34708,24,0,14,0,55,,34709,24,0,14,0,15,,34710,24,0,14,0,30,,34711,24,0,14,0,70,,34712,24,0,14,0,30,,34713,24,0,14,0,70,,34714,24,0,14,0,30,,34715,24,0,14,0,70,,34716,24,0,14,0,30,,34717,24,0,14,0,70,,34718,24,0,14,0,30,,34719,24,0,14,0,70,,34720,24,0,14,0,30,,34721,24,0,14,0,70,,34722,24,0,14,0,15,,34723,24,0,14,0,15,,34724,24,0,14,0,55,,34725,24,0,14,0,15,,34726,24,0,14,0,30,,34727,24,0,14,0,70,,34728,24,0,14,0,30,,34729,24,0,14,0,70,,34730,24,0,14,0,30,,34731,24,0,14,0,70,,34732,24,0,14,0,85,,34733,24,0,14,0,45,,34734,24,0,14,0,85,,34735,24,0,14,0,85,,34736,24,0,14,0,85,,34737,24,0,14,0,45,,34738,24,0,14,0
721204,'1361',619,,34739,24,0,14,0,30,,34740,24,0,14,0,70,,34741,24,0,14,0,15,,34742,24,0,14,0,15,,34743,24,0,14,0,55,,34744,24,0,14,0,15,,34745,24,0,14,0,30,,34746,24,0,14,0,70,,34747,24,0,14,0,30,,34748,24,0,14,0,70,,34749,24,0,14,0,30,,34750,24,0,14,0,70,,34751,24,0,14,0,30,,34752,24,0,14,0,70,,34753,24,0,14,0,30,,34754,24,0,14,0,70,,34755,24,0,14,0,30,,34756,24,0,14,0,70,,34757,24,0,14,0,15,,34758,24,0,14,0,15,,34759,24,0,14,0,55,,34760,24,0,14,0,15,,34761,24,0,14,0,30,,34762,24,0,14,0,70,,34763,24,0,14,0,30,,34764,24,0,14,0,70,,34765,24,0,14,0,30,,34766,24,0,14,0,70,,34767,24,0,14,0,85,,34768,24,0,14,0,45,,34769,24,0,14,0,85,,34770,24,0,14,0,85,,34771,24,0,14,0,85,,34772,24,0,14,0,45,,34773,24,0,14,0
