721204,'1348',924,,27368,31,0,14,0,85,,27367,31,0,14,0,45,,27366,31,0,14,0,85,,27365,31,0,14,0,85,,27364,31,0,14,0,85,,27363,31,0,14,0,45,,27362,31,0,14,0,85,,27361,31,0,14,0,85,,27360,31,0,14,0,85,,27359,31,0,14,0,45,,27358,31,0,14,0,85,,27357,31,0,14,0,85,,27356,31,0,14,0,85,,27355,31,0,14,0
721204,'1349',624,,27369,31,0,14,0,85,,27370,31,0,14,0,45,,27371,31,0,14,0,85,,27372,31,0,14,0,85,,27373,31,0,14,0,85,,27374,31,0,14,0,30,,27375,31,0,14,0,70,,27376,31,0,14,0,30,,27377,31,0,14,0,70,,27378,31,0,14,0,30,,27379,31,0,14,0,70,,27380,31,0,14,0,30,,27381,31,0,14,0,70,,27382,31,0,14,0,30,,27383,31,0,14,0,70,,27384,31,0,14,0,30,,27385,31,0,14,0,70,,27386,31,0,14,0,30,,27387,31,0,14,0,70,,27388,31,0,14,0,30,,27389,31,0,14,0,70,,27390,31,0,14,0,45,,27391,31,0,14,0,85,,27392,31,0,14,0,85,,27393,31,0,14,0,85,,27394,31,0,14,0,45,,27395,31,0,14,0,85,,27396,31,0,14,0
721204,'1350',624,,27397,31,0,14,0,30,,27398,31,0,14,0,70,,27399,31,0,14,0,15,,27400,31,0,14,0,15,,27401,31,0,14,0,55,,27402,31,0,14,0,15,,27403,31,0,14,0,30,,27404,31,0,14,0,70,,27405,31,0,14,0,30,,27406,31,0,14,0,70,,27407,31,0,14,0,30,,27408,31,0,14,0,70,,27409,31,0,14,0,30,,27410,31,0,14,0,70,,27411,31,0,14,0,30,,27412,31,0,14,0,70,,27413,31,0,14,0,30,,27414,31,0,14,0,70,,27415,31,0,14,0,15,,27416,31,0,14,0,15,,27417,31,0,14,0,55,,27418,31,0,14,0,15,,27419,31,0,14,0,30,,27420,31,0,14,0,70,,27421,31,0,14,0,30,,27422,31,0,14,0,70,,27423,31,0,14,0,30,,27424,31,0,14,0,70,,27425,31,0,14,0,85,,27426,31,0,14,0,45,,27427,31,0,14,0,85,,27428,31,0,14,0,85,,27429,31,0,14,0,85,,27430,31,0,14,0,45,,27431,31,0,14,0
721204,'1351',624,,27432,31,0,14,0,30,,27433,31,0,14,0,70,,27434,31,0,14,0,15,,27435,31,0,14,0,15,,27436,31,0,14,0,55,,27437,31,0,14,0,15,,27438,31,0,14,0,30,,27439,31,0,14,0,70,,27440,31,0,14,0,30,,27441,31,0,14,0,70,,27442,31,0,14,0,30,,27443,31,0,14,0,70,,27444,31,0,14,0,30,,27445,31,0,14,0,70,,27446,31,0,14,0,30,,27447,31,0,14,0,70,,27448,31,0,14,0,30,,27449,31,0,14,0,70,,27450,31,0,14,0,15,,27451,31,0,14,0,15,,27452,31,0,14,0,55,,27453,31,0,14,0,15,,27454,31,0,14,0,30,,27455,31,0,14,0,70,,27456,31,0,14,0,30,,27457,31,0,14,0,70,,27458,31,0,14,0,30,,27459,31,0,14,0,70,,27460,31,0,14,0,85,,27461,31,0,14,0,45,,27462,31,0,14,0,85,,27463,31,0,14,0,85,,27464,31,0,14,0,85,,27465,31,0,14,0,45,,27466,31,0,14,0
721204,'1352',624,,27467,31,0,14,0,30,,27468,31,0,14,0,70,,27469,31,0,14,0,15,,27470,31,0,14,0,15,,27471,31,0,14,0,55,,27472,31,0,14,0,15,,27473,31,0,14,0,30,,27474,31,0,14,0,70,,27475,31,0,14,0,30,,27476,31,0,14,0,70,,27477,31,0,14,0,30,,27478,31,0,14,0,70,,27479,31,0,14,0,30,,27480,31,0,14,0,70,,27481,31,0,14,0,30,,27482,31,0,14,0,70,,27483,31,0,14,0,30,,27484,31,0,14,0,70,,27485,31,0,14,0,15,,27486,31,0,14,0,15,,27487,31,0,14,0,55,,27488,31,0,14,0,15,,27489,31,0,14,0,30,,27490,31,0,14,0,70,,27491,31,0,14,0,30,,27492,31,0,14,0,70,,27493,31,0,14,0,30,,27494,31,0,14,0,70,,27495,31,0,14,0,85,,27496,31,0,14,0,45,,27497,31,0,14,0,85,,27498,31,0,14,0,85,,27499,31,0,14,0,85,,27500,31,0,14,0,45,,27501,31,0,14,0
721204,'1353',624,,27502,31,0,14,0,30,,27503,31,0,14,0,70,,27504,31,0,14,0,15,,27505,31,0,14,0,15,,27506,31,0,14,0,55,,27507,31,0,14,0,15,,27508,31,0,14,0,30,,27509,31,0,14,0,70,,27510,31,0,14,0,30,,27511,31,0,14,0,70,,27512,31,0,14,0,30,,27513,31,0,14,0,70,,27514,31,0,14,0,30,,27515,31,0,14,0,70,,27516,31,0,14,0,30,,27517,31,0,14,0,70,,27518,31,0,14,0,30,,27519,31,0,14,0,70,,27520,31,0,14,0,15,,27521,31,0,14,0,15,,27522,31,0,14,0,55,,27523,31,0,14,0,15,,27524,31,0,14,0,30,,27525,31,0,14,0,70,,27526,31,0,14,0,30,,27527,31,0,14,0,70,,27528,31,0,14,0,30,,27529,31,0,14,0,70,,27530,31,0,14,0,85,,27531,31,0,14,0,45,,27532,31,0,14,0,85,,27533,31,0,14,0,85,,27534,31,0,14,0,85,,27535,31,0,14,0,45,,27536,31,0,14,0
721204,'1354',624,,27537,31,0,14,0,30,,27538,31,0,14,0,70,,27539,31,0,14,0,15,,27540,31,0,14,0,15,,27541,31,0,14,0,55,,27542,31,0,14,0,15,,27543,31,0,14,0,30,,27544,31,0,14,0,70,,27545,31,0,14,0,30,,27546,31,0,14,0,70,,27547,31,0,14,0,30,,27548,31,0,14,0,70,,27549,31,0,14,0,30,,27550,31,0,14,0,70,,27551,31,0,14,0,30,,27552,31,0,14,0,70,,27553,31,0,14,0,30,,27554,31,0,14,0,70,,27555,31,0,14,0,15,,27556,31,0,14,0,15,,27557,31,0,14,0,55,,27558,31,0,14,0,15,,27559,31,0,14,0,30,,27560,31,0,14,0,70,,27561,31,0,14,0,30,,27562,31,0,14,0,70,,27563,31,0,14,0,30,,27564,31,0,14,0,70,,27565,31,0,14,0,85,,27566,31,0,14,0,45,,27567,31,0,14,0,85,,27568,31,0,14,0,85,,27569,31,0,14,0,85,,27570,31,0,14,0,45,,27571,31,0,14,0
721501,'1348',940,,28342,35,0,17,0,100,,28341,35,0,17,0,100,,28333,35,0,17,0,100,,28332,35,0,17,0,100,,28338,35,0,17,0,100,,28337,35,0,17,0,100,,28336,35,0,17,0,100,,28335,35,0,17,0,100,,28334,35,0,17,0,100,,28340,35,0,17,0,100,,28339,35,0,17,0
721501,'1349',740,,28343,35,0,17,0,100,,28344,35,0,17,0,100,,28345,35,0,17,0,100,,28346,35,0,17,0,100,,28347,35,0,17,0,100,,28348,35,0,17,0,70,,28349,35,0,17,0,30,,28350,35,0,17,0,70,,28351,35,0,17,0,30,,28352,35,0,17,0,70,,28353,35,0,17,0,30,,28354,35,0,17,0,70,,28355,35,0,17,0,30,,28356,35,0,17,0,70,,28357,35,0,17,0,30,,28358,35,0,17,0,70,,28359,35,0,17,0,30,,28360,35,0,17,0,100,,28361,35,0,17,0
721501,'1350',740,,28362,35,0,17,0,70,,28363,35,0,17,0,30,,28364,35,0,17,0,70,,28365,35,0,17,0,30,,28366,35,0,17,0,70,,28367,35,0,17,0,30,,28368,35,0,17,0,70,,28369,35,0,17,0,30,,28370,35,0,17,0,70,,28371,35,0,17,0,30,,28372,35,0,17,0,70,,28373,35,0,17,0,30,,28374,35,0,17,0,70,,28375,35,0,17,0,30,,28376,35,0,17,0,70,,28377,35,0,17,0,30,,28378,35,0,17,0,70,,28379,35,0,17,0,30,,28380,35,0,17,0,70,,28381,35,0,17,0,30,,28382,35,0,17,0,70,,28383,35,0,17,0,30,,28384,35,0,17,0,70,,28385,35,0,17,0,30,,28386,35,0,17,0,100,,28387,35,0,17,0,100,,28388,35,0,17,0,100,,28389,35,0,17,0
721501,'1351',740,,28390,35,0,17,0,70,,28391,35,0,17,0,30,,28392,35,0,17,0,70,,28393,35,0,17,0,30,,28394,35,0,17,0,70,,28395,35,0,17,0,30,,28396,35,0,17,0,70,,28397,35,0,17,0,30,,28398,35,0,17,0,70,,28399,35,0,17,0,30,,28400,35,0,17,0,70,,28401,35,0,17,0,30,,28402,35,0,17,0,70,,28403,35,0,17,0,30,,28404,35,0,17,0,70,,28405,35,0,17,0,30,,28406,35,0,17,0,70,,28407,35,0,17,0,30,,28408,35,0,17,0,70,,28409,35,0,17,0,30,,28410,35,0,17,0,70,,28411,35,0,17,0,30,,28412,35,0,17,0,70,,28413,35,0,17,0,30,,28414,35,0,17,0,100,,28415,35,0,17,0,100,,28416,35,0,17,0,100,,28417,35,0,17,0
721501,'1352',740,,28418,35,0,17,0,70,,28419,35,0,17,0,30,,28420,35,0,17,0,70,,28421,35,0,17,0,30,,28422,35,0,17,0,70,,28423,35,0,17,0,30,,28424,35,0,17,0,70,,28425,35,0,17,0,30,,28426,35,0,17,0,70,,28427,35,0,17,0,30,,28428,35,0,17,0,70,,28429,35,0,17,0,30,,28430,35,0,17,0,70,,28431,35,0,17,0,30,,28432,35,0,17,0,70,,28433,35,0,17,0,30,,28434,35,0,17,0,70,,28435,35,0,17,0,30,,28436,35,0,17,0,70,,28437,35,0,17,0,30,,28438,35,0,17,0,70,,28439,35,0,17,0,30,,28440,35,0,17,0,70,,28441,35,0,17,0,30,,28442,35,0,17,0,100,,28443,35,0,17,0,100,,28444,35,0,17,0,100,,28445,35,0,17,0
721501,'1353',740,,28446,35,0,17,0,70,,28447,35,0,17,0,30,,28448,35,0,17,0,70,,28449,35,0,17,0,30,,28450,35,0,17,0,70,,28451,35,0,17,0,30,,28452,35,0,17,0,70,,28453,35,0,17,0,30,,28454,35,0,17,0,70,,28455,35,0,17,0,30,,28456,35,0,17,0,70,,28457,35,0,17,0,30,,28458,35,0,17,0,70,,28459,35,0,17,0,30,,28460,35,0,17,0,70,,28461,35,0,17,0,30,,28462,35,0,17,0,70,,28463,35,0,17,0,30,,28464,35,0,17,0,70,,28465,35,0,17,0,30,,28466,35,0,17,0,70,,28467,35,0,17,0,30,,28468,35,0,17,0,70,,28469,35,0,17,0,30,,28470,35,0,17,0,100,,28471,35,0,17,0,100,,28472,35,0,17,0,100,,28473,35,0,17,0
721501,'1354',740,,28474,35,0,17,0,70,,28475,35,0,17,0,30,,28476,35,0,17,0,70,,28477,35,0,17,0,30,,28478,35,0,17,0,70,,28479,35,0,17,0,30,,28480,35,0,17,0,70,,28481,35,0,17,0,30,,28482,35,0,17,0,70,,28483,35,0,17,0,30,,28484,35,0,17,0,70,,28485,35,0,17,0,30,,28486,35,0,17,0,70,,28487,35,0,17,0,30,,28488,35,0,17,0,70,,28489,35,0,17,0,30,,28490,35,0,17,0,70,,28491,35,0,17,0,30,,28492,35,0,17,0,70,,28493,35,0,17,0,30,,28494,35,0,17,0,70,,28495,35,0,17,0,30,,28496,35,0,17,0,70,,28497,35,0,17,0,30,,28498,35,0,17,0,100,,28499,35,0,17,0,100,,28500,35,0,17,0,100,,28501,35,0,17,0
