463600,'1334',950,,11417,20,0,10,0,480,,11416,20,0,10,0,170,,11415,20,0,10,0,245,,11414,20,0,10,0
463600,'1335',820,,11418,20,0,10,0,630,,11419,20,0,10,0,170,,11420,20,0,10,0,300,,11421,20,0,10,0
463600,'1336',720,,11422,20,0,10,0,730,,11423,20,0,10,0,470,,11424,20,0,10,0,130,,11425,20,0,10,0
463600,'1337',720,,11426,20,0,10,0,730,,11427,20,0,10,0,470,,11428,20,0,10,0,130,,11429,20,0,10,0
463600,'1338',720,,11430,20,0,10,0,730,,11431,20,0,10,0,470,,11432,20,0,10,0,130,,11433,20,0,10,0
463600,'1339',720,,11434,20,0,10,0,730,,11435,20,0,10,0,470,,11436,20,0,10,0,130,,11437,20,0,10,0
463600,'1340',720,,11438,20,0,10,0,730,,11439,20,0,10,0,470,,11440,20,0,10,0,130,,11441,20,0,10,0
463601,'1334',837,,11445,2,0,10,0,480,,11444,2,0,10,0,130,,11443,2,0,10,0,285,,11442,2,0,10,0
463601,'1335',707,,11446,2,0,10,0,630,,11447,2,0,10,0,170,,11448,2,0,10,0,300,,11449,2,0,10,0
463601,'1336',607,,11450,2,0,10,0,730,,11451,2,0,10,0,470,,11452,2,0,10,0,130,,11453,2,0,10,0
463601,'1337',607,,11454,2,0,10,0,730,,11455,2,0,10,0,470,,11456,2,0,10,0,130,,11457,2,0,10,0
463601,'1338',607,,11458,2,0,10,0,730,,11459,2,0,10,0,470,,11460,2,0,10,0,130,,11461,2,0,10,0
463601,'1339',607,,11462,2,0,10,0,730,,11463,2,0,10,0,470,,11464,2,0,10,0,130,,11465,2,0,10,0
463601,'1340',607,,11466,2,0,10,0,730,,11467,2,0,10,0,470,,11468,2,0,10,0,130,,11469,2,0,10,0
721501,'1334',910,,13938,7,0,17,0,100,,13937,7,0,17,0,100,,13936,7,0,17,0,100,,13935,7,0,17,0,100,,13934,7,0,17,0,100,,13933,7,0,17,0,100,,13932,7,0,17,0,100,,13931,7,0,17,0,100,,13930,7,0,17,0,100,,13929,7,0,17,0,100,,13928,7,0,17,0
721501,'1335',710,,13939,7,0,17,0,100,,13940,7,0,17,0,100,,13941,7,0,17,0,100,,13942,7,0,17,0,100,,13943,7,0,17,0,100,,13944,7,0,17,0,30,,13945,7,0,17,0,70,,13946,7,0,17,0,30,,13947,7,0,17,0,70,,13948,7,0,17,0,30,,13949,7,0,17,0,70,,13950,7,0,17,0,30,,13951,7,0,17,0,70,,13952,7,0,17,0,30,,13953,7,0,17,0,70,,13954,7,0,17,0,30,,13955,7,0,17,0,70,,13956,7,0,17,0,100,,13957,7,0,17,0
721501,'1336',710,,13958,7,0,17,0,30,,13959,7,0,17,0,70,,13960,7,0,17,0,30,,13961,7,0,17,0,70,,13962,7,0,17,0,30,,13963,7,0,17,0,70,,13964,7,0,17,0,30,,13965,7,0,17,0,70,,13966,7,0,17,0,30,,13967,7,0,17,0,70,,13968,7,0,17,0,30,,13969,7,0,17,0,70,,13970,7,0,17,0,30,,13971,7,0,17,0,70,,13972,7,0,17,0,30,,13973,7,0,17,0,70,,13974,7,0,17,0,30,,13975,7,0,17,0,70,,13976,7,0,17,0,30,,13977,7,0,17,0,70,,13978,7,0,17,0,30,,13979,7,0,17,0,70,,13980,7,0,17,0,30,,13981,7,0,17,0,70,,13982,7,0,17,0,100,,13983,7,0,17,0,100,,13984,7,0,17,0,100,,13985,7,0,17,0
721501,'1337',710,,13986,7,0,17,0,30,,13987,7,0,17,0,70,,13988,7,0,17,0,30,,13989,7,0,17,0,70,,13990,7,0,17,0,30,,13991,7,0,17,0,70,,13992,7,0,17,0,30,,13993,7,0,17,0,70,,13994,7,0,17,0,30,,13995,7,0,17,0,70,,13996,7,0,17,0,30,,13997,7,0,17,0,70,,13998,7,0,17,0,30,,13999,7,0,17,0,70,,14000,7,0,17,0,30,,14001,7,0,17,0,70,,14002,7,0,17,0,30,,14003,7,0,17,0,70,,14004,7,0,17,0,30,,14005,7,0,17,0,70,,14006,7,0,17,0,30,,14007,7,0,17,0,70,,14008,7,0,17,0,30,,14009,7,0,17,0,70,,14010,7,0,17,0,100,,14011,7,0,17,0,100,,14012,7,0,17,0,100,,14013,7,0,17,0
721501,'1338',710,,14014,7,0,17,0,30,,14015,7,0,17,0,70,,14016,7,0,17,0,30,,14017,7,0,17,0,70,,14018,7,0,17,0,30,,14019,7,0,17,0,70,,14020,7,0,17,0,30,,14021,7,0,17,0,70,,14022,7,0,17,0,30,,14023,7,0,17,0,70,,14024,7,0,17,0,30,,14025,7,0,17,0,70,,14026,7,0,17,0,30,,14027,7,0,17,0,70,,14028,7,0,17,0,30,,14029,7,0,17,0,70,,14030,7,0,17,0,30,,14031,7,0,17,0,70,,14032,7,0,17,0,30,,14033,7,0,17,0,70,,14034,7,0,17,0,30,,14035,7,0,17,0,70,,14036,7,0,17,0,30,,14037,7,0,17,0,70,,14038,7,0,17,0,100,,14039,7,0,17,0,100,,14040,7,0,17,0,100,,14041,7,0,17,0
721501,'1339',710,,14042,7,0,17,0,30,,14043,7,0,17,0,70,,14044,7,0,17,0,30,,14045,7,0,17,0,70,,14046,7,0,17,0,30,,14047,7,0,17,0,70,,14048,7,0,17,0,30,,14049,7,0,17,0,70,,14050,7,0,17,0,30,,14051,7,0,17,0,70,,14052,7,0,17,0,30,,14053,7,0,17,0,70,,14054,7,0,17,0,30,,14055,7,0,17,0,70,,14056,7,0,17,0,30,,14057,7,0,17,0,70,,14058,7,0,17,0,30,,14059,7,0,17,0,70,,14060,7,0,17,0,30,,14061,7,0,17,0,70,,14062,7,0,17,0,30,,14063,7,0,17,0,70,,14064,7,0,17,0,30,,14065,7,0,17,0,70,,14066,7,0,17,0,100,,14067,7,0,17,0,100,,14068,7,0,17,0,100,,14069,7,0,17,0
721501,'1340',710,,14070,7,0,17,0,30,,14071,7,0,17,0,70,,14072,7,0,17,0,30,,14073,7,0,17,0,70,,14074,7,0,17,0,30,,14075,7,0,17,0,70,,14076,7,0,17,0,30,,14077,7,0,17,0,70,,14078,7,0,17,0,30,,14079,7,0,17,0,70,,14080,7,0,17,0,30,,14081,7,0,17,0,70,,14082,7,0,17,0,30,,14083,7,0,17,0,70,,14084,7,0,17,0,30,,14085,7,0,17,0,70,,14086,7,0,17,0,30,,14087,7,0,17,0,70,,14088,7,0,17,0,30,,14089,7,0,17,0,70,,14090,7,0,17,0,30,,14091,7,0,17,0,70,,14092,7,0,17,0,30,,14093,7,0,17,0,70,,14094,7,0,17,0,100,,14095,7,0,17,0,100,,14096,7,0,17,0,100,,14097,7,0,17,0
721502,'1334',946,,14108,47,0,16,0,100,,14107,47,0,16,0,100,,14106,47,0,16,0,100,,14105,47,0,16,0,100,,14104,47,0,16,0,100,,14103,47,0,16,0,100,,14102,47,0,16,0,100,,14101,47,0,16,0,100,,14100,47,0,16,0,100,,14099,47,0,16,0,100,,14098,47,0,16,0
721502,'1335',746,,14109,47,0,16,0,100,,14110,47,0,16,0,100,,14111,47,0,16,0,100,,14112,47,0,16,0,100,,14113,47,0,16,0,100,,14114,47,0,16,0,100,,14115,47,0,16,0,70,,14116,47,0,16,0,30,,14117,47,0,16,0,70,,14118,47,0,16,0,30,,14119,47,0,16,0,70,,14120,47,0,16,0,30,,14121,47,0,16,0,70,,14122,47,0,16,0,30,,14123,47,0,16,0,70,,14124,47,0,16,0,30,,14125,47,0,16,0,70,,14126,47,0,16,0,30,,14127,47,0,16,0
721502,'1336',746,,14128,47,0,16,0,70,,14129,47,0,16,0,30,,14130,47,0,16,0,70,,14131,47,0,16,0,30,,14132,47,0,16,0,70,,14133,47,0,16,0,30,,14134,47,0,16,0,70,,14135,47,0,16,0,30,,14136,47,0,16,0,70,,14137,47,0,16,0,30,,14138,47,0,16,0,70,,14139,47,0,16,0,30,,14140,47,0,16,0,70,,14141,47,0,16,0,30,,14142,47,0,16,0,70,,14143,47,0,16,0,30,,14144,47,0,16,0,70,,14145,47,0,16,0,30,,14146,47,0,16,0,70,,14147,47,0,16,0,30,,14148,47,0,16,0,70,,14149,47,0,16,0,30,,14150,47,0,16,0,70,,14151,47,0,16,0,30,,14152,47,0,16,0,100,,14153,47,0,16,0,100,,14154,47,0,16,0,100,,14155,47,0,16,0
721502,'1337',746,,14157,47,0,16,0,70,,14158,47,0,16,0,30,,14159,47,0,16,0,70,,14160,47,0,16,0,30,,14161,47,0,16,0,70,,14162,47,0,16,0,30,,14163,47,0,16,0,70,,14164,47,0,16,0,30,,14165,47,0,16,0,70,,14166,47,0,16,0,30,,14167,47,0,16,0,70,,14168,47,0,16,0,30,,14169,47,0,16,0,70,,14170,47,0,16,0,30,,14171,47,0,16,0,70,,14172,47,0,16,0,30,,14173,47,0,16,0,70,,14174,47,0,16,0,30,,14175,47,0,16,0,70,,14176,47,0,16,0,30,,14177,47,0,16,0,70,,14178,47,0,16,0,30,,14179,47,0,16,0,70,,14180,47,0,16,0,30,,14181,47,0,16,0,100,,14182,47,0,16,0,100,,14183,47,0,16,0,100,,14184,47,0,16,0
721502,'1338',746,,14186,47,0,16,0,70,,14187,47,0,16,0,30,,14188,47,0,16,0,70,,14189,47,0,16,0,30,,14190,47,0,16,0,70,,14191,47,0,16,0,30,,14192,47,0,16,0,70,,14193,47,0,16,0,30,,14194,47,0,16,0,70,,14195,47,0,16,0,30,,14196,47,0,16,0,70,,14197,47,0,16,0,30,,14198,47,0,16,0,70,,14199,47,0,16,0,30,,14200,47,0,16,0,70,,14201,47,0,16,0,30,,14202,47,0,16,0,70,,14203,47,0,16,0,30,,14204,47,0,16,0,70,,14205,47,0,16,0,30,,14206,47,0,16,0,70,,14207,47,0,16,0,30,,14208,47,0,16,0,70,,14209,47,0,16,0,30,,14210,47,0,16,0,100,,14211,47,0,16,0,100,,14212,47,0,16,0,100,,14213,47,0,16,0
721502,'1339',746,,14215,47,0,16,0,70,,14216,47,0,16,0,30,,14217,47,0,16,0,70,,14218,47,0,16,0,30,,14219,47,0,16,0,70,,14220,47,0,16,0,30,,14221,47,0,16,0,70,,14222,47,0,16,0,30,,14223,47,0,16,0,70,,14224,47,0,16,0,30,,14225,47,0,16,0,70,,14226,47,0,16,0,30,,14227,47,0,16,0,70,,14228,47,0,16,0,30,,14229,47,0,16,0,70,,14230,47,0,16,0,30,,14231,47,0,16,0,70,,14232,47,0,16,0,30,,14233,47,0,16,0,70,,14234,47,0,16,0,30,,14235,47,0,16,0,70,,14236,47,0,16,0,30,,14237,47,0,16,0,70,,14238,47,0,16,0,30,,14239,47,0,16,0,100,,14240,47,0,16,0,100,,14241,47,0,16,0,100,,14242,47,0,16,0
721502,'1340',746,,14244,47,0,16,0,70,,14245,47,0,16,0,30,,14246,47,0,16,0,70,,14247,47,0,16,0,30,,14248,47,0,16,0,70,,14249,47,0,16,0,30,,14250,47,0,16,0,70,,14251,47,0,16,0,30,,14252,47,0,16,0,70,,14253,47,0,16,0,30,,14254,47,0,16,0,70,,14255,47,0,16,0,30,,14256,47,0,16,0,70,,14257,47,0,16,0,30,,14258,47,0,16,0,70,,14259,47,0,16,0,30,,14260,47,0,16,0,70,,14261,47,0,16,0,30,,14262,47,0,16,0,70,,14263,47,0,16,0,30,,14264,47,0,16,0,70,,14265,47,0,16,0,30,,14266,47,0,16,0,70,,14267,47,0,16,0,30,,14268,47,0,16,0,100,,14269,47,0,16,0,100,,14270,47,0,16,0,100,,14271,47,0,16,0
