'1138',463600,94400,0,'605',0,48000,0,'605',0,13000,0,'605',0,28500,0,'605',0
'1139',463600,81400,0,'605',0,63000,0,'605',0,17000,0,'605',0,30000,0,'605',0
'1140',463600,94400,0,'605',0,48000,0,'605',0,13000,0,'605',0,28500,0,'605',0
'1141',463600,71400,0,'605',0,73000,0,'605',0,47000,0,'605',0,13000,0,'605',0
'1142',463600,71400,0,'605',0,73000,0,'605',0,47000,0,'605',0,13000,0,'605',0
'1143',463600,71400,0,'605',0,73000,0,'605',0,47000,0,'605',0,13000,0,'605',0
'1144',463600,71400,0,'605',0,73000,0,'605',0,47000,0,'605',0,13000,0,'605',0
'1145',463600,71400,0,'605',0,73000,0,'605',0,47000,0,'605',0,13000,0,'605',0
'1146',463600,94400,0,'605',0,48000,0,'605',0,41500,0,'605',0
'1147',463600,101400,0,'605',0,30000,0,'605',0,30000,0,'605',0
'1148',463600,94400,0,'605',0,48000,0,'605',0,41500,0,'605',0
