'1286',463601,90500,0,'605',0,44000,0,'605',0,17000,0,'605',0,28500,0,'605',0
'1287',463601,73500,0,'605',0,67000,0,'605',0,13000,0,'605',0,30000,0,'605',0
'1288',463601,63500,0,'605',0,77000,0,'605',0,43000,0,'605',0,17000,0,'605',0
'1289',463601,63500,0,'605',0,77000,0,'605',0,43000,0,'605',0,17000,0,'605',0
'1290',463601,63500,0,'605',0,77000,0,'605',0,43000,0,'605',0,17000,0,'605',0
'1291',463601,63500,0,'605',0,77000,0,'605',0,43000,0,'605',0,17000,0,'605',0
'1292',463601,63500,0,'605',0,77000,0,'605',0,43000,0,'605',0,17000,0,'605',0
'1293',463601,90500,0,'605',0,44000,0,'605',0,17000,0,'605',0,28500,0,'605',0
'1294',463601,93500,0,'605',0,30000,0,'605',0,30000,0,'605',0
'1295',463601,90500,0,'605',0,44000,0,'605',0,17000,0,'605',0,28500,0,'605',0
