2800,'1349',800,,25069,36,4,,0,110,,25070,36,4,,0,110,,25071,36,4,,0,110,,25072,36,4,,0,110,,25073,36,4,,0,110,,25074,36,4,,0,150,,25075,36,4,,0,110,,25076,36,4,,0,110,,25077,36,4,,0,110,,25078,36,4,,0,110,,25079,36,4,,0
2800,'1350',700,,25085,37,4,,0,35,,25086,37,4,,0,75,,25087,37,4,,0,35,,25088,37,4,,0,75,,25089,37,4,,0,35,,25090,37,4,,0,75,,25091,37,4,,0,75,,25092,37,4,,0,35,,25093,37,4,,0,75,,25094,37,4,,0,35,,25095,37,4,,0,75,,25096,37,4,,0,75,,25097,37,4,,0,35,,25098,37,4,,0,75,,25099,37,4,,0,35,,25100,37,4,,0,75,,25101,37,4,,0,35,,25102,37,4,,0,75,,25080,36,4,,0,75,,25081,36,4,,0,35,,25082,36,4,,0,75,,25083,36,4,,0,35,,25084,36,4,,0
2800,'1351',700,,25108,37,4,,0,35,,25109,37,4,,0,75,,25110,37,4,,0,35,,25111,37,4,,0,75,,25112,37,4,,0,35,,25113,37,4,,0,75,,25114,37,4,,0,75,,25115,37,4,,0,35,,25116,37,4,,0,75,,25117,37,4,,0,35,,25118,37,4,,0,75,,25119,37,4,,0,75,,25120,37,4,,0,35,,25121,37,4,,0,75,,25122,37,4,,0,35,,25123,37,4,,0,75,,25124,37,4,,0,35,,25125,37,4,,0,75,,25103,36,4,,0,75,,25104,36,4,,0,35,,25105,36,4,,0,75,,25106,36,4,,0,35,,25107,36,4,,0
2800,'1352',700,,25131,37,4,,0,35,,25132,37,4,,0,75,,25133,37,4,,0,35,,25134,37,4,,0,75,,25135,37,4,,0,35,,25136,37,4,,0,75,,25137,37,4,,0,75,,25138,37,4,,0,35,,25139,37,4,,0,75,,25140,37,4,,0,35,,25141,37,4,,0,75,,25142,37,4,,0,75,,25143,37,4,,0,35,,25144,37,4,,0,75,,25145,37,4,,0,35,,25146,37,4,,0,75,,25147,37,4,,0,35,,25148,37,4,,0,75,,25126,36,4,,0,75,,25127,36,4,,0,35,,25128,36,4,,0,75,,25129,36,4,,0,35,,25130,36,4,,0
2800,'1353',700,,25154,37,4,,0,35,,25155,37,4,,0,75,,25156,37,4,,0,35,,25157,37,4,,0,75,,25158,37,4,,0,35,,25159,37,4,,0,75,,25160,37,4,,0,75,,25161,37,4,,0,35,,25162,37,4,,0,75,,25163,37,4,,0,35,,25164,37,4,,0,75,,25165,37,4,,0,75,,25166,37,4,,0,35,,25167,37,4,,0,75,,25168,37,4,,0,35,,25169,37,4,,0,75,,25170,37,4,,0,35,,25171,37,4,,0,75,,25149,36,4,,0,75,,25150,36,4,,0,35,,25151,36,4,,0,75,,25152,36,4,,0,35,,25153,36,4,,0
2800,'1354',700,,25177,37,4,,0,35,,25178,37,4,,0,75,,25179,37,4,,0,35,,25180,37,4,,0,75,,25181,37,4,,0,35,,25182,37,4,,0,75,,25183,37,4,,0,75,,25184,37,4,,0,35,,25185,37,4,,0,75,,25186,37,4,,0,35,,25187,37,4,,0,75,,25188,37,4,,0,75,,25189,37,4,,0,35,,25190,37,4,,0,75,,25191,37,4,,0,35,,25192,37,4,,0,75,,25193,37,4,,0,35,,25194,37,4,,0,75,,25172,36,4,,0,75,,25173,36,4,,0,35,,25174,36,4,,0,75,,25175,36,4,,0,35,,25176,36,4,,0
2801,'1349',805,,25195,1,,,0,110,,25196,1,,,0,110,,25197,1,,,0,110,,25198,1,,,0,110,,25199,1,,,0,110,,25200,1,,,0,150,,25201,1,,,0,110,,25202,1,,,0,110,,25203,1,,,0,110,,25204,1,,,0
2801,'1350',630,,25205,1,,,0,75,,25206,1,,,0,35,,25207,1,,,0,75,,25208,1,,,0,35,,25209,1,,,0,75,,25210,1,,,0,75,,25211,1,,,0,35,,25212,1,,,0,75,,25213,1,,,0,35,,25214,1,,,0,75,,25215,1,,,0,35,,25216,1,,,0,75,,25217,1,,,0,75,,25218,1,,,0,35,,25219,1,,,0,75,,25220,1,,,0,35,,25221,1,,,0,75,,25222,1,,,0,75,,25223,1,,,0,35,,25224,1,,,0,75,,25225,1,,,0,35,,25226,1,,,0,75,,25227,1,,,0
2801,'1351',630,,25228,1,,,0,75,,25229,1,,,0,35,,25230,1,,,0,75,,25231,1,,,0,35,,25232,1,,,0,75,,25233,1,,,0,75,,25234,1,,,0,35,,25235,1,,,0,75,,25236,1,,,0,35,,25237,1,,,0,75,,25238,1,,,0,35,,25239,1,,,0,75,,25240,1,,,0,75,,25241,1,,,0,35,,25242,1,,,0,75,,25243,1,,,0,35,,25244,1,,,0,75,,25245,1,,,0,75,,25246,1,,,0,35,,25247,1,,,0,75,,25248,1,,,0,35,,25249,1,,,0,75,,25250,1,,,0
2801,'1352',630,,25251,1,,,0,75,,25252,1,,,0,35,,25253,1,,,0,75,,25254,1,,,0,35,,25255,1,,,0,75,,25256,1,,,0,75,,25257,1,,,0,35,,25258,1,,,0,75,,25259,1,,,0,35,,25260,1,,,0,75,,25261,1,,,0,35,,25262,1,,,0,75,,25263,1,,,0,75,,25264,1,,,0,35,,25265,1,,,0,75,,25266,1,,,0,35,,25267,1,,,0,75,,25268,1,,,0,75,,25269,1,,,0,35,,25270,1,,,0,75,,25271,1,,,0,35,,25272,1,,,0,75,,25273,1,,,0
2801,'1353',630,,25274,1,,,0,75,,25275,1,,,0,35,,25276,1,,,0,75,,25277,1,,,0,35,,25278,1,,,0,75,,25279,1,,,0,75,,25280,1,,,0,35,,25281,1,,,0,75,,25282,1,,,0,35,,25283,1,,,0,75,,25284,1,,,0,35,,25285,1,,,0,75,,25286,1,,,0,75,,25287,1,,,0,35,,25288,1,,,0,75,,25289,1,,,0,35,,25290,1,,,0,75,,25291,1,,,0,75,,25292,1,,,0,35,,25293,1,,,0,75,,25294,1,,,0,35,,25295,1,,,0,75,,25296,1,,,0
2801,'1354',630,,25297,1,,,0,75,,25298,1,,,0,35,,25299,1,,,0,75,,25300,1,,,0,35,,25301,1,,,0,75,,25302,1,,,0,75,,25303,1,,,0,35,,25304,1,,,0,75,,25305,1,,,0,35,,25306,1,,,0,75,,25307,1,,,0,35,,25308,1,,,0,75,,25309,1,,,0,75,,25310,1,,,0,35,,25311,1,,,0,75,,25312,1,,,0,35,,25313,1,,,0,75,,25314,1,,,0,75,,25315,1,,,0,35,,25316,1,,,0,75,,25317,1,,,0,35,,25318,1,,,0,75,,25319,1,,,0
400100,'1348',920,,25479,1,0,11,0,35,,25478,1,0,11,0,75,,25477,1,0,11,0,75,,25476,1,0,11,0,35,,25491,1,0,11,0,75,,25490,1,0,11,0,35,,25489,1,0,11,0,75,,25488,1,0,11,0,75,,25487,1,0,11,0,35,,25486,1,0,11,0,75,,25485,1,0,11,0,35,,25484,1,0,11,0,75,,25483,1,0,11,0,35,,25482,1,0,11,0,75,,25481,1,0,11,0,75,,25480,1,0,11,0
400100,'1349',745,,25492,1,0,11,0,75,,25493,1,0,11,0,35,,25494,1,0,11,0,75,,25495,1,0,11,0,75,,25496,1,0,11,0,35,,25497,1,0,11,0,75,,25498,1,0,11,0,35,,25499,1,0,11,0,75,,25500,1,0,11,0,75,,25501,1,0,11,0,35,,25502,1,0,11,0,75,,25503,1,0,11,0,35,,25504,1,0,11,0,75,,25505,1,0,11,0,35,,25506,1,0,11,0,75,,25507,1,0,11,0,75,,25508,1,0,11,0,35,,25509,1,0,11,0,75,,25510,1,0,11,0,35,,25511,1,0,11,0
400100,'1350',645,,25538,1,0,11,0,75,,25537,1,0,11,0,35,,25536,1,0,11,0,75,,25535,1,0,11,0,75,,25534,1,0,11,0,35,,25533,1,0,11,0,75,,25532,1,0,11,0,35,,25531,1,0,11,0,75,,25530,1,0,11,0,75,,25529,1,0,11,0,35,,25528,1,0,11,0,75,,25527,1,0,11,0,35,,25526,1,0,11,0,75,,25525,1,0,11,0,35,,25524,1,0,11,0,75,,25523,1,0,11,0,75,,25522,1,0,11,0,35,,25521,1,0,11,0,75,,25512,1,0,11,0,35,,25513,1,0,11,0,75,,25514,1,0,11,0,75,,25515,1,0,11,0,35,,25516,1,0,11,0,75,,25517,1,0,11,0,35,,25518,1,0,11,0,75,,25519,1,0,11,0,35,,25520,1,0,11,0
400100,'1351',645,,25565,1,0,11,0,75,,25564,1,0,11,0,35,,25563,1,0,11,0,75,,25562,1,0,11,0,75,,25561,1,0,11,0,35,,25560,1,0,11,0,75,,25559,1,0,11,0,35,,25558,1,0,11,0,75,,25557,1,0,11,0,75,,25556,1,0,11,0,35,,25555,1,0,11,0,75,,25554,1,0,11,0,35,,25553,1,0,11,0,75,,25552,1,0,11,0,35,,25551,1,0,11,0,75,,25550,1,0,11,0,75,,25549,1,0,11,0,35,,25548,1,0,11,0,75,,25539,1,0,11,0,35,,25540,1,0,11,0,75,,25541,1,0,11,0,75,,25542,1,0,11,0,35,,25543,1,0,11,0,75,,25544,1,0,11,0,35,,25545,1,0,11,0,75,,25546,1,0,11,0,35,,25547,1,0,11,0
400100,'1352',645,,25592,1,0,11,0,75,,25591,1,0,11,0,35,,25590,1,0,11,0,75,,25589,1,0,11,0,75,,25588,1,0,11,0,35,,25587,1,0,11,0,75,,25586,1,0,11,0,35,,25585,1,0,11,0,75,,25584,1,0,11,0,75,,25583,1,0,11,0,35,,25582,1,0,11,0,75,,25581,1,0,11,0,35,,25580,1,0,11,0,75,,25579,1,0,11,0,35,,25578,1,0,11,0,75,,25577,1,0,11,0,75,,25576,1,0,11,0,35,,25575,1,0,11,0,75,,25566,1,0,11,0,35,,25567,1,0,11,0,75,,25568,1,0,11,0,75,,25569,1,0,11,0,35,,25570,1,0,11,0,75,,25571,1,0,11,0,35,,25572,1,0,11,0,75,,25573,1,0,11,0,35,,25574,1,0,11,0
400100,'1353',645,,25619,1,0,11,0,75,,25618,1,0,11,0,35,,25617,1,0,11,0,75,,25616,1,0,11,0,75,,25615,1,0,11,0,35,,25614,1,0,11,0,75,,25613,1,0,11,0,35,,25612,1,0,11,0,75,,25611,1,0,11,0,75,,25610,1,0,11,0,35,,25609,1,0,11,0,75,,25608,1,0,11,0,35,,25607,1,0,11,0,75,,25606,1,0,11,0,35,,25605,1,0,11,0,75,,25604,1,0,11,0,75,,25603,1,0,11,0,35,,25602,1,0,11,0,75,,25593,1,0,11,0,35,,25594,1,0,11,0,75,,25595,1,0,11,0,75,,25596,1,0,11,0,35,,25597,1,0,11,0,75,,25598,1,0,11,0,35,,25599,1,0,11,0,75,,25600,1,0,11,0,35,,25601,1,0,11,0
400100,'1354',645,,25646,1,0,11,0,75,,25645,1,0,11,0,35,,25644,1,0,11,0,75,,25643,1,0,11,0,75,,25642,1,0,11,0,35,,25641,1,0,11,0,75,,25640,1,0,11,0,35,,25639,1,0,11,0,75,,25638,1,0,11,0,75,,25637,1,0,11,0,35,,25636,1,0,11,0,75,,25635,1,0,11,0,35,,25634,1,0,11,0,75,,25633,1,0,11,0,35,,25632,1,0,11,0,75,,25631,1,0,11,0,75,,25630,1,0,11,0,35,,25629,1,0,11,0,75,,25620,1,0,11,0,35,,25621,1,0,11,0,75,,25622,1,0,11,0,75,,25623,1,0,11,0,35,,25624,1,0,11,0,75,,25625,1,0,11,0,35,,25626,1,0,11,0,75,,25627,1,0,11,0,35,,25628,1,0,11,0
400101,'1348',1027,,25662,4,4,,0,75,,25661,4,4,,0,35,,25660,4,4,,0,75,,25659,4,4,,0,35,,25658,4,4,,0,75,,25657,4,4,,0,35,,25656,4,4,,0,75,,25655,4,4,,0,75,,25654,4,4,,0,35,,25653,4,4,,0,75,,25652,4,4,,0,35,,25651,4,4,,0,75,,25650,4,4,,0,75,,25649,4,4,,0,35,,25648,4,4,,0,75,,25647,4,4,,0
400101,'1349',852,,25663,4,4,,0,75,,25664,4,4,,0,75,,25665,4,4,,0,35,,25666,4,4,,0,75,,25667,4,4,,0,35,,25668,4,4,,0,75,,25669,4,4,,0,35,,25670,4,4,,0,75,,25671,4,4,,0,75,,25672,4,4,,0,35,,25673,4,4,,0,75,,25674,4,4,,0,35,,25675,4,4,,0,75,,25676,4,4,,0,75,,25677,4,4,,0,35,,25678,4,4,,0,75,,25679,4,4,,0,35,,25680,4,4,,0,75,,25681,4,4,,0,35,,25682,4,4,,0
400101,'1350',752,,25683,4,4,,0,75,,25684,4,4,,0,75,,25685,4,4,,0,35,,25686,4,4,,0,75,,25687,4,4,,0,35,,25688,4,4,,0,75,,25689,4,4,,0,35,,25690,4,4,,0,75,,25691,4,4,,0,75,,25692,4,4,,0,35,,25693,4,4,,0,75,,25694,4,4,,0,35,,25695,4,4,,0,75,,25696,4,4,,0,75,,25697,4,4,,0,35,,25698,4,4,,0,75,,25699,4,4,,0,35,,25700,4,4,,0,75,,25701,4,4,,0,35,,25702,4,4,,0,75,,25703,4,4,,0,75,,25704,4,4,,0,35,,25705,4,4,,0,75,,25706,4,4,,0,35,,25707,4,4,,0,75,,25708,4,4,,0,75,,25709,4,4,,0
400101,'1351',752,,25710,4,4,,0,75,,25711,4,4,,0,75,,25712,4,4,,0,35,,25713,4,4,,0,75,,25714,4,4,,0,35,,25715,4,4,,0,75,,25716,4,4,,0,35,,25717,4,4,,0,75,,25718,4,4,,0,75,,25719,4,4,,0,35,,25720,4,4,,0,75,,25721,4,4,,0,35,,25722,4,4,,0,75,,25723,4,4,,0,75,,25724,4,4,,0,35,,25725,4,4,,0,75,,25726,4,4,,0,35,,25727,4,4,,0,75,,25728,4,4,,0,35,,25729,4,4,,0,75,,25730,4,4,,0,75,,25731,4,4,,0,35,,25732,4,4,,0,75,,25733,4,4,,0,35,,25734,4,4,,0,75,,25735,4,4,,0,75,,25736,4,4,,0
400101,'1352',752,,25737,4,4,,0,75,,25738,4,4,,0,75,,25739,4,4,,0,35,,25740,4,4,,0,75,,25741,4,4,,0,35,,25742,4,4,,0,75,,25743,4,4,,0,35,,25744,4,4,,0,75,,25745,4,4,,0,75,,25746,4,4,,0,35,,25747,4,4,,0,75,,25748,4,4,,0,35,,25749,4,4,,0,75,,25750,4,4,,0,75,,25751,4,4,,0,35,,25752,4,4,,0,75,,25753,4,4,,0,35,,25754,4,4,,0,75,,25755,4,4,,0,35,,25756,4,4,,0,75,,25757,4,4,,0,75,,25758,4,4,,0,35,,25759,4,4,,0,75,,25760,4,4,,0,35,,25761,4,4,,0,75,,25762,4,4,,0,75,,25763,4,4,,0
400101,'1353',752,,25764,4,4,,0,75,,25765,4,4,,0,75,,25766,4,4,,0,35,,25767,4,4,,0,75,,25768,4,4,,0,35,,25769,4,4,,0,75,,25770,4,4,,0,35,,25771,4,4,,0,75,,25772,4,4,,0,75,,25773,4,4,,0,35,,25774,4,4,,0,75,,25775,4,4,,0,35,,25776,4,4,,0,75,,25777,4,4,,0,75,,25778,4,4,,0,35,,25779,4,4,,0,75,,25780,4,4,,0,35,,25781,4,4,,0,75,,25782,4,4,,0,35,,25783,4,4,,0,75,,25784,4,4,,0,75,,25785,4,4,,0,35,,25786,4,4,,0,75,,25787,4,4,,0,35,,25788,4,4,,0,75,,25789,4,4,,0,75,,25790,4,4,,0
400101,'1354',752,,25791,4,4,,0,75,,25792,4,4,,0,75,,25793,4,4,,0,35,,25794,4,4,,0,75,,25795,4,4,,0,35,,25796,4,4,,0,75,,25797,4,4,,0,35,,25798,4,4,,0,75,,25799,4,4,,0,75,,25800,4,4,,0,35,,25801,4,4,,0,75,,25802,4,4,,0,35,,25803,4,4,,0,75,,25804,4,4,,0,75,,25805,4,4,,0,35,,25806,4,4,,0,75,,25807,4,4,,0,35,,25808,4,4,,0,75,,25809,4,4,,0,35,,25810,4,4,,0,75,,25811,4,4,,0,75,,25812,4,4,,0,35,,25813,4,4,,0,75,,25814,4,4,,0,35,,25815,4,4,,0,75,,25816,4,4,,0,75,,25817,4,4,,0
