721303,'1327',842,,5949,9,0,6,0,80,,5948,9,0,6,0,80,,5947,9,0,6,0,40,,5946,9,0,6,0,80,,5945,9,0,6,0,80,,5944,9,0,6,0,40,,5943,9,0,6,0,80,,5942,9,0,6,0,80,,5941,9,0,6,0,40,,5940,9,0,6,0,80,,5939,9,0,6,0,80,,5938,9,0,6,0,40,,5937,9,0,6,0,80,,5936,9,0,6,0,80,,5935,9,0,6,0,40,,5934,9,0,6,0,80,,5933,9,0,6,0,80,,5932,9,0,6,0
721303,'1328',642,,5950,9,0,6,0,80,,5951,9,0,6,0,80,,5952,9,0,6,0,40,,5953,9,0,6,0,80,,5954,9,0,6,0,80,,5955,9,0,6,0,40,,5956,9,0,6,0,80,,5957,9,0,6,0,80,,5958,9,0,6,0,20,,5959,9,0,6,0,20,,5960,9,0,6,0,60,,5961,9,0,6,0,20,,5962,9,0,6,0,20,,5963,9,0,6,0,60,,5964,9,0,6,0,20,,5965,9,0,6,0,20,,5966,9,0,6,0,60,,5967,9,0,6,0,20,,5968,9,0,6,0,20,,5969,9,0,6,0,60,,5970,9,0,6,0,20,,5971,9,0,6,0,20,,5972,9,0,6,0,60,,5973,9,0,6,0,20,,5974,9,0,6,0,20,,5975,9,0,6,0,60,,5976,9,0,6,0,20,,5977,9,0,6,0,20,,5978,9,0,6,0,80,,5979,9,0,6,0,80,,5980,9,0,6,0,40,,5981,9,0,6,0,80,,5982,9,0,6,0,80,,5983,9,0,6,0,40,,5984,9,0,6,0,80,,5985,9,0,6,0
721303,'1329',617,,5986,9,0,6,0,85,,5987,9,0,6,0,20,,5988,9,0,6,0,25,,5989,9,0,6,0,60,,5990,9,0,6,0,25,,5991,9,0,6,0,20,,5992,9,0,6,0,65,,5993,9,0,6,0,20,,5994,9,0,6,0,65,,5995,9,0,6,0,20,,5996,9,0,6,0,25,,5997,9,0,6,0,60,,5998,9,0,6,0,25,,5999,9,0,6,0,20,,6000,9,0,6,0,65,,6001,9,0,6,0,20,,6002,9,0,6,0,65,,6003,9,0,6,0,20,,6004,9,0,6,0,25,,6005,9,0,6,0,60,,6006,9,0,6,0,25,,6007,9,0,6,0,20,,6008,9,0,6,0,65,,6009,9,0,6,0,20,,6010,9,0,6,0,65,,6011,9,0,6,0,20,,6012,9,0,6,0,25,,6013,9,0,6,0,60,,6014,9,0,6,0,25,,6015,9,0,6,0,20,,6016,9,0,6,0,65,,6017,9,0,6,0,20,,6018,9,0,6,0,69,,6019,9,0,6,0,36,,6020,9,0,6,0,80,,6021,9,0,6,0,80,,6022,9,0,6,0,40,,6023,9,0,6,0,80,,6024,9,0,6,0,80,,6025,9,0,6,0,40,,6026,9,0,6,0
721303,'1330',617,,6027,9,0,6,0,85,,6028,9,0,6,0,20,,6029,9,0,6,0,25,,6030,9,0,6,0,60,,6031,9,0,6,0,25,,6032,9,0,6,0,20,,6033,9,0,6,0,65,,6034,9,0,6,0,20,,6035,9,0,6,0,65,,6036,9,0,6,0,20,,6037,9,0,6,0,25,,6038,9,0,6,0,60,,6039,9,0,6,0,25,,6040,9,0,6,0,20,,6041,9,0,6,0,65,,6042,9,0,6,0,20,,6043,9,0,6,0,65,,6044,9,0,6,0,20,,6045,9,0,6,0,25,,6046,9,0,6,0,60,,6047,9,0,6,0,25,,6048,9,0,6,0,20,,6049,9,0,6,0,65,,6050,9,0,6,0,20,,6051,9,0,6,0,65,,6052,9,0,6,0,20,,6053,9,0,6,0,25,,6054,9,0,6,0,60,,6055,9,0,6,0,25,,6056,9,0,6,0,20,,6057,9,0,6,0,65,,6058,9,0,6,0,20,,6059,9,0,6,0,69,,6060,9,0,6,0,36,,6061,9,0,6,0,80,,6062,9,0,6,0,80,,6063,9,0,6,0,40,,6064,9,0,6,0,80,,6065,9,0,6,0,80,,6066,9,0,6,0,40,,6067,9,0,6,0
721303,'1331',617,,6068,9,0,6,0,85,,6069,9,0,6,0,20,,6070,9,0,6,0,25,,6071,9,0,6,0,60,,6072,9,0,6,0,25,,6073,9,0,6,0,20,,6074,9,0,6,0,65,,6075,9,0,6,0,20,,6076,9,0,6,0,65,,6077,9,0,6,0,20,,6078,9,0,6,0,25,,6079,9,0,6,0,60,,6080,9,0,6,0,25,,6081,9,0,6,0,20,,6082,9,0,6,0,65,,6083,9,0,6,0,20,,6084,9,0,6,0,65,,6085,9,0,6,0,20,,6086,9,0,6,0,25,,6087,9,0,6,0,60,,6088,9,0,6,0,25,,6089,9,0,6,0,20,,6090,9,0,6,0,65,,6091,9,0,6,0,20,,6092,9,0,6,0,65,,6093,9,0,6,0,20,,6094,9,0,6,0,25,,6095,9,0,6,0,60,,6096,9,0,6,0,25,,6097,9,0,6,0,20,,6098,9,0,6,0,65,,6099,9,0,6,0,20,,6100,9,0,6,0,69,,6101,9,0,6,0,36,,6102,9,0,6,0,80,,6103,9,0,6,0,80,,6104,9,0,6,0,40,,6105,9,0,6,0,80,,6106,9,0,6,0,80,,6107,9,0,6,0,40,,6108,9,0,6,0
721303,'1332',617,,6109,9,0,6,0,85,,6110,9,0,6,0,20,,6111,9,0,6,0,25,,6112,9,0,6,0,60,,6113,9,0,6,0,25,,6114,9,0,6,0,20,,6115,9,0,6,0,65,,6116,9,0,6,0,20,,6117,9,0,6,0,65,,6118,9,0,6,0,20,,6119,9,0,6,0,25,,6120,9,0,6,0,60,,6121,9,0,6,0,25,,6122,9,0,6,0,20,,6123,9,0,6,0,65,,6124,9,0,6,0,20,,6125,9,0,6,0,65,,6126,9,0,6,0,20,,6127,9,0,6,0,25,,6128,9,0,6,0,60,,6129,9,0,6,0,25,,6130,9,0,6,0,20,,6131,9,0,6,0,65,,6132,9,0,6,0,20,,6133,9,0,6,0,65,,6134,9,0,6,0,20,,6135,9,0,6,0,25,,6136,9,0,6,0,60,,6137,9,0,6,0,25,,6138,9,0,6,0,20,,6139,9,0,6,0,65,,6140,9,0,6,0,20,,6141,9,0,6,0,69,,6142,9,0,6,0,36,,6143,9,0,6,0,80,,6144,9,0,6,0,80,,6145,9,0,6,0,40,,6146,9,0,6,0,80,,6147,9,0,6,0,80,,6148,9,0,6,0,40,,6149,9,0,6,0
721303,'1333',617,,6150,9,0,6,0,85,,6151,9,0,6,0,20,,6152,9,0,6,0,25,,6153,9,0,6,0,60,,6154,9,0,6,0,25,,6155,9,0,6,0,20,,6156,9,0,6,0,65,,6157,9,0,6,0,20,,6158,9,0,6,0,65,,6159,9,0,6,0,20,,6160,9,0,6,0,25,,6161,9,0,6,0,60,,6162,9,0,6,0,25,,6163,9,0,6,0,20,,6164,9,0,6,0,65,,6165,9,0,6,0,20,,6166,9,0,6,0,65,,6167,9,0,6,0,20,,6168,9,0,6,0,25,,6169,9,0,6,0,60,,6170,9,0,6,0,25,,6171,9,0,6,0,20,,6172,9,0,6,0,65,,6173,9,0,6,0,20,,6174,9,0,6,0,65,,6175,9,0,6,0,20,,6176,9,0,6,0,25,,6177,9,0,6,0,60,,6178,9,0,6,0,25,,6179,9,0,6,0,20,,6180,9,0,6,0,65,,6181,9,0,6,0,20,,6182,9,0,6,0,69,,6183,9,0,6,0,36,,6184,9,0,6,0,80,,6185,9,0,6,0,80,,6186,9,0,6,0,40,,6187,9,0,6,0,80,,6188,9,0,6,0,80,,6189,9,0,6,0,40,,6190,9,0,6,0
721502,'1329',724,,6920,7,0,7,0
721502,'1330',724,,6949,7,0,7,0
721502,'1331',724,,6978,7,0,7,0
721502,'1332',724,,7007,7,0,7,0
721502,'1333',724,,7036,7,0,7,0
