1900,'1355',956,,31299,93,4,,0,100,,31298,93,4,,0,100,,31297,93,4,,0,100,,31296,93,4,,0,100,,31295,93,4,,0,100,,31294,93,4,,0,100,,31293,93,4,,0,100,,31292,93,4,,0,100,,31291,93,4,,0,100,,31290,93,4,,0,100,,31289,93,4,,0,100,,31288,93,4,,0
1900,'1356',856,,31300,93,4,,0,100,,31301,93,4,,0,100,,31302,93,4,,0,70,,31303,93,4,,0,30,,31304,93,4,,0,70,,31305,93,4,,0,30,,31306,93,4,,0,70,,31307,93,4,,0,30,,31308,93,4,,0,70,,31309,93,4,,0,30,,31310,93,4,,0,70,,31311,93,4,,0,30,,31312,93,4,,0,70,,31313,93,4,,0,30,,31314,93,4,,0,70,,31315,93,4,,0,30,,31316,93,4,,0,70,,31317,93,4,,0,30,,31318,93,4,,0,70,,31319,93,4,,0,30,,31320,93,4,,0,70,,31321,93,4,,0,30,,31322,93,4,,0,100,,31323,93,4,,0,100,,31324,93,4,,0,100,,31325,93,4,,0
1900,'1357',656,,31326,93,4,,0,70,,31327,93,4,,0,30,,31328,93,4,,0,70,,31329,93,4,,0,30,,31330,93,4,,0,70,,31331,93,4,,0,30,,31332,93,4,,0,70,,31333,93,4,,0,30,,31334,93,4,,0,70,,31335,93,4,,0,30,,31336,93,4,,0,70,,31337,93,4,,0,30,,31338,93,4,,0,70,,31339,93,4,,0,30,,31340,93,4,,0,70,,31341,93,4,,0,30,,31342,93,4,,0,70,,31343,93,4,,0,30,,31344,93,4,,0,70,,31345,93,4,,0,30,,31346,93,4,,0,70,,31347,93,4,,0,30,,31348,93,4,,0,70,,31349,93,4,,0,30,,31350,93,4,,0,70,,31351,93,4,,0,30,,31352,93,4,,0,70,,31353,93,4,,0,30,,31354,93,4,,0,70,,31355,93,4,,0,30,,31356,93,4,,0,70,,31357,93,4,,0,100,,31358,93,4,,0,100,,31359,93,4,,0
1900,'1358',656,,31360,93,4,,0,70,,31361,93,4,,0,30,,31362,93,4,,0,70,,31363,93,4,,0,30,,31364,93,4,,0,70,,31365,93,4,,0,30,,31366,93,4,,0,70,,31367,93,4,,0,30,,31368,93,4,,0,70,,31369,93,4,,0,30,,31370,93,4,,0,70,,31371,93,4,,0,30,,31372,93,4,,0,70,,31373,93,4,,0,30,,31374,93,4,,0,70,,31375,93,4,,0,30,,31376,93,4,,0,70,,31377,93,4,,0,30,,31378,93,4,,0,70,,31379,93,4,,0,30,,31380,93,4,,0,70,,31381,93,4,,0,30,,31382,93,4,,0,70,,31383,93,4,,0,30,,31384,93,4,,0,70,,31385,93,4,,0,30,,31386,93,4,,0,70,,31387,93,4,,0,30,,31388,93,4,,0,70,,31389,93,4,,0,30,,31390,93,4,,0,70,,31391,93,4,,0,100,,31392,93,4,,0,100,,31393,93,4,,0
1900,'1359',656,,31394,93,4,,0,70,,31395,93,4,,0,30,,31396,93,4,,0,70,,31397,93,4,,0,30,,31398,93,4,,0,70,,31399,93,4,,0,30,,31400,93,4,,0,70,,31401,93,4,,0,30,,31402,93,4,,0,70,,31403,93,4,,0,30,,31404,93,4,,0,70,,31405,93,4,,0,30,,31406,93,4,,0,70,,31407,93,4,,0,30,,31408,93,4,,0,70,,31409,93,4,,0,30,,31410,93,4,,0,70,,31411,93,4,,0,30,,31412,93,4,,0,70,,31413,93,4,,0,30,,31414,93,4,,0,70,,31415,93,4,,0,30,,31416,93,4,,0,70,,31417,93,4,,0,30,,31418,93,4,,0,70,,31419,93,4,,0,30,,31420,93,4,,0,70,,31421,93,4,,0,30,,31422,93,4,,0,70,,31423,93,4,,0,30,,31424,93,4,,0,70,,31425,93,4,,0,100,,31426,93,4,,0,100,,31427,93,4,,0
1900,'1360',656,,31428,93,4,,0,70,,31429,93,4,,0,30,,31430,93,4,,0,70,,31431,93,4,,0,30,,31432,93,4,,0,70,,31433,93,4,,0,30,,31434,93,4,,0,70,,31435,93,4,,0,30,,31436,93,4,,0,70,,31437,93,4,,0,30,,31438,93,4,,0,70,,31439,93,4,,0,30,,31440,93,4,,0,70,,31441,93,4,,0,30,,31442,93,4,,0,70,,31443,93,4,,0,30,,31444,93,4,,0,70,,31445,93,4,,0,30,,31446,93,4,,0,70,,31447,93,4,,0,30,,31448,93,4,,0,70,,31449,93,4,,0,30,,31450,93,4,,0,70,,31451,93,4,,0,30,,31452,93,4,,0,70,,31453,93,4,,0,30,,31454,93,4,,0,70,,31455,93,4,,0,30,,31456,93,4,,0,70,,31457,93,4,,0,30,,31458,93,4,,0,70,,31459,93,4,,0,100,,31460,93,4,,0,100,,31461,93,4,,0
1900,'1361',656,,31462,93,4,,0,70,,31463,93,4,,0,30,,31464,93,4,,0,70,,31465,93,4,,0,30,,31466,93,4,,0,70,,31467,93,4,,0,30,,31468,93,4,,0,70,,31469,93,4,,0,30,,31470,93,4,,0,70,,31471,93,4,,0,30,,31472,93,4,,0,70,,31473,93,4,,0,30,,31474,93,4,,0,70,,31475,93,4,,0,30,,31476,93,4,,0,70,,31477,93,4,,0,30,,31478,93,4,,0,70,,31479,93,4,,0,30,,31480,93,4,,0,70,,31481,93,4,,0,30,,31482,93,4,,0,70,,31483,93,4,,0,30,,31484,93,4,,0,70,,31485,93,4,,0,30,,31486,93,4,,0,70,,31487,93,4,,0,30,,31488,93,4,,0,70,,31489,93,4,,0,30,,31490,93,4,,0,70,,31491,93,4,,0,30,,31492,93,4,,0,70,,31493,93,4,,0,100,,31494,93,4,,0,100,,31495,93,4,,0
1901,'1355',900,,31507,1,,,0,100,,31506,1,,,0,100,,31505,1,,,0,100,,31504,1,,,0,100,,31503,1,,,0,100,,31502,1,,,0,100,,31501,1,,,0,100,,31500,1,,,0,100,,31499,1,,,0,100,,31498,1,,,0,100,,31497,1,,,0,100,,31496,1,,,0
1901,'1356',800,,31508,1,,,0,100,,31509,1,,,0,100,,31510,1,,,0,30,,31511,1,,,0,70,,31512,1,,,0,30,,31513,1,,,0,70,,31514,1,,,0,30,,31515,1,,,0,70,,31516,1,,,0,30,,31517,1,,,0,70,,31518,1,,,0,30,,31519,1,,,0,70,,31520,1,,,0,30,,31521,1,,,0,70,,31522,1,,,0,30,,31523,1,,,0,70,,31524,1,,,0,30,,31525,1,,,0,70,,31526,1,,,0,30,,31527,1,,,0,70,,31528,1,,,0,30,,31529,1,,,0,70,,31530,1,,,0,100,,31531,1,,,0,100,,31532,1,,,0,100,,31533,1,,,0
1901,'1357',600,,31534,1,,,0,30,,31535,1,,,0,70,,31536,1,,,0,30,,31537,1,,,0,70,,31538,1,,,0,30,,31539,1,,,0,70,,31540,1,,,0,30,,31541,1,,,0,70,,31542,1,,,0,30,,31543,1,,,0,70,,31544,1,,,0,30,,31545,1,,,0,70,,31546,1,,,0,30,,31547,1,,,0,70,,31548,1,,,0,30,,31549,1,,,0,70,,31550,1,,,0,30,,31551,1,,,0,70,,31552,1,,,0,30,,31553,1,,,0,70,,31554,1,,,0,30,,31555,1,,,0,70,,31556,1,,,0,30,,31557,1,,,0,70,,31558,1,,,0,30,,31559,1,,,0,70,,31560,1,,,0,30,,31561,1,,,0,70,,31562,1,,,0,30,,31563,1,,,0,70,,31564,1,,,0,30,,31565,1,,,0,100,,31566,1,,,0,100,,31567,1,,,0
1901,'1358',600,,31568,1,,,0,30,,31569,1,,,0,70,,31570,1,,,0,30,,31571,1,,,0,70,,31572,1,,,0,30,,31573,1,,,0,70,,31574,1,,,0,30,,31575,1,,,0,70,,31576,1,,,0,30,,31577,1,,,0,70,,31578,1,,,0,30,,31579,1,,,0,70,,31580,1,,,0,30,,31581,1,,,0,70,,31582,1,,,0,30,,31583,1,,,0,70,,31584,1,,,0,30,,31585,1,,,0,70,,31586,1,,,0,30,,31587,1,,,0,70,,31588,1,,,0,30,,31589,1,,,0,70,,31590,1,,,0,30,,31591,1,,,0,70,,31592,1,,,0,30,,31593,1,,,0,70,,31594,1,,,0,30,,31595,1,,,0,70,,31596,1,,,0,30,,31597,1,,,0,70,,31598,1,,,0,30,,31599,1,,,0,100,,31600,1,,,0,100,,31601,1,,,0
1901,'1359',600,,31602,1,,,0,30,,31603,1,,,0,70,,31604,1,,,0,30,,31605,1,,,0,70,,31606,1,,,0,30,,31607,1,,,0,70,,31608,1,,,0,30,,31609,1,,,0,70,,31610,1,,,0,30,,31611,1,,,0,70,,31612,1,,,0,30,,31613,1,,,0,70,,31614,1,,,0,30,,31615,1,,,0,70,,31616,1,,,0,30,,31617,1,,,0,70,,31618,1,,,0,30,,31619,1,,,0,70,,31620,1,,,0,30,,31621,1,,,0,70,,31622,1,,,0,30,,31623,1,,,0,70,,31624,1,,,0,30,,31625,1,,,0,70,,31626,1,,,0,30,,31627,1,,,0,70,,31628,1,,,0,30,,31629,1,,,0,70,,31630,1,,,0,30,,31631,1,,,0,70,,31632,1,,,0,30,,31633,1,,,0,100,,31634,1,,,0,100,,31635,1,,,0
1901,'1360',600,,31636,1,,,0,30,,31637,1,,,0,70,,31638,1,,,0,30,,31639,1,,,0,70,,31640,1,,,0,30,,31641,1,,,0,70,,31642,1,,,0,30,,31643,1,,,0,70,,31644,1,,,0,30,,31645,1,,,0,70,,31646,1,,,0,30,,31647,1,,,0,70,,31648,1,,,0,30,,31649,1,,,0,70,,31650,1,,,0,30,,31651,1,,,0,70,,31652,1,,,0,30,,31653,1,,,0,70,,31654,1,,,0,30,,31655,1,,,0,70,,31656,1,,,0,30,,31657,1,,,0,70,,31658,1,,,0,30,,31659,1,,,0,70,,31660,1,,,0,30,,31661,1,,,0,70,,31662,1,,,0,30,,31663,1,,,0,70,,31664,1,,,0,30,,31665,1,,,0,70,,31666,1,,,0,30,,31667,1,,,0,100,,31668,1,,,0,100,,31669,1,,,0
1901,'1361',600,,31670,1,,,0,30,,31671,1,,,0,70,,31672,1,,,0,30,,31673,1,,,0,70,,31674,1,,,0,30,,31675,1,,,0,70,,31676,1,,,0,30,,31677,1,,,0,70,,31678,1,,,0,30,,31679,1,,,0,70,,31680,1,,,0,30,,31681,1,,,0,70,,31682,1,,,0,30,,31683,1,,,0,70,,31684,1,,,0,30,,31685,1,,,0,70,,31686,1,,,0,30,,31687,1,,,0,70,,31688,1,,,0,30,,31689,1,,,0,70,,31690,1,,,0,30,,31691,1,,,0,70,,31692,1,,,0,30,,31693,1,,,0,70,,31694,1,,,0,30,,31695,1,,,0,70,,31696,1,,,0,30,,31697,1,,,0,70,,31698,1,,,0,30,,31699,1,,,0,70,,31700,1,,,0,30,,31701,1,,,0,100,,31702,1,,,0,100,,31703,1,,,0
647703,'1355',957,,33943,36,4,,0,70,,33942,36,4,,0,30,,33941,36,4,,0,70,,33940,36,4,,0,30,,33939,36,4,,0,70,,33938,36,4,,0,30,,33937,36,4,,0,70,,33936,36,4,,0,30,,33935,36,4,,0,70,,33934,36,4,,0,30,,33933,36,4,,0,70,,33932,36,4,,0,30,,33931,36,4,,0,70,,33930,36,4,,0,30,,33929,36,4,,0,70,,33928,36,4,,0,30,,33927,36,4,,0,100,,33926,36,4,,0,100,,33925,36,4,,0
647703,'1356',857,,33944,36,4,,0,70,,33945,36,4,,0,30,,33946,36,4,,0,70,,33947,36,4,,0,30,,33948,36,4,,0,70,,33949,36,4,,0,30,,33950,36,4,,0,70,,33951,36,4,,0,30,,33952,36,4,,0,70,,33953,36,4,,0,30,,33954,36,4,,0,70,,33955,36,4,,0,30,,33956,36,4,,0,70,,33957,36,4,,0,30,,33958,36,4,,0,70,,33959,36,4,,0,30,,33960,36,4,,0,70,,33961,36,4,,0,30,,33962,36,4,,0,70,,33963,36,4,,0,30,,33964,36,4,,0,70,,33965,36,4,,0,30,,33966,36,4,,0,100,,33967,36,4,,0,100,,33968,36,4,,0,100,,33969,36,4,,0
647703,'1357',657,,33970,36,4,,0,70,,33971,36,4,,0,30,,33972,36,4,,0,70,,33973,36,4,,0,30,,33974,36,4,,0,70,,33975,36,4,,0,30,,33976,36,4,,0,70,,33977,36,4,,0,30,,33978,36,4,,0,70,,33979,36,4,,0,30,,33980,36,4,,0,70,,33981,36,4,,0,30,,33982,36,4,,0,70,,33983,36,4,,0,30,,33984,36,4,,0,70,,33985,36,4,,0,30,,33986,36,4,,0,70,,33987,36,4,,0,30,,33988,36,4,,0,70,,33989,36,4,,0,30,,33990,36,4,,0,70,,33991,36,4,,0,30,,33992,36,4,,0,70,,33993,36,4,,0,30,,33994,36,4,,0,70,,33995,36,4,,0,30,,33996,36,4,,0,70,,33997,36,4,,0,30,,33998,36,4,,0,100,,33999,36,4,,0,100,,34000,36,4,,0,100,,34001,36,4,,0
647703,'1358',657,,34002,36,4,,0,70,,34003,36,4,,0,30,,34004,36,4,,0,70,,34005,36,4,,0,30,,34006,36,4,,0,70,,34007,36,4,,0,30,,34008,36,4,,0,70,,34009,36,4,,0,30,,34010,36,4,,0,70,,34011,36,4,,0,30,,34012,36,4,,0,70,,34013,36,4,,0,30,,34014,36,4,,0,70,,34015,36,4,,0,30,,34016,36,4,,0,70,,34017,36,4,,0,30,,34018,36,4,,0,70,,34019,36,4,,0,30,,34020,36,4,,0,70,,34021,36,4,,0,30,,34022,36,4,,0,70,,34023,36,4,,0,30,,34024,36,4,,0,70,,34025,36,4,,0,30,,34026,36,4,,0,70,,34027,36,4,,0,30,,34028,36,4,,0,70,,34029,36,4,,0,30,,34030,36,4,,0,100,,34031,36,4,,0,100,,34032,36,4,,0,100,,34033,36,4,,0
647703,'1359',657,,34034,36,4,,0,70,,34035,36,4,,0,30,,34036,36,4,,0,70,,34037,36,4,,0,30,,34038,36,4,,0,70,,34039,36,4,,0,30,,34040,36,4,,0,70,,34041,36,4,,0,30,,34042,36,4,,0,70,,34043,36,4,,0,30,,34044,36,4,,0,70,,34045,36,4,,0,30,,34046,36,4,,0,70,,34047,36,4,,0,30,,34048,36,4,,0,70,,34049,36,4,,0,30,,34050,36,4,,0,70,,34051,36,4,,0,30,,34052,36,4,,0,70,,34053,36,4,,0,30,,34054,36,4,,0,70,,34055,36,4,,0,30,,34056,36,4,,0,70,,34057,36,4,,0,30,,34058,36,4,,0,70,,34059,36,4,,0,30,,34060,36,4,,0,70,,34061,36,4,,0,30,,34062,36,4,,0,100,,34063,36,4,,0,100,,34064,36,4,,0,100,,34065,36,4,,0
647703,'1360',657,,34066,36,4,,0,70,,34067,36,4,,0,30,,34068,36,4,,0,70,,34069,36,4,,0,30,,34070,36,4,,0,70,,34071,36,4,,0,30,,34072,36,4,,0,70,,34073,36,4,,0,30,,34074,36,4,,0,70,,34075,36,4,,0,30,,34076,36,4,,0,70,,34077,36,4,,0,30,,34078,36,4,,0,70,,34079,36,4,,0,30,,34080,36,4,,0,70,,34081,36,4,,0,30,,34082,36,4,,0,70,,34083,36,4,,0,30,,34084,36,4,,0,70,,34085,36,4,,0,30,,34086,36,4,,0,70,,34087,36,4,,0,30,,34088,36,4,,0,70,,34089,36,4,,0,30,,34090,36,4,,0,70,,34091,36,4,,0,30,,34092,36,4,,0,70,,34093,36,4,,0,30,,34094,36,4,,0,100,,34095,36,4,,0,100,,34096,36,4,,0,100,,34097,36,4,,0
647703,'1361',657,,34098,36,4,,0,70,,34099,36,4,,0,30,,34100,36,4,,0,70,,34101,36,4,,0,30,,34102,36,4,,0,70,,34103,36,4,,0,30,,34104,36,4,,0,70,,34105,36,4,,0,30,,34106,36,4,,0,70,,34107,36,4,,0,30,,34108,36,4,,0,70,,34109,36,4,,0,30,,34110,36,4,,0,70,,34111,36,4,,0,30,,34112,36,4,,0,70,,34113,36,4,,0,30,,34114,36,4,,0,70,,34115,36,4,,0,30,,34116,36,4,,0,70,,34117,36,4,,0,30,,34118,36,4,,0,70,,34119,36,4,,0,30,,34120,36,4,,0,70,,34121,36,4,,0,30,,34122,36,4,,0,70,,34123,36,4,,0,30,,34124,36,4,,0,70,,34125,36,4,,0,30,,34126,36,4,,0,100,,34127,36,4,,0,100,,34128,36,4,,0,100,,34129,36,4,,0
647704,'1355',900,,34148,1,0,14,0,100,,34147,1,0,14,0,30,,34146,1,0,14,0,70,,34145,1,0,14,0,30,,34144,1,0,14,0,70,,34143,1,0,14,0,30,,34142,1,0,14,0,70,,34141,1,0,14,0,30,,34140,1,0,14,0,70,,34139,1,0,14,0,30,,34138,1,0,14,0,70,,34137,1,0,14,0,30,,34136,1,0,14,0,70,,34135,1,0,14,0,30,,34134,1,0,14,0,70,,34133,1,0,14,0,30,,34132,1,0,14,0,70,,34131,1,0,14,0,100,,34130,1,0,14,0
647704,'1356',800,,34149,1,0,14,0,100,,34150,1,0,14,0,30,,34151,1,0,14,0,70,,34152,1,0,14,0,30,,34153,1,0,14,0,70,,34154,1,0,14,0,30,,34155,1,0,14,0,70,,34156,1,0,14,0,30,,34157,1,0,14,0,70,,34158,1,0,14,0,30,,34159,1,0,14,0,70,,34160,1,0,14,0,30,,34161,1,0,14,0,70,,34162,1,0,14,0,30,,34163,1,0,14,0,70,,34164,1,0,14,0,30,,34165,1,0,14,0,70,,34166,1,0,14,0,30,,34167,1,0,14,0,70,,34168,1,0,14,0,30,,34169,1,0,14,0,70,,34170,1,0,14,0,30,,34171,1,0,14,0,70,,34172,1,0,14,0,100,,34173,1,0,14,0,100,,34174,1,0,14,0
647704,'1357',600,,34175,1,0,14,0,100,,34176,1,0,14,0,30,,34177,1,0,14,0,70,,34178,1,0,14,0,30,,34179,1,0,14,0,70,,34180,1,0,14,0,30,,34181,1,0,14,0,70,,34182,1,0,14,0,30,,34183,1,0,14,0,70,,34184,1,0,14,0,30,,34185,1,0,14,0,70,,34186,1,0,14,0,30,,34187,1,0,14,0,70,,34188,1,0,14,0,30,,34189,1,0,14,0,70,,34190,1,0,14,0,30,,34191,1,0,14,0,70,,34192,1,0,14,0,30,,34193,1,0,14,0,70,,34194,1,0,14,0,30,,34195,1,0,14,0,70,,34196,1,0,14,0,30,,34197,1,0,14,0,70,,34198,1,0,14,0,30,,34199,1,0,14,0,70,,34200,1,0,14,0,30,,34201,1,0,14,0,70,,34202,1,0,14,0,30,,34203,1,0,14,0,70,,34204,1,0,14,0,100,,34205,1,0,14,0,100,,34206,1,0,14,0
647704,'1358',600,,34207,1,0,14,0,100,,34208,1,0,14,0,30,,34209,1,0,14,0,70,,34210,1,0,14,0,30,,34211,1,0,14,0,70,,34212,1,0,14,0,30,,34213,1,0,14,0,70,,34214,1,0,14,0,30,,34215,1,0,14,0,70,,34216,1,0,14,0,30,,34217,1,0,14,0,70,,34218,1,0,14,0,30,,34219,1,0,14,0,70,,34220,1,0,14,0,30,,34221,1,0,14,0,70,,34222,1,0,14,0,30,,34223,1,0,14,0,70,,34224,1,0,14,0,30,,34225,1,0,14,0,70,,34226,1,0,14,0,30,,34227,1,0,14,0,70,,34228,1,0,14,0,30,,34229,1,0,14,0,70,,34230,1,0,14,0,30,,34231,1,0,14,0,70,,34232,1,0,14,0,30,,34233,1,0,14,0,70,,34234,1,0,14,0,30,,34235,1,0,14,0,70,,34236,1,0,14,0,100,,34237,1,0,14,0,100,,34238,1,0,14,0
647704,'1359',600,,34239,1,0,14,0,100,,34240,1,0,14,0,30,,34241,1,0,14,0,70,,34242,1,0,14,0,30,,34243,1,0,14,0,70,,34244,1,0,14,0,30,,34245,1,0,14,0,70,,34246,1,0,14,0,30,,34247,1,0,14,0,70,,34248,1,0,14,0,30,,34249,1,0,14,0,70,,34250,1,0,14,0,30,,34251,1,0,14,0,70,,34252,1,0,14,0,30,,34253,1,0,14,0,70,,34254,1,0,14,0,30,,34255,1,0,14,0,70,,34256,1,0,14,0,30,,34257,1,0,14,0,70,,34258,1,0,14,0,30,,34259,1,0,14,0,70,,34260,1,0,14,0,30,,34261,1,0,14,0,70,,34262,1,0,14,0,30,,34263,1,0,14,0,70,,34264,1,0,14,0,30,,34265,1,0,14,0,70,,34266,1,0,14,0,30,,34267,1,0,14,0,70,,34268,1,0,14,0,100,,34269,1,0,14,0,100,,34270,1,0,14,0
647704,'1360',600,,34271,1,0,14,0,100,,34272,1,0,14,0,30,,34273,1,0,14,0,70,,34274,1,0,14,0,30,,34275,1,0,14,0,70,,34276,1,0,14,0,30,,34277,1,0,14,0,70,,34278,1,0,14,0,30,,34279,1,0,14,0,70,,34280,1,0,14,0,30,,34281,1,0,14,0,70,,34282,1,0,14,0,30,,34283,1,0,14,0,70,,34284,1,0,14,0,30,,34285,1,0,14,0,70,,34286,1,0,14,0,30,,34287,1,0,14,0,70,,34288,1,0,14,0,30,,34289,1,0,14,0,70,,34290,1,0,14,0,30,,34291,1,0,14,0,70,,34292,1,0,14,0,30,,34293,1,0,14,0,70,,34294,1,0,14,0,30,,34295,1,0,14,0,70,,34296,1,0,14,0,30,,34297,1,0,14,0,70,,34298,1,0,14,0,30,,34299,1,0,14,0,70,,34300,1,0,14,0,100,,34301,1,0,14,0,100,,34302,1,0,14,0
647704,'1361',600,,34303,1,0,14,0,100,,34304,1,0,14,0,30,,34305,1,0,14,0,70,,34306,1,0,14,0,30,,34307,1,0,14,0,70,,34308,1,0,14,0,30,,34309,1,0,14,0,70,,34310,1,0,14,0,30,,34311,1,0,14,0,70,,34312,1,0,14,0,30,,34313,1,0,14,0,70,,34314,1,0,14,0,30,,34315,1,0,14,0,70,,34316,1,0,14,0,30,,34317,1,0,14,0,70,,34318,1,0,14,0,30,,34319,1,0,14,0,70,,34320,1,0,14,0,30,,34321,1,0,14,0,70,,34322,1,0,14,0,30,,34323,1,0,14,0,70,,34324,1,0,14,0,30,,34325,1,0,14,0,70,,34326,1,0,14,0,30,,34327,1,0,14,0,70,,34328,1,0,14,0,30,,34329,1,0,14,0,70,,34330,1,0,14,0,30,,34331,1,0,14,0,70,,34332,1,0,14,0,100,,34333,1,0,14,0,100,,34334,1,0,14,0
721501,'1355',900,,35544,1,0,17,0,100,,35543,1,0,17,0,100,,35542,1,0,17,0,100,,35541,1,0,17,0,100,,35540,1,0,17,0,100,,35539,1,0,17,0,100,,35538,1,0,17,0,100,,35537,1,0,17,0,100,,35536,1,0,17,0,100,,35535,1,0,17,0,100,,35534,1,0,17,0
721501,'1356',700,,35545,1,0,17,0,100,,35546,1,0,17,0,100,,35547,1,0,17,0,100,,35548,1,0,17,0,100,,35549,1,0,17,0,100,,35550,1,0,17,0,30,,35551,1,0,17,0,70,,35552,1,0,17,0,30,,35553,1,0,17,0,70,,35554,1,0,17,0,30,,35555,1,0,17,0,70,,35556,1,0,17,0,30,,35557,1,0,17,0,70,,35558,1,0,17,0,30,,35559,1,0,17,0,70,,35560,1,0,17,0,30,,35561,1,0,17,0,70,,35562,1,0,17,0,100,,35563,1,0,17,0
721501,'1357',700,,35564,1,0,17,0,30,,35565,1,0,17,0,70,,35566,1,0,17,0,30,,35567,1,0,17,0,70,,35568,1,0,17,0,30,,35569,1,0,17,0,70,,35570,1,0,17,0,30,,35571,1,0,17,0,70,,35572,1,0,17,0,30,,35573,1,0,17,0,70,,35574,1,0,17,0,30,,35575,1,0,17,0,70,,35576,1,0,17,0,30,,35577,1,0,17,0,70,,35578,1,0,17,0,30,,35579,1,0,17,0,70,,35580,1,0,17,0,30,,35581,1,0,17,0,70,,35582,1,0,17,0,30,,35583,1,0,17,0,70,,35584,1,0,17,0,30,,35585,1,0,17,0,70,,35586,1,0,17,0,30,,35587,1,0,17,0,70,,35588,1,0,17,0,100,,35589,1,0,17,0,100,,35590,1,0,17,0,100,,35591,1,0,17,0
721501,'1358',700,,35592,1,0,17,0,30,,35593,1,0,17,0,70,,35594,1,0,17,0,30,,35595,1,0,17,0,70,,35596,1,0,17,0,30,,35597,1,0,17,0,70,,35598,1,0,17,0,30,,35599,1,0,17,0,70,,35600,1,0,17,0,30,,35601,1,0,17,0,70,,35602,1,0,17,0,30,,35603,1,0,17,0,70,,35604,1,0,17,0,30,,35605,1,0,17,0,70,,35606,1,0,17,0,30,,35607,1,0,17,0,70,,35608,1,0,17,0,30,,35609,1,0,17,0,70,,35610,1,0,17,0,30,,35611,1,0,17,0,70,,35612,1,0,17,0,30,,35613,1,0,17,0,70,,35614,1,0,17,0,30,,35615,1,0,17,0,70,,35616,1,0,17,0,100,,35617,1,0,17,0,100,,35618,1,0,17,0,100,,35619,1,0,17,0
721501,'1359',700,,35620,1,0,17,0,30,,35621,1,0,17,0,70,,35622,1,0,17,0,30,,35623,1,0,17,0,70,,35624,1,0,17,0,30,,35625,1,0,17,0,70,,35626,1,0,17,0,30,,35627,1,0,17,0,70,,35628,1,0,17,0,30,,35629,1,0,17,0,70,,35630,1,0,17,0,30,,35631,1,0,17,0,70,,35632,1,0,17,0,30,,35633,1,0,17,0,70,,35634,1,0,17,0,30,,35635,1,0,17,0,70,,35636,1,0,17,0,30,,35637,1,0,17,0,70,,35638,1,0,17,0,30,,35639,1,0,17,0,70,,35640,1,0,17,0,30,,35641,1,0,17,0,70,,35642,1,0,17,0,30,,35643,1,0,17,0,70,,35644,1,0,17,0,100,,35645,1,0,17,0,100,,35646,1,0,17,0,100,,35647,1,0,17,0
721501,'1360',700,,35648,1,0,17,0,30,,35649,1,0,17,0,70,,35650,1,0,17,0,30,,35651,1,0,17,0,70,,35652,1,0,17,0,30,,35653,1,0,17,0,70,,35654,1,0,17,0,30,,35655,1,0,17,0,70,,35656,1,0,17,0,30,,35657,1,0,17,0,70,,35658,1,0,17,0,30,,35659,1,0,17,0,70,,35660,1,0,17,0,30,,35661,1,0,17,0,70,,35662,1,0,17,0,30,,35663,1,0,17,0,70,,35664,1,0,17,0,30,,35665,1,0,17,0,70,,35666,1,0,17,0,30,,35667,1,0,17,0,70,,35668,1,0,17,0,30,,35669,1,0,17,0,70,,35670,1,0,17,0,30,,35671,1,0,17,0,70,,35672,1,0,17,0,100,,35673,1,0,17,0,100,,35674,1,0,17,0,100,,35675,1,0,17,0
721501,'1361',700,,35676,1,0,17,0,30,,35677,1,0,17,0,70,,35678,1,0,17,0,30,,35679,1,0,17,0,70,,35680,1,0,17,0,30,,35681,1,0,17,0,70,,35682,1,0,17,0,30,,35683,1,0,17,0,70,,35684,1,0,17,0,30,,35685,1,0,17,0,70,,35686,1,0,17,0,30,,35687,1,0,17,0,70,,35688,1,0,17,0,30,,35689,1,0,17,0,70,,35690,1,0,17,0,30,,35691,1,0,17,0,70,,35692,1,0,17,0,30,,35693,1,0,17,0,70,,35694,1,0,17,0,30,,35695,1,0,17,0,70,,35696,1,0,17,0,30,,35697,1,0,17,0,70,,35698,1,0,17,0,30,,35699,1,0,17,0,70,,35700,1,0,17,0,100,,35701,1,0,17,0,100,,35702,1,0,17,0,100,,35703,1,0,17,0
721502,'1355',955,,35714,53,4,,0,100,,35713,53,4,,0,100,,35712,53,4,,0,100,,35711,53,4,,0,100,,35710,53,4,,0,100,,35709,53,4,,0,100,,35708,53,4,,0,100,,35707,53,4,,0,100,,35706,53,4,,0,100,,35705,53,4,,0,100,,35704,53,4,,0
721502,'1356',755,,35715,53,4,,0,100,,35716,53,4,,0,100,,35717,53,4,,0,100,,35718,53,4,,0,100,,35719,53,4,,0,100,,35720,53,4,,0,100,,35721,53,4,,0,70,,35722,53,4,,0,30,,35723,53,4,,0,70,,35724,53,4,,0,30,,35725,53,4,,0,70,,35726,53,4,,0,30,,35727,53,4,,0,70,,35728,53,4,,0,30,,35729,53,4,,0,70,,35730,53,4,,0,30,,35731,53,4,,0,70,,35732,53,4,,0,30,,35733,53,4,,0
721502,'1357',755,,35735,53,4,,0,70,,35736,53,4,,0,30,,35737,53,4,,0,70,,35738,53,4,,0,30,,35739,53,4,,0,70,,35740,53,4,,0,30,,35741,53,4,,0,70,,35742,53,4,,0,30,,35743,53,4,,0,70,,35744,53,4,,0,30,,35745,53,4,,0,70,,35746,53,4,,0,30,,35747,53,4,,0,70,,35748,53,4,,0,30,,35749,53,4,,0,70,,35750,53,4,,0,30,,35751,53,4,,0,70,,35752,53,4,,0,30,,35753,53,4,,0,70,,35754,53,4,,0,30,,35755,53,4,,0,70,,35756,53,4,,0,30,,35757,53,4,,0,70,,35758,53,4,,0,30,,35759,53,4,,0,100,,35760,53,4,,0,100,,35761,53,4,,0,100,,35762,53,4,,0
721502,'1358',755,,35764,53,4,,0,70,,35765,53,4,,0,30,,35766,53,4,,0,70,,35767,53,4,,0,30,,35768,53,4,,0,70,,35769,53,4,,0,30,,35770,53,4,,0,70,,35771,53,4,,0,30,,35772,53,4,,0,70,,35773,53,4,,0,30,,35774,53,4,,0,70,,35775,53,4,,0,30,,35776,53,4,,0,70,,35777,53,4,,0,30,,35778,53,4,,0,70,,35779,53,4,,0,30,,35780,53,4,,0,70,,35781,53,4,,0,30,,35782,53,4,,0,70,,35783,53,4,,0,30,,35784,53,4,,0,70,,35785,53,4,,0,30,,35786,53,4,,0,70,,35787,53,4,,0,30,,35788,53,4,,0,100,,35789,53,4,,0,100,,35790,53,4,,0,100,,35791,53,4,,0
721502,'1359',755,,35793,53,4,,0,70,,35794,53,4,,0,30,,35795,53,4,,0,70,,35796,53,4,,0,30,,35797,53,4,,0,70,,35798,53,4,,0,30,,35799,53,4,,0,70,,35800,53,4,,0,30,,35801,53,4,,0,70,,35802,53,4,,0,30,,35803,53,4,,0,70,,35804,53,4,,0,30,,35805,53,4,,0,70,,35806,53,4,,0,30,,35807,53,4,,0,70,,35808,53,4,,0,30,,35809,53,4,,0,70,,35810,53,4,,0,30,,35811,53,4,,0,70,,35812,53,4,,0,30,,35813,53,4,,0,70,,35814,53,4,,0,30,,35815,53,4,,0,70,,35816,53,4,,0,30,,35817,53,4,,0,100,,35818,53,4,,0,100,,35819,53,4,,0,100,,35820,53,4,,0
721502,'1360',755,,35822,53,4,,0,70,,35823,53,4,,0,30,,35824,53,4,,0,70,,35825,53,4,,0,30,,35826,53,4,,0,70,,35827,53,4,,0,30,,35828,53,4,,0,70,,35829,53,4,,0,30,,35830,53,4,,0,70,,35831,53,4,,0,30,,35832,53,4,,0,70,,35833,53,4,,0,30,,35834,53,4,,0,70,,35835,53,4,,0,30,,35836,53,4,,0,70,,35837,53,4,,0,30,,35838,53,4,,0,70,,35839,53,4,,0,30,,35840,53,4,,0,70,,35841,53,4,,0,30,,35842,53,4,,0,70,,35843,53,4,,0,30,,35844,53,4,,0,70,,35845,53,4,,0,30,,35846,53,4,,0,100,,35847,53,4,,0,100,,35848,53,4,,0,100,,35849,53,4,,0
721502,'1361',755,,35851,53,4,,0,70,,35852,53,4,,0,30,,35853,53,4,,0,70,,35854,53,4,,0,30,,35855,53,4,,0,70,,35856,53,4,,0,30,,35857,53,4,,0,70,,35858,53,4,,0,30,,35859,53,4,,0,70,,35860,53,4,,0,30,,35861,53,4,,0,70,,35862,53,4,,0,30,,35863,53,4,,0,70,,35864,53,4,,0,30,,35865,53,4,,0,70,,35866,53,4,,0,30,,35867,53,4,,0,70,,35868,53,4,,0,30,,35869,53,4,,0,70,,35870,53,4,,0,30,,35871,53,4,,0,70,,35872,53,4,,0,30,,35873,53,4,,0,70,,35874,53,4,,0,30,,35875,53,4,,0,100,,35876,53,4,,0,100,,35877,53,4,,0,100,,35878,53,4,,0
