463600,'1334',912,,11417,1,0,10,0,440,,11416,1,0,10,0,170,,11415,1,0,10,0,285,,11414,1,0,10,0
463600,'1335',742,,11418,1,0,10,0,670,,11419,1,0,10,0,130,,11420,1,0,10,0,300,,11421,1,0,10,0
463600,'1336',642,,11422,1,0,10,0,770,,11423,1,0,10,0,430,,11424,1,0,10,0,170,,11425,1,0,10,0
463600,'1337',642,,11426,1,0,10,0,770,,11427,1,0,10,0,430,,11428,1,0,10,0,170,,11429,1,0,10,0
463600,'1338',642,,11430,1,0,10,0,770,,11431,1,0,10,0,430,,11432,1,0,10,0,170,,11433,1,0,10,0
463600,'1339',642,,11434,1,0,10,0,770,,11435,1,0,10,0,430,,11436,1,0,10,0,170,,11437,1,0,10,0
463600,'1340',642,,11438,1,0,10,0,770,,11439,1,0,10,0,430,,11440,1,0,10,0,170,,11441,1,0,10,0
463601,'1334',911,,11445,17,4,,0,440,,11444,17,4,,0,170,,11443,17,4,,0,285,,11442,17,4,,0
463601,'1335',741,,11446,17,4,,0,670,,11447,17,4,,0,130,,11448,17,4,,0,300,,11449,17,4,,0
463601,'1336',641,,11450,17,4,,0,770,,11451,17,4,,0,430,,11452,17,4,,0,170,,11453,17,4,,0
463601,'1337',641,,11454,17,4,,0,770,,11455,17,4,,0,430,,11456,17,4,,0,170,,11457,17,4,,0
463601,'1338',641,,11458,17,4,,0,770,,11459,17,4,,0,430,,11460,17,4,,0,170,,11461,17,4,,0
463601,'1339',641,,11462,17,4,,0,770,,11463,17,4,,0,430,,11464,17,4,,0,170,,11465,17,4,,0
463601,'1340',641,,11466,17,4,,0,770,,11467,17,4,,0,430,,11468,17,4,,0,170,,11469,17,4,,0
