'1160',463601,90400,0,'605',0,44000,0,'605',0,17000,0,'605',0,24500,0,'605',0
'1161',463601,73400,0,'605',0,67000,0,'605',0,13000,0,'605',0,30000,0,'605',0
'1162',463601,90400,0,'605',0,44000,0,'605',0,17000,0,'605',0,24500,0,'605',0
'1163',463601,63400,0,'605',0,77000,0,'605',0,43000,0,'605',0,17000,0,'605',0
'1164',463601,63400,0,'605',0,77000,0,'605',0,43000,0,'605',0,17000,0,'605',0
'1165',463601,63400,0,'605',0,77000,0,'605',0,43000,0,'605',0,17000,0,'605',0
'1166',463601,63400,0,'605',0,77000,0,'605',0,43000,0,'605',0,17000,0,'605',0
'1167',463601,63400,0,'605',0,77000,0,'605',0,43000,0,'605',0,17000,0,'605',0
'1168',463601,90400,0,'605',0,44000,0,'605',0,41500,0,'605',0
'1169',463601,93400,0,'605',0,30000,0,'605',0,30000,0,'605',0
'1170',463601,90400,0,'605',0,44000,0,'605',0,41500,0,'605',0
