'1296',463601,85700,0,'605',0,48000,0,'605',0,17000,0,'605',0,24500,0,'605',0
'1297',463601,72700,0,'605',0,63000,0,'605',0,17000,0,'605',0,30000,0,'605',0
'1298',463601,62700,0,'605',0,73000,0,'605',0,47000,0,'605',0,13000,0,'605',0
'1299',463601,62700,0,'605',0,73000,0,'605',0,47000,0,'605',0,13000,0,'605',0
'1300',463601,62700,0,'605',0,73000,0,'605',0,47000,0,'605',0,13000,0,'605',0
'1301',463601,62700,0,'605',0,73000,0,'605',0,47000,0,'605',0,13000,0,'605',0
'1302',463601,62700,0,'605',0,73000,0,'605',0,47000,0,'605',0,13000,0,'605',0
'1303',463601,85700,0,'605',0,48000,0,'605',0,17000,0,'605',0,24500,0,'605',0
'1304',463601,92700,0,'605',0,30000,0,'605',0,30000,0,'605',0
'1305',463601,85700,0,'605',0,48000,0,'605',0,17000,0,'605',0,24500,0,'605',0
