721303,'1355',838,,34791,3,0,15,0,80,,34790,3,0,15,0,40,,34789,3,0,15,0,80,,34788,3,0,15,0,80,,34787,3,0,15,0,40,,34786,3,0,15,0,80,,34785,3,0,15,0,80,,34784,3,0,15,0,40,,34783,3,0,15,0,80,,34782,3,0,15,0,80,,34781,3,0,15,0,40,,34780,3,0,15,0,80,,34779,3,0,15,0,80,,34778,3,0,15,0,40,,34777,3,0,15,0,80,,34776,3,0,15,0,80,,34775,3,0,15,0,40,,34774,3,0,15,0
721303,'1356',638,,34792,3,0,15,0,80,,34793,3,0,15,0,40,,34794,3,0,15,0,80,,34795,3,0,15,0,80,,34796,3,0,15,0,40,,34797,3,0,15,0,80,,34798,3,0,15,0,80,,34799,3,0,15,0,40,,34800,3,0,15,0,60,,34801,3,0,15,0,20,,34802,3,0,15,0,20,,34803,3,0,15,0,60,,34804,3,0,15,0,20,,34805,3,0,15,0,20,,34806,3,0,15,0,60,,34807,3,0,15,0,20,,34808,3,0,15,0,20,,34809,3,0,15,0,60,,34810,3,0,15,0,20,,34811,3,0,15,0,20,,34812,3,0,15,0,60,,34813,3,0,15,0,20,,34814,3,0,15,0,20,,34815,3,0,15,0,60,,34816,3,0,15,0,20,,34817,3,0,15,0,20,,34818,3,0,15,0,60,,34819,3,0,15,0,20,,34820,3,0,15,0,80,,34821,3,0,15,0,40,,34822,3,0,15,0,80,,34823,3,0,15,0,80,,34824,3,0,15,0,40,,34825,3,0,15,0,80,,34826,3,0,15,0,80,,34827,3,0,15,0
721303,'1357',613,,34835,3,0,15,0,45,,34836,3,0,15,0,60,,34837,3,0,15,0,25,,34838,3,0,15,0,60,,34839,3,0,15,0,25,,34840,3,0,15,0,20,,34841,3,0,15,0,65,,34842,3,0,15,0,20,,34843,3,0,15,0,25,,34844,3,0,15,0,60,,34845,3,0,15,0,25,,34846,3,0,15,0,60,,34847,3,0,15,0,25,,34848,3,0,15,0,20,,34849,3,0,15,0,65,,34850,3,0,15,0,20,,34851,3,0,15,0,25,,34852,3,0,15,0,60,,34853,3,0,15,0,25,,34854,3,0,15,0,60,,34855,3,0,15,0,25,,34856,3,0,15,0,20,,34857,3,0,15,0,65,,34858,3,0,15,0,20,,34859,3,0,15,0,25,,34860,3,0,15,0,60,,34861,3,0,15,0,25,,34862,3,0,15,0,60,,34863,3,0,15,0,25,,34864,3,0,15,0,20,,34865,3,0,15,0,65,,34866,3,0,15,0,20,,34867,3,0,15,0,70,,34868,3,0,15,0,35,,34828,3,0,15,0,80,,34829,3,0,15,0,40,,34830,3,0,15,0,80,,34831,3,0,15,0,80,,34832,3,0,15,0,40,,34833,3,0,15,0,80,,34834,3,0,15,0
721303,'1358',613,,34876,3,0,15,0,45,,34877,3,0,15,0,60,,34878,3,0,15,0,25,,34879,3,0,15,0,60,,34880,3,0,15,0,25,,34881,3,0,15,0,20,,34882,3,0,15,0,65,,34883,3,0,15,0,20,,34884,3,0,15,0,25,,34885,3,0,15,0,60,,34886,3,0,15,0,25,,34887,3,0,15,0,60,,34888,3,0,15,0,25,,34889,3,0,15,0,20,,34890,3,0,15,0,65,,34891,3,0,15,0,20,,34892,3,0,15,0,25,,34893,3,0,15,0,60,,34894,3,0,15,0,25,,34895,3,0,15,0,60,,34896,3,0,15,0,25,,34897,3,0,15,0,20,,34898,3,0,15,0,65,,34899,3,0,15,0,20,,34900,3,0,15,0,25,,34901,3,0,15,0,60,,34902,3,0,15,0,25,,34903,3,0,15,0,60,,34904,3,0,15,0,25,,34905,3,0,15,0,20,,34906,3,0,15,0,65,,34907,3,0,15,0,20,,34908,3,0,15,0,70,,34909,3,0,15,0,35,,34869,3,0,15,0,80,,34870,3,0,15,0,40,,34871,3,0,15,0,80,,34872,3,0,15,0,80,,34873,3,0,15,0,40,,34874,3,0,15,0,80,,34875,3,0,15,0
721303,'1359',613,,34917,3,0,15,0,45,,34918,3,0,15,0,60,,34919,3,0,15,0,25,,34920,3,0,15,0,60,,34921,3,0,15,0,25,,34922,3,0,15,0,20,,34923,3,0,15,0,65,,34924,3,0,15,0,20,,34925,3,0,15,0,25,,34926,3,0,15,0,60,,34927,3,0,15,0,25,,34928,3,0,15,0,60,,34929,3,0,15,0,25,,34930,3,0,15,0,20,,34931,3,0,15,0,65,,34932,3,0,15,0,20,,34933,3,0,15,0,25,,34934,3,0,15,0,60,,34935,3,0,15,0,25,,34936,3,0,15,0,60,,34937,3,0,15,0,25,,34938,3,0,15,0,20,,34939,3,0,15,0,65,,34940,3,0,15,0,20,,34941,3,0,15,0,25,,34942,3,0,15,0,60,,34943,3,0,15,0,25,,34944,3,0,15,0,60,,34945,3,0,15,0,25,,34946,3,0,15,0,20,,34947,3,0,15,0,65,,34948,3,0,15,0,20,,34949,3,0,15,0,70,,34950,3,0,15,0,35,,34910,3,0,15,0,80,,34911,3,0,15,0,40,,34912,3,0,15,0,80,,34913,3,0,15,0,80,,34914,3,0,15,0,40,,34915,3,0,15,0,80,,34916,3,0,15,0
721303,'1360',613,,34958,3,0,15,0,45,,34959,3,0,15,0,60,,34960,3,0,15,0,25,,34961,3,0,15,0,60,,34962,3,0,15,0,25,,34963,3,0,15,0,20,,34964,3,0,15,0,65,,34965,3,0,15,0,20,,34966,3,0,15,0,25,,34967,3,0,15,0,60,,34968,3,0,15,0,25,,34969,3,0,15,0,60,,34970,3,0,15,0,25,,34971,3,0,15,0,20,,34972,3,0,15,0,65,,34973,3,0,15,0,20,,34974,3,0,15,0,25,,34975,3,0,15,0,60,,34976,3,0,15,0,25,,34977,3,0,15,0,60,,34978,3,0,15,0,25,,34979,3,0,15,0,20,,34980,3,0,15,0,65,,34981,3,0,15,0,20,,34982,3,0,15,0,25,,34983,3,0,15,0,60,,34984,3,0,15,0,25,,34985,3,0,15,0,60,,34986,3,0,15,0,25,,34987,3,0,15,0,20,,34988,3,0,15,0,65,,34989,3,0,15,0,20,,34990,3,0,15,0,70,,34991,3,0,15,0,35,,34951,3,0,15,0,80,,34952,3,0,15,0,40,,34953,3,0,15,0,80,,34954,3,0,15,0,80,,34955,3,0,15,0,40,,34956,3,0,15,0,80,,34957,3,0,15,0
721303,'1361',613,,34999,3,0,15,0,45,,35000,3,0,15,0,60,,35001,3,0,15,0,25,,35002,3,0,15,0,60,,35003,3,0,15,0,25,,35004,3,0,15,0,20,,35005,3,0,15,0,65,,35006,3,0,15,0,20,,35007,3,0,15,0,25,,35008,3,0,15,0,60,,35009,3,0,15,0,25,,35010,3,0,15,0,60,,35011,3,0,15,0,25,,35012,3,0,15,0,20,,35013,3,0,15,0,65,,35014,3,0,15,0,20,,35015,3,0,15,0,25,,35016,3,0,15,0,60,,35017,3,0,15,0,25,,35018,3,0,15,0,60,,35019,3,0,15,0,25,,35020,3,0,15,0,20,,35021,3,0,15,0,65,,35022,3,0,15,0,20,,35023,3,0,15,0,25,,35024,3,0,15,0,60,,35025,3,0,15,0,25,,35026,3,0,15,0,60,,35027,3,0,15,0,25,,35028,3,0,15,0,20,,35029,3,0,15,0,65,,35030,3,0,15,0,20,,35031,3,0,15,0,70,,35032,3,0,15,0,35,,34992,3,0,15,0,80,,34993,3,0,15,0,40,,34994,3,0,15,0,80,,34995,3,0,15,0,80,,34996,3,0,15,0,40,,34997,3,0,15,0,80,,34998,3,0,15,0
721502,'1357',721,,35734,1,0,16,0
721502,'1358',721,,35763,1,0,16,0
721502,'1359',721,,35792,1,0,16,0
721502,'1360',721,,35821,1,0,16,0
721502,'1361',721,,35850,1,0,16,0
