721404,'1355',929,,35420,41,0,14,0,110,,35419,41,0,14,0,110,,35418,41,0,14,0,110,,35417,41,0,14,0,150,,35416,41,0,14,0,110,,35415,41,0,14,0,110,,35414,41,0,14,0,110,,35413,41,0,14,0
721404,'1356',828,,35421,41,0,14,0,110,,35422,41,0,14,0,110,,35423,41,0,14,0,110,,35424,41,0,14,0,150,,35425,41,0,14,0,113,,35426,41,0,14,0,85,,35427,41,0,14,0,45,,35428,41,0,14,0,85,,35429,41,0,14,0,85,,35430,41,0,14,0,85,,35431,41,0,14,0,45,,35432,41,0,14,0,85,,35433,41,0,14,0
721404,'1357',653,,35434,41,0,14,0,97,,35435,41,0,14,0,85,,35436,41,0,14,0,85,,35437,41,0,14,0,85,,35438,41,0,14,0,45,,35439,41,0,14,0,85,,35440,41,0,14,0,85,,35441,41,0,14,0,85,,35442,41,0,14,0,45,,35443,41,0,14,0,85,,35444,41,0,14,0,85,,35445,41,0,14,0,85,,35446,41,0,14,0,45,,35447,41,0,14,0,85,,35448,41,0,14,0,85,,35449,41,0,14,0,85,,35450,41,0,14,0,45,,35451,41,0,14,0,85,,35452,41,0,14,0,85,,35453,41,0,14,0
721404,'1358',653,,35454,41,0,14,0,97,,35455,41,0,14,0,85,,35456,41,0,14,0,85,,35457,41,0,14,0,85,,35458,41,0,14,0,45,,35459,41,0,14,0,85,,35460,41,0,14,0,85,,35461,41,0,14,0,85,,35462,41,0,14,0,45,,35463,41,0,14,0,85,,35464,41,0,14,0,85,,35465,41,0,14,0,85,,35466,41,0,14,0,45,,35467,41,0,14,0,85,,35468,41,0,14,0,85,,35469,41,0,14,0,85,,35470,41,0,14,0,45,,35471,41,0,14,0,85,,35472,41,0,14,0,85,,35473,41,0,14,0
721404,'1359',653,,35474,41,0,14,0,97,,35475,41,0,14,0,85,,35476,41,0,14,0,85,,35477,41,0,14,0,85,,35478,41,0,14,0,45,,35479,41,0,14,0,85,,35480,41,0,14,0,85,,35481,41,0,14,0,85,,35482,41,0,14,0,45,,35483,41,0,14,0,85,,35484,41,0,14,0,85,,35485,41,0,14,0,85,,35486,41,0,14,0,45,,35487,41,0,14,0,85,,35488,41,0,14,0,85,,35489,41,0,14,0,85,,35490,41,0,14,0,45,,35491,41,0,14,0,85,,35492,41,0,14,0,85,,35493,41,0,14,0
721404,'1360',653,,35494,41,0,14,0,97,,35495,41,0,14,0,85,,35496,41,0,14,0,85,,35497,41,0,14,0,85,,35498,41,0,14,0,45,,35499,41,0,14,0,85,,35500,41,0,14,0,85,,35501,41,0,14,0,85,,35502,41,0,14,0,45,,35503,41,0,14,0,85,,35504,41,0,14,0,85,,35505,41,0,14,0,85,,35506,41,0,14,0,45,,35507,41,0,14,0,85,,35508,41,0,14,0,85,,35509,41,0,14,0,85,,35510,41,0,14,0,45,,35511,41,0,14,0,85,,35512,41,0,14,0,85,,35513,41,0,14,0
721404,'1361',653,,35514,41,0,14,0,97,,35515,41,0,14,0,85,,35516,41,0,14,0,85,,35517,41,0,14,0,85,,35518,41,0,14,0,45,,35519,41,0,14,0,85,,35520,41,0,14,0,85,,35521,41,0,14,0,85,,35522,41,0,14,0,45,,35523,41,0,14,0,85,,35524,41,0,14,0,85,,35525,41,0,14,0,85,,35526,41,0,14,0,45,,35527,41,0,14,0,85,,35528,41,0,14,0,85,,35529,41,0,14,0,85,,35530,41,0,14,0,45,,35531,41,0,14,0,85,,35532,41,0,14,0,85,,35533,41,0,14,0
722600,'1357',720,,36062,5,,,0,84,,36059,5,,,0,649,,36060,6,,,0,84,,36061,6,,,0
722600,'1358',720,,36066,5,,,0,84,,36063,5,,,0,649,,36064,6,,,0,84,,36065,6,,,0
722600,'1359',720,,36070,5,,,0,84,,36067,5,,,0,649,,36068,6,,,0,84,,36069,6,,,0
722600,'1360',720,,36074,5,,,0,84,,36071,5,,,0,649,,36072,6,,,0,84,,36073,6,,,0
722600,'1361',720,,36078,5,,,0,84,,36075,5,,,0,649,,36076,6,,,0,84,,36077,6,,,0
