'1160',463600,92100,0,'605',0,48000,0,'605',0,13000,0,'605',0,28500,0,'605',0
'1161',463600,75100,0,'605',0,67000,0,'605',0,13000,0,'605',0,30000,0,'605',0
'1162',463600,92100,0,'605',0,48000,0,'605',0,13000,0,'605',0,28500,0,'605',0
'1163',463600,65100,0,'605',0,77000,0,'605',0,43000,0,'605',0,17000,0,'605',0
'1164',463600,65100,0,'605',0,77000,0,'605',0,43000,0,'605',0,17000,0,'605',0
'1165',463600,65100,0,'605',0,77000,0,'605',0,43000,0,'605',0,17000,0,'605',0
'1166',463600,65100,0,'605',0,77000,0,'605',0,43000,0,'605',0,17000,0,'605',0
'1167',463600,65100,0,'605',0,77000,0,'605',0,43000,0,'605',0,17000,0,'605',0
'1168',463600,92100,0,'605',0,48000,0,'605',0,41500,0,'605',0
'1169',463600,95100,0,'605',0,30000,0,'605',0,30000,0,'605',0
'1170',463600,92100,0,'605',0,48000,0,'605',0,41500,0,'605',0
