721203,'1355',1006,,34348,30,0,15,0,45,,34347,30,0,15,0,85,,34346,30,0,15,0,85,,34345,30,0,15,0,85,,34344,30,0,15,0,45,,34343,30,0,15,0,85,,34342,30,0,15,0,85,,34341,30,0,15,0,85,,34340,30,0,15,0,45,,34339,30,0,15,0,85,,34338,30,0,15,0,85,,34337,30,0,15,0,85,,34336,30,0,15,0,45,,34335,30,0,15,0
721203,'1356',706,,34349,30,0,15,0,45,,34350,30,0,15,0,85,,34351,30,0,15,0,85,,34352,30,0,15,0,85,,34353,30,0,15,0,45,,34354,30,0,15,0,70,,34355,30,0,15,0,30,,34356,30,0,15,0,70,,34357,30,0,15,0,30,,34358,30,0,15,0,70,,34359,30,0,15,0,30,,34360,30,0,15,0,70,,34361,30,0,15,0,30,,34362,30,0,15,0,70,,34363,30,0,15,0,30,,34364,30,0,15,0,70,,34365,30,0,15,0,30,,34366,30,0,15,0,70,,34367,30,0,15,0,30,,34368,30,0,15,0,70,,34369,30,0,15,0,30,,34370,30,0,15,0,85,,34371,30,0,15,0,85,,34372,30,0,15,0,85,,34373,30,0,15,0,45,,34374,30,0,15,0,85,,34375,30,0,15,0,85,,34376,30,0,15,0
721203,'1357',636,,34377,30,0,15,0,70,,34378,30,0,15,0,30,,34379,30,0,15,0,70,,34380,30,0,15,0,15,,34381,30,0,15,0,15,,34382,30,0,15,0,15,,34383,30,0,15,0,55,,34384,30,0,15,0,30,,34385,30,0,15,0,70,,34386,30,0,15,0,30,,34387,30,0,15,0,70,,34388,30,0,15,0,30,,34389,30,0,15,0,70,,34390,30,0,15,0,30,,34391,30,0,15,0,70,,34392,30,0,15,0,30,,34393,30,0,15,0,70,,34394,30,0,15,0,30,,34395,30,0,15,0,70,,34396,30,0,15,0,15,,34397,30,0,15,0,15,,34398,30,0,15,0,15,,34399,30,0,15,0,55,,34400,30,0,15,0,30,,34401,30,0,15,0,70,,34402,30,0,15,0,30,,34403,30,0,15,0,70,,34404,30,0,15,0,30,,34405,30,0,15,0,70,,34406,30,0,15,0,45,,34407,30,0,15,0,85,,34408,30,0,15,0,85,,34409,30,0,15,0,85,,34410,30,0,15,0,45,,34411,30,0,15,0,85,,34412,30,0,15,0
721203,'1358',636,,34413,30,0,15,0,70,,34414,30,0,15,0,30,,34415,30,0,15,0,70,,34416,30,0,15,0,15,,34417,30,0,15,0,15,,34418,30,0,15,0,15,,34419,30,0,15,0,55,,34420,30,0,15,0,30,,34421,30,0,15,0,70,,34422,30,0,15,0,30,,34423,30,0,15,0,70,,34424,30,0,15,0,30,,34425,30,0,15,0,70,,34426,30,0,15,0,30,,34427,30,0,15,0,70,,34428,30,0,15,0,30,,34429,30,0,15,0,70,,34430,30,0,15,0,30,,34431,30,0,15,0,70,,34432,30,0,15,0,15,,34433,30,0,15,0,15,,34434,30,0,15,0,15,,34435,30,0,15,0,55,,34436,30,0,15,0,30,,34437,30,0,15,0,70,,34438,30,0,15,0,30,,34439,30,0,15,0,70,,34440,30,0,15,0,30,,34441,30,0,15,0,70,,34442,30,0,15,0,45,,34443,30,0,15,0,85,,34444,30,0,15,0,85,,34445,30,0,15,0,85,,34446,30,0,15,0,45,,34447,30,0,15,0,85,,34448,30,0,15,0
721203,'1359',636,,34449,30,0,15,0,70,,34450,30,0,15,0,30,,34451,30,0,15,0,70,,34452,30,0,15,0,15,,34453,30,0,15,0,15,,34454,30,0,15,0,15,,34455,30,0,15,0,55,,34456,30,0,15,0,30,,34457,30,0,15,0,70,,34458,30,0,15,0,30,,34459,30,0,15,0,70,,34460,30,0,15,0,30,,34461,30,0,15,0,70,,34462,30,0,15,0,30,,34463,30,0,15,0,70,,34464,30,0,15,0,30,,34465,30,0,15,0,70,,34466,30,0,15,0,30,,34467,30,0,15,0,70,,34468,30,0,15,0,15,,34469,30,0,15,0,15,,34470,30,0,15,0,15,,34471,30,0,15,0,55,,34472,30,0,15,0,30,,34473,30,0,15,0,70,,34474,30,0,15,0,30,,34475,30,0,15,0,70,,34476,30,0,15,0,30,,34477,30,0,15,0,70,,34478,30,0,15,0,45,,34479,30,0,15,0,85,,34480,30,0,15,0,85,,34481,30,0,15,0,85,,34482,30,0,15,0,45,,34483,30,0,15,0,85,,34484,30,0,15,0
721203,'1360',636,,34485,30,0,15,0,70,,34486,30,0,15,0,30,,34487,30,0,15,0,70,,34488,30,0,15,0,15,,34489,30,0,15,0,15,,34490,30,0,15,0,15,,34491,30,0,15,0,55,,34492,30,0,15,0,30,,34493,30,0,15,0,70,,34494,30,0,15,0,30,,34495,30,0,15,0,70,,34496,30,0,15,0,30,,34497,30,0,15,0,70,,34498,30,0,15,0,30,,34499,30,0,15,0,70,,34500,30,0,15,0,30,,34501,30,0,15,0,70,,34502,30,0,15,0,30,,34503,30,0,15,0,70,,34504,30,0,15,0,15,,34505,30,0,15,0,15,,34506,30,0,15,0,15,,34507,30,0,15,0,55,,34508,30,0,15,0,30,,34509,30,0,15,0,70,,34510,30,0,15,0,30,,34511,30,0,15,0,70,,34512,30,0,15,0,30,,34513,30,0,15,0,70,,34514,30,0,15,0,45,,34515,30,0,15,0,85,,34516,30,0,15,0,85,,34517,30,0,15,0,85,,34518,30,0,15,0,45,,34519,30,0,15,0,85,,34520,30,0,15,0
721203,'1361',636,,34521,30,0,15,0,70,,34522,30,0,15,0,30,,34523,30,0,15,0,70,,34524,30,0,15,0,15,,34525,30,0,15,0,15,,34526,30,0,15,0,15,,34527,30,0,15,0,55,,34528,30,0,15,0,30,,34529,30,0,15,0,70,,34530,30,0,15,0,30,,34531,30,0,15,0,70,,34532,30,0,15,0,30,,34533,30,0,15,0,70,,34534,30,0,15,0,30,,34535,30,0,15,0,70,,34536,30,0,15,0,30,,34537,30,0,15,0,70,,34538,30,0,15,0,30,,34539,30,0,15,0,70,,34540,30,0,15,0,15,,34541,30,0,15,0,15,,34542,30,0,15,0,15,,34543,30,0,15,0,55,,34544,30,0,15,0,30,,34545,30,0,15,0,70,,34546,30,0,15,0,30,,34547,30,0,15,0,70,,34548,30,0,15,0,30,,34549,30,0,15,0,70,,34550,30,0,15,0,45,,34551,30,0,15,0,85,,34552,30,0,15,0,85,,34553,30,0,15,0,85,,34554,30,0,15,0,45,,34555,30,0,15,0,85,,34556,30,0,15,0
721502,'1355',916,,35714,19,0,16,0,100,,35713,19,0,16,0,100,,35712,19,0,16,0,100,,35711,19,0,16,0,100,,35710,19,0,16,0,100,,35709,19,0,16,0,100,,35708,19,0,16,0,100,,35707,19,0,16,0,100,,35706,19,0,16,0,100,,35705,19,0,16,0,100,,35704,19,0,16,0
721502,'1356',716,,35715,19,0,16,0,100,,35716,19,0,16,0,100,,35717,19,0,16,0,100,,35718,19,0,16,0,100,,35719,19,0,16,0,100,,35720,19,0,16,0,100,,35721,19,0,16,0,30,,35722,19,0,16,0,70,,35723,19,0,16,0,30,,35724,19,0,16,0,70,,35725,19,0,16,0,30,,35726,19,0,16,0,70,,35727,19,0,16,0,30,,35728,19,0,16,0,70,,35729,19,0,16,0,30,,35730,19,0,16,0,70,,35731,19,0,16,0,30,,35732,19,0,16,0,70,,35733,19,0,16,0
721502,'1357',716,,35735,19,0,16,0,30,,35736,19,0,16,0,70,,35737,19,0,16,0,30,,35738,19,0,16,0,70,,35739,19,0,16,0,30,,35740,19,0,16,0,70,,35741,19,0,16,0,30,,35742,19,0,16,0,70,,35743,19,0,16,0,30,,35744,19,0,16,0,70,,35745,19,0,16,0,30,,35746,19,0,16,0,70,,35747,19,0,16,0,30,,35748,19,0,16,0,70,,35749,19,0,16,0,30,,35750,19,0,16,0,70,,35751,19,0,16,0,30,,35752,19,0,16,0,70,,35753,19,0,16,0,30,,35754,19,0,16,0,70,,35755,19,0,16,0,30,,35756,19,0,16,0,70,,35757,19,0,16,0,30,,35758,19,0,16,0,70,,35759,19,0,16,0,100,,35760,19,0,16,0,100,,35761,19,0,16,0,100,,35762,19,0,16,0
721502,'1358',716,,35764,19,0,16,0,30,,35765,19,0,16,0,70,,35766,19,0,16,0,30,,35767,19,0,16,0,70,,35768,19,0,16,0,30,,35769,19,0,16,0,70,,35770,19,0,16,0,30,,35771,19,0,16,0,70,,35772,19,0,16,0,30,,35773,19,0,16,0,70,,35774,19,0,16,0,30,,35775,19,0,16,0,70,,35776,19,0,16,0,30,,35777,19,0,16,0,70,,35778,19,0,16,0,30,,35779,19,0,16,0,70,,35780,19,0,16,0,30,,35781,19,0,16,0,70,,35782,19,0,16,0,30,,35783,19,0,16,0,70,,35784,19,0,16,0,30,,35785,19,0,16,0,70,,35786,19,0,16,0,30,,35787,19,0,16,0,70,,35788,19,0,16,0,100,,35789,19,0,16,0,100,,35790,19,0,16,0,100,,35791,19,0,16,0
721502,'1359',716,,35793,19,0,16,0,30,,35794,19,0,16,0,70,,35795,19,0,16,0,30,,35796,19,0,16,0,70,,35797,19,0,16,0,30,,35798,19,0,16,0,70,,35799,19,0,16,0,30,,35800,19,0,16,0,70,,35801,19,0,16,0,30,,35802,19,0,16,0,70,,35803,19,0,16,0,30,,35804,19,0,16,0,70,,35805,19,0,16,0,30,,35806,19,0,16,0,70,,35807,19,0,16,0,30,,35808,19,0,16,0,70,,35809,19,0,16,0,30,,35810,19,0,16,0,70,,35811,19,0,16,0,30,,35812,19,0,16,0,70,,35813,19,0,16,0,30,,35814,19,0,16,0,70,,35815,19,0,16,0,30,,35816,19,0,16,0,70,,35817,19,0,16,0,100,,35818,19,0,16,0,100,,35819,19,0,16,0,100,,35820,19,0,16,0
721502,'1360',716,,35822,19,0,16,0,30,,35823,19,0,16,0,70,,35824,19,0,16,0,30,,35825,19,0,16,0,70,,35826,19,0,16,0,30,,35827,19,0,16,0,70,,35828,19,0,16,0,30,,35829,19,0,16,0,70,,35830,19,0,16,0,30,,35831,19,0,16,0,70,,35832,19,0,16,0,30,,35833,19,0,16,0,70,,35834,19,0,16,0,30,,35835,19,0,16,0,70,,35836,19,0,16,0,30,,35837,19,0,16,0,70,,35838,19,0,16,0,30,,35839,19,0,16,0,70,,35840,19,0,16,0,30,,35841,19,0,16,0,70,,35842,19,0,16,0,30,,35843,19,0,16,0,70,,35844,19,0,16,0,30,,35845,19,0,16,0,70,,35846,19,0,16,0,100,,35847,19,0,16,0,100,,35848,19,0,16,0,100,,35849,19,0,16,0
721502,'1361',716,,35851,19,0,16,0,30,,35852,19,0,16,0,70,,35853,19,0,16,0,30,,35854,19,0,16,0,70,,35855,19,0,16,0,30,,35856,19,0,16,0,70,,35857,19,0,16,0,30,,35858,19,0,16,0,70,,35859,19,0,16,0,30,,35860,19,0,16,0,70,,35861,19,0,16,0,30,,35862,19,0,16,0,70,,35863,19,0,16,0,30,,35864,19,0,16,0,70,,35865,19,0,16,0,30,,35866,19,0,16,0,70,,35867,19,0,16,0,30,,35868,19,0,16,0,70,,35869,19,0,16,0,30,,35870,19,0,16,0,70,,35871,19,0,16,0,30,,35872,19,0,16,0,70,,35873,19,0,16,0,30,,35874,19,0,16,0,70,,35875,19,0,16,0,100,,35876,19,0,16,0,100,,35877,19,0,16,0,100,,35878,19,0,16,0
