1600,107518,1,0
1600,1511,2,0
1600,1657,3,0
1600,1270,4,0
1600,1555,5,0
1600,1265,6,0
1600,1264,7,0
1600,2357,8,0
1600,1706,9,0
1600,1595,10,0
1600,1822,11,0
1600,1705,12,0
1600,1856,13,0
1600,1541,14,0
1600,2205,15,0
1600,1685,16,0
1600,2121,17,0
1600,1563,18,0
1600,1907,19,0
1600,1628,20,0
1600,2018,21,0
1600,1575,22,0
1600,1299,23,0
1600,1557,24,0
1600,2312,25,0
1600,1984,26,0
1600,1962,27,0
1600,2299,28,1
1601,2299,1,0
1601,1449,2,0
1601,1985,3,0
1601,2313,4,0
1601,1558,5,0
1601,1574,6,0
1601,2017,7,0
1601,1627,8,0
1601,1906,9,0
1601,1562,10,0
1601,2120,11,0
1601,1684,12,0
1601,1963,13,0
1601,1855,14,0
1601,1704,15,0
1601,1821,16,0
1601,2355,17,0
1601,2356,18,0
1601,1585,19,0
1601,1857,20,0
1601,1556,21,0
1601,1269,22,0
1601,1658,23,0
1601,2098,24,0
1601,1522,25,0
1601,107518,26,1
1700,1917,1,0
1700,1570,2,0
1700,2296,3,0
1700,1695,4,0
1700,1891,5,0
1700,1601,6,0
1700,1351,7,0
1700,1272,8,0
1700,1600,9,0
1700,2063,10,0
1700,1546,11,0
1700,2187,12,0
1700,2172,13,0
1700,1301,14,0
1700,2038,15,0
1700,1417,16,0
1700,1786,17,0
1700,1331,18,0
1700,1792,19,0
1700,2210,20,0
1700,2270,21,0
1700,180973,22,0
1700,180974,23,0
1700,180975,24,0
1700,180976,25,0
1700,180977,26,0
1700,1597,27,0
1700,1381,28,0
1700,2289,29,0
1700,1930,30,0
1700,2008,31,0
1700,1567,32,0
1700,2393,33,0
1700,2360,34,0
1700,1620,35,0
1700,2287,36,0
1700,1435,37,0
1700,1876,38,0
1700,1441,39,0
1700,1697,40,0
1700,1586,41,0
1700,2231,42,0
1700,1543,43,0
1700,1760,44,0
1700,1805,45,0
1700,1678,46,0
1700,1361,47,0
1700,1973,48,0
1700,1288,49,0
1700,1707,50,0
1700,1856,51,0
1700,1541,52,0
1700,2205,53,0
1700,1685,54,0
1700,2121,55,0
1700,1563,56,0
1700,1907,57,0
1700,1628,58,0
1700,2018,59,0
1700,1575,60,0
1700,1299,61,0
1700,1557,62,0
1700,2312,63,0
1700,1984,64,0
1700,1964,65,0
1700,2300,66,0
1700,1377,67,0
1700,1423,68,0
1700,1493,69,0
1700,1568,70,0
1700,1404,71,0
1700,1498,72,0
1700,1407,73,0
1700,1369,74,0
1700,2039,75,0
1700,1336,76,0
1700,1996,77,0
1700,1723,78,0
1700,2077,79,0
1700,2106,80,0
1700,2104,81,0
1700,2314,82,0
1700,1815,83,0
1700,1476,84,0
1700,73434,85,0
1700,2133,86,0
1700,2030,87,0
1700,73437,88,0
1700,2365,89,0
1700,2241,90,0
1700,73435,91,1
1701,73435,1,0
1701,1594,2,0
1701,2208,3,0
1701,73441,4,0
1701,73442,5,0
1701,73443,6,0
1701,1872,7,0
1701,1477,8,0
1701,1892,9,0
1701,2315,10,0
1701,2105,11,0
1701,1510,12,0
1701,2389,13,0
1701,1722,14,0
1701,2234,15,0
1701,1399,16,0
1701,2040,17,0
1701,1994,18,0
1701,1408,19,0
1701,2433,20,0
1701,1405,21,0
1701,2281,22,0
1701,1494,23,0
1701,1424,24,0
1701,1378,25,0
1701,2434,26,0
1701,2301,27,0
1701,1449,28,0
1701,1985,29,0
1701,2313,30,0
1701,1558,31,0
1701,1574,32,0
1701,2017,33,0
1701,1627,34,0
1701,1906,35,0
1701,1562,36,0
1701,2120,37,0
1701,1684,38,0
1701,1963,39,0
1701,1855,40,0
1701,2359,41,0
1701,1838,42,0
1701,1974,43,0
1701,1769,44,0
1701,1991,45,0
1701,1912,46,0
1701,1806,47,0
1701,1761,48,0
1701,1383,49,0
1701,2258,50,0
1701,1396,51,0
1701,1442,52,0
1701,1877,53,0
1701,1436,54,0
1701,1340,55,0
1701,1619,56,0
1701,2093,57,0
1701,1607,58,0
1701,2009,59,0
1701,1931,60,0
1701,2290,61,0
1701,1596,62,0
1701,180968,63,0
1701,180969,64,0
1701,180970,65,0
1701,180971,66,0
1701,180972,67,0
1701,2206,68,0
1701,2209,69,0
1701,1783,70,0
1701,1330,71,0
1701,1785,72,0
1701,1416,73,0
1701,2037,74,0
1701,2002,75,0
1701,1300,76,0
1701,2186,77,0
1701,1545,78,0
1701,2062,79,0
1701,2295,80,0
1701,1917,81,1
1800,2211,1,0
1800,1782,2,0
1800,1255,3,0
1800,1252,4,0
1800,1788,5,0
1800,2390,6,0
1800,1618,7,0
1800,1605,8,0
1800,1491,9,0
1800,1312,10,0
1800,1818,11,0
1800,2162,12,0
1800,1747,13,0
1800,2320,14,0
1800,1880,15,0
1800,2070,16,0
1800,1297,17,0
1800,1294,18,0
1800,1292,19,0
1800,1291,20,0
1800,1787,21,0
1800,1431,22,0
1800,1432,23,0
1800,2318,24,0
1800,1854,25,0
1800,1588,26,0
1800,2245,27,0
1800,2160,28,0
1800,1977,29,0
1800,1736,30,0
1800,1701,31,0
1800,2396,32,0
1800,1741,33,0
1800,2049,34,0
1800,2253,35,0
1800,1598,36,0
1800,2291,37,0
1800,1506,38,0
1800,2010,39,0
1800,1752,40,0
1800,2094,41,0
1800,1621,42,0
1800,2165,43,0
1800,2167,44,0
1800,1359,45,0
1800,1531,46,0
1800,2152,47,0
1800,2259,48,0
1800,1514,49,0
1800,1453,50,0
1800,1637,51,0
1800,1679,52,0
1800,1773,53,0
1800,1839,54,0
1800,1825,55,0
1800,1643,56,0
1800,1858,57,0
1800,1646,58,0
1800,1965,59,0
1800,2249,60,0
1800,1379,61,0
1800,1734,62,0
1800,1495,63,0
1800,2282,64,0
1800,1406,65,0
1800,1409,66,0
1800,1370,67,0
1800,2041,68,0
1800,2366,69,0
1800,123646,70,0
1800,2089,71,0
1800,1893,72,0
1800,2005,73,0
1800,1375,74,0
1800,1458,75,0
1800,2131,76,0
1800,2271,77,0
1800,2003,78,0
1800,1766,79,0
1800,73445,80,0
1800,73437,81,0
1800,2365,82,0
1800,2241,83,0
1800,2376,84,1
1801,2376,1,0
1801,1594,2,0
1801,2208,3,0
1801,73441,4,0
1801,73444,5,0
1801,2391,6,0
1801,2004,7,0
1801,2272,8,0
1801,2134,9,0
1801,1459,10,0
1801,1376,11,0
1801,185672,12,0
1801,1894,13,0
1801,2090,14,0
1801,1725,15,0
1801,2171,16,0
1801,2042,17,0
1801,1371,18,0
1801,1410,19,0
1801,1868,20,0
1801,2283,21,0
1801,1496,22,0
1801,1735,23,0
1801,1380,24,0
1801,2250,25,0
1801,1967,26,0
1801,1647,27,0
1801,1859,28,0
1801,1644,29,0
1801,1341,30,0
1801,1840,31,0
1801,1978,32,0
1801,1845,33,0
1801,1680,34,0
1801,1638,35,0
1801,1807,36,0
1801,1515,37,0
1801,1902,38,0
1801,2260,39,0
1801,1315,40,0
1801,1532,41,0
1801,1360,42,0
1801,2168,43,0
1801,2166,44,0
1801,1622,45,0
1801,1753,46,0
1801,124196,47,0
1801,2011,48,0
1801,1507,49,0
1801,2292,50,0
1801,1599,51,0
1801,2027,52,0
1801,2151,53,0
1801,1740,54,0
1801,2248,55,0
1801,2156,56,0
1801,2161,57,0
1801,1731,58,0
1801,1587,59,0
1801,1547,60,0
1801,2319,61,0
1801,1433,62,0
1801,1463,63,0
1801,2069,64,0
1801,2275,65,0
1801,1293,66,0
1801,1295,67,0
1801,1296,68,0
1801,1298,69,0
1801,1434,70,0
1801,1881,71,0
1801,2321,72,0
1801,1748,73,0
1801,2163,74,0
1801,1302,75,0
1801,1313,76,0
1801,1487,77,0
1801,1606,78,0
1801,1819,79,0
1801,1775,80,0
1801,1552,81,0
1801,1253,82,0
1801,2228,83,0
1801,1781,84,0
1801,2246,85,0
1801,2211,86,1
1900,2178,1,0
1900,1437,2,0
1900,124197,3,0
1900,124198,4,0
1900,124199,5,0
1900,124200,6,0
1900,124201,7,0
1900,124202,8,0
1900,1310,9,0
1900,2196,10,0
1900,1673,11,0
1900,1899,12,0
1900,1324,13,0
1900,2054,14,0
1900,2016,15,0
1900,1609,16,0
1900,1364,17,0
1900,2111,18,0
1900,2052,19,0
1900,1322,20,0
1900,1897,21,0
1900,2397,22,0
1900,1620,23,0
1900,2287,24,0
1900,1435,25,0
1900,1876,26,0
1900,1441,27,0
1900,2192,28,0
1900,124225,29,0
1900,1320,30,0
1900,2050,31,0
1900,2109,32,0
1900,1884,33,0
1900,1611,34,0
1900,1947,35,0
1900,1533,36,0
1900,2153,37,0
1900,2262,38,0
1900,1903,39,0
1900,1454,40,0
1900,1809,41,0
1900,1808,42,0
1900,1913,43,0
1900,2369,44,0
1900,2368,45,0
1900,1826,46,0
1900,1710,47,0
1900,1861,48,0
1900,2297,49,0
1900,1968,50,0
1900,1299,51,0
1900,1557,52,0
1900,1965,53,0
1900,2249,54,0
1900,1379,55,0
1900,1734,56,0
1900,2322,57,0
1900,2029,58,0
1900,1480,59,0
1900,1578,60,0
1900,1670,61,0
1900,124226,62,0
1900,2191,63,0
1900,1497,64,0
1900,1869,65,0
1900,1411,66,0
1900,1373,67,0
1900,2044,68,0
1900,1401,69,0
1900,1933,70,0
1900,1726,71,0
1900,1590,72,0
1900,1836,73,0
1900,1635,74,0
1900,1895,75,0
1900,124203,76,0
1900,124204,77,0
1900,124205,78,0
1900,124206,79,0
1900,124207,80,0
1900,2366,81,0
1900,123646,82,0
1900,2089,83,0
1900,1893,84,0
1900,1815,85,0
1900,1476,86,0
1900,73434,87,0
1900,1478,88,0
1900,1348,89,0
1900,2132,90,0
1900,2169,91,0
1900,2365,92,0
1900,2241,93,0
1900,73435,94,1
1901,73435,1,0
1901,1443,2,0
1901,1668,3,0
1901,190349,4,0
1901,1729,5,0
1901,2212,6,0
1901,1730,7,0
1901,1327,8,0
1901,1832,9,0
1901,1833,10,0
1901,2222,11,0
1901,1319,12,0
1901,1932,13,0
1901,1400,14,0
1901,2045,15,0
1901,1372,16,0
1901,1412,17,0
1901,1500,18,0
1901,2204,19,0
1901,124224,20,0
1901,1577,21,0
1901,1479,22,0
1901,1561,23,0
1901,2323,24,0
1901,1735,25,0
1901,1380,26,0
1901,2250,27,0
1901,2313,28,0
1901,1558,29,0
1901,1969,30,0
1901,1649,31,0
1901,1860,32,0
1901,1711,33,0
1901,1841,34,0
1901,2367,35,0
1901,1846,36,0
1901,1681,37,0
1901,200035,38,0
1901,1810,39,0
1901,1455,40,0
1901,1904,41,0
1901,2261,42,0
1901,2154,43,0
1901,1534,44,0
1901,1948,45,0
1901,1612,46,0
1901,2398,47,0
1901,2110,48,0
1901,2051,49,0
1901,1321,50,0
1901,1896,51,0
1901,2193,52,0
1901,1396,53,0
1901,1442,54,0
1901,1877,55,0
1901,1436,56,0
1901,2195,57,0
1901,2399,58,0
1901,1898,59,0
1901,1323,60,0
1901,2053,61,0
1901,1623,62,0
1901,2096,63,0
1901,1608,64,0
1901,2012,65,0
1901,2055,66,0
1901,1325,67,0
1901,1900,68,0
1901,1674,69,0
1901,2197,70,0
1901,1311,71,0
1901,1660,72,0
1901,2026,73,0
1901,2078,74,0
1901,2226,75,0
1901,1661,76,0
1901,2178,77,1
2000,1692,1,0
2000,2173,2,0
2000,1694,3,0
2000,1267,4,0
2000,1956,5,0
2000,1275,6,0
2000,1873,7,0
2000,1759,8,0
2000,1791,9,0
2000,2022,10,0
2000,1790,11,0
2000,1601,12,0
2000,1351,13,0
2000,1452,14,0
2000,1352,15,0
2000,2064,16,0
2000,1801,17,0
2000,1789,18,0
2000,1693,19,0
2000,2334,20,0
2000,1331,21,0
2000,1792,22,0
2000,2210,23,0
2000,2270,24,0
2000,2185,25,0
2000,1448,26,0
2000,2218,27,0
2000,2216,28,0
2000,1739,29,0
2000,2087,30,0
2000,1470,31,0
2000,1656,32,0
2000,2083,33,0
2000,2035,34,0
2000,1666,35,0
2000,1465,36,0
2000,2066,37,0
2000,1799,38,0
2000,1655,39,0
2000,1676,40,0
2000,1750,41,0
2000,2085,42,0
2000,1309,43,0
2000,2435,44,0
2000,1597,45,0
2000,1572,46,0
2000,1488,47,0
2000,1779,48,0
2000,2056,49,0
2000,124215,50,0
2000,124216,51,0
2000,124217,52,0
2000,124218,53,0
2000,1949,54,0
2000,2325,55,0
2000,1752,56,0
2000,2094,57,0
2000,124219,58,0
2000,124220,59,0
2000,124221,60,0
2000,124222,61,0
2000,1624,62,0
2000,124223,63,0
2000,1440,64,0
2000,1318,65,0
2000,1537,66,0
2000,1316,67,0
2000,2264,68,0
2000,1905,69,0
2000,1763,70,0
2000,1812,71,0
2000,1639,72,0
2000,1682,73,0
2000,1362,74,0
2000,1958,75,0
2000,1571,76,0
2000,1827,77,0
2000,1713,78,0
2000,1863,79,0
2000,2298,80,0
2000,1971,81,0
2000,2018,82,0
2000,1575,83,0
2000,1299,84,0
2000,1557,85,0
2000,2312,86,0
2000,1984,87,0
2000,1962,88,0
2000,2304,89,1
2001,2304,1,0
2001,1449,2,0
2001,1985,3,0
2001,2313,4,0
2001,1558,5,0
2001,1574,6,0
2001,2017,7,0
2001,1970,8,0
2001,1650,9,0
2001,1862,10,0
2001,1712,11,0
2001,1842,12,0
2001,1980,13,0
2001,1981,14,0
2001,2006,15,0
2001,1914,16,0
2001,1959,17,0
2001,1811,18,0
2001,1762,19,0
2001,1849,20,0
2001,2263,21,0
2001,2155,22,0
2001,1536,23,0
2001,1317,24,0
2001,1439,25,0
2001,2288,26,0
2001,124208,27,0
2001,124209,28,0
2001,124210,29,0
2001,124211,30,0
2001,1622,31,0
2001,1753,32,0
2001,124196,33,0
2001,2326,34,0
2001,1950,35,0
2001,124212,36,0
2001,124213,37,0
2001,124214,38,0
2001,2057,39,0
2001,1780,40,0
2001,1489,41,0
2001,1573,42,0
2001,190348,43,0
2001,2183,44,0
2001,1263,45,0
2001,2084,46,0
2001,1749,47,0
2001,1675,48,0
2001,1654,49,0
2001,1274,50,0
2001,2034,51,0
2001,1464,52,0
2001,1689,53,0
2001,1468,54,0
2001,2082,55,0
2001,1469,56,0
2001,1751,57,0
2001,1466,58,0
2001,1820,59,0
2001,2215,60,0
2001,2217,61,0
2001,1447,62,0
2001,2184,63,0
2001,2206,64,0
2001,2209,65,0
2001,1783,66,0
2001,1330,67,0
2001,2333,68,0
2001,1692,69,0
2001,2173,70,0
2001,1694,71,0
2001,1267,72,0
2001,1956,73,0
2001,1275,74,0
2001,1873,75,1
2800,2211,1,0
2800,1782,2,0
2800,109972,3,0
2800,140235,4,0
2800,114237,5,0
2800,2354,6,0
2800,1784,7,0
2800,1505,8,0
2800,1890,9,0
2800,2353,10,0
2800,1473,11,0
2800,2352,12,0
2800,1817,13,0
2800,1998,14,0
2800,1358,15,0
2800,1345,16,0
2800,1738,17,0
2800,1816,18,0
2800,1428,19,0
2800,1521,20,0
2800,2067,21,0
2800,1737,22,0
2800,2349,23,0
2800,2348,24,0
2800,2347,25,0
2800,2346,26,0
2800,2345,27,0
2800,1667,28,0
2800,2286,29,0
2800,1732,30,0
2800,2023,31,0
2800,2273,32,0
2800,2311,33,0
2800,2159,34,0
2800,1552,35,0
2800,1253,36,0
2800,2228,37,0
2800,1781,38,0
2800,2246,39,0
2800,107091,40,1
2801,107091,1,0
2801,1783,2,0
2801,1330,3,0
2801,2333,4,0
2801,1692,5,0
2801,1800,6,0
2801,2337,7,0
2801,1790,8,0
2801,140236,9,0
2801,140237,10,0
2801,140238,11,0
2801,140239,12,0
2801,140240,13,0
2801,140241,14,0
2801,140242,15,0
2801,2343,16,0
2801,101471,17,0
2801,2180,18,0
2801,2181,19,0
2801,2036,20,0
2801,2229,21,0
2801,2244,22,0
2801,1472,23,0
2801,2350,24,0
2801,2381,25,0
2801,1504,26,0
2801,109972,27,0
2801,109973,28,0
2801,2351,29,0
2801,109969,30,0
2801,109971,31,0
2801,109970,32,0
2801,1331,33,0
2801,1792,34,0
2801,2211,35,1
70101,34070,1,0
70101,159788,2,0
70101,159789,3,0
70101,159790,4,0
70101,159791,5,0
70101,34071,6,0
70101,34072,7,0
70101,34073,8,0
70101,34074,9,0
70101,34075,10,0
70101,34076,11,0
70101,34077,12,0
70101,34078,13,0
70101,34079,14,0
70101,34080,15,0
70101,34081,16,0
70101,34082,17,0
70101,34083,18,0
70101,34084,19,0
70101,34085,20,0
70101,34086,21,0
70101,34087,22,0
70101,34088,23,0
70101,34089,24,0
70101,34090,25,0
70101,34091,26,0
70101,34092,27,0
70101,34093,28,0
70101,2213,29,0
70101,34053,30,0
70101,34054,31,0
70101,34055,32,0
70101,34056,33,0
70101,34057,34,0
70101,34094,35,0
70101,34095,36,0
70101,34096,37,0
70101,34097,38,0
70101,34098,39,0
70101,34099,40,0
70101,1508,41,0
70101,34100,42,0
70101,34101,43,0
70101,34102,44,0
70101,34103,45,0
70101,34104,46,0
70101,34105,47,0
70101,34106,48,0
70101,34107,49,0
70101,34108,50,0
70101,34109,51,0
70101,34110,52,0
70101,34111,53,0
70101,34112,54,0
70101,34113,55,0
70101,34114,56,0
70101,34115,57,0
70101,34116,58,0
70101,34117,59,0
70101,34118,60,0
70101,107093,61,1
70102,107093,1,0
70102,34026,2,0
70102,34027,3,0
70102,34028,4,0
70102,34029,5,0
70102,34030,6,0
70102,34031,7,0
70102,34032,8,0
70102,34033,9,0
70102,34034,10,0
70102,34035,11,0
70102,34036,12,0
70102,34037,13,0
70102,34038,14,0
70102,34039,15,0
70102,34040,16,0
70102,34041,17,0
70102,34042,18,0
70102,34043,19,0
70102,34044,20,0
70102,34045,21,0
70102,1509,22,0
70102,34046,23,0
70102,34047,24,0
70102,34048,25,0
70102,34049,26,0
70102,34050,27,0
70102,34051,28,0
70102,34052,29,0
70102,2213,30,0
70102,34053,31,0
70102,34054,32,0
70102,34055,33,0
70102,34056,34,0
70102,34057,35,0
70102,34058,36,0
70102,34059,37,0
70102,34060,38,0
70102,34061,39,0
70102,34062,40,0
70102,34063,41,0
70102,34064,42,0
70102,34065,43,0
70102,34066,44,0
70102,34067,45,0
70102,34068,46,0
70102,34069,47,0
70102,34070,48,1
261200,69296,1,0
261200,69297,2,0
261200,58475,3,0
261200,107093,4,1
261201,107093,1,0
261201,58475,2,0
261201,69297,3,0
261201,69296,4,1
400100,107091,1,0
400100,107518,2,0
400100,1941,3,0
400100,107093,4,1
400101,107093,1,0
400101,1940,2,0
400101,107092,3,0
400101,107091,4,1
463600,124237,1,0
463600,124238,2,0
463600,124239,3,0
463600,124240,4,0
463600,124241,5,0
463600,124242,6,0
463600,124243,7,0
463600,124244,8,0
463600,124245,9,0
463600,124246,10,0
463600,124247,11,0
463600,124248,12,0
463600,130027,13,0
463600,124253,14,0
463600,124249,15,0
463600,124250,16,0
463600,128577,17,0
463600,128578,18,0
463600,124251,19,0
463600,2280,20,0
463600,2376,21,1
463601,2376,1,0
463601,2280,2,0
463601,34077,3,0
463601,128579,4,0
463601,128580,5,0
463601,124228,6,0
463601,124229,7,0
463601,124252,8,0
463601,130026,9,0
463601,124230,10,0
463601,124231,11,0
463601,124232,12,0
463601,124233,13,0
463601,124234,14,0
463601,124235,15,0
463601,124236,16,0
463601,124237,17,1
552200,2209,1,0
552200,2270,2,0
552200,1597,3,0
552200,2008,4,0
552200,1435,5,0
552200,1697,6,0
552200,2231,7,0
552200,1805,8,0
552200,1707,9,0
552200,1541,10,0
552200,1462,11,0
552200,193519,12,0
552200,2204,13,0
552200,149162,14,0
552200,149163,15,0
552200,149164,16,0
552200,123646,17,0
552200,2315,18,0
552200,1375,19,0
552200,2131,20,0
552200,73445,21,0
552200,73435,22,1
552201,73435,1,0
552201,73444,2,0
552201,2134,3,0
552201,1376,4,0
552201,1894,5,0
552201,2171,6,0
552201,149165,7,0
552201,149166,8,0
552201,1480,9,0
552201,2191,10,0
552201,193518,11,0
552201,149167,12,0
552201,1963,13,0
552201,2359,14,0
552201,1806,15,0
552201,2258,16,0
552201,1396,17,0
552201,1436,18,0
552201,2009,19,0
552201,1596,20,0
552201,2206,21,0
552201,2209,22,1
643503,107093,1,0
643503,1757,2,0
643503,1916,3,0
643503,176163,4,0
643503,176164,5,0
643503,176165,6,0
643503,176166,7,0
643503,176167,8,0
643503,176168,9,0
643503,176169,10,0
643503,176170,11,0
643503,176171,12,0
643503,176172,13,0
643503,176173,14,0
643503,176174,15,0
643503,1548,16,0
643503,1939,17,0
643503,1261,18,0
643503,1944,19,0
643503,1260,20,0
643503,1332,21,0
643503,2223,22,0
643503,1501,23,0
643503,2392,24,0
643503,2198,25,0
643503,2000,26,0
643503,1671,27,0
643503,1306,28,0
643503,1481,29,0
643503,2080,30,0
643503,2327,31,0
643503,2403,32,0
643503,2238,33,0
643503,2074,34,0
643503,1870,35,0
643503,176175,36,0
643503,1942,37,0
643503,2073,38,0
643503,2305,39,1
643504,2305,1,0
643504,1425,2,0
643504,176160,3,0
643504,176161,4,0
643504,1871,5,0
643504,2075,6,0
643504,2239,7,0
643504,2395,8,0
643504,2328,9,0
643504,2081,10,0
643504,1482,11,0
643504,1307,12,0
643504,1672,13,0
643504,2001,14,0
643504,2199,15,0
643504,1847,16,0
643504,1502,17,0
643504,2224,18,0
643504,1333,19,0
643504,1259,20,0
643504,1945,21,0
643504,1262,22,0
643504,1938,23,0
643504,176162,24,0
643504,1549,25,0
643504,1767,26,0
643504,1662,27,0
643504,1928,28,0
643504,2059,29,0
643504,1353,30,0
643504,2091,31,0
643504,1386,32,0
643504,1279,33,0
643504,2251,34,0
643504,2252,35,0
643504,1901,36,0
643504,1492,37,0
643504,1727,38,0
643504,107093,39,1
647703,107093,1,0
647703,2147,2,0
647703,159792,3,0
647703,2394,4,0
647703,1354,5,0
647703,1446,6,0
647703,1797,7,0
647703,176210,8,0
647703,176211,9,0
647703,1663,10,0
647703,176213,11,0
647703,176214,12,0
647703,176215,13,0
647703,176216,14,0
647703,1402,15,0
647703,2157,16,0
647703,1848,17,0
647703,1503,18,0
647703,1525,19,0
647703,176174,20,0
647703,1548,21,0
647703,176217,22,0
647703,176218,23,0
647703,176219,24,0
647703,176220,25,0
647703,176221,26,0
647703,176222,27,0
647703,176223,28,0
647703,176224,29,0
647703,176225,30,0
647703,1833,31,0
647703,2222,32,0
647703,176226,33,0
647703,176227,34,0
647703,2376,35,1
647704,2376,1,0
647704,176176,2,0
647704,176177,3,0
647704,176178,4,0
647704,176179,5,0
647704,176180,6,0
647704,176181,7,0
647704,176182,8,0
647704,176183,9,0
647704,176184,10,0
647704,176185,11,0
647704,176186,12,0
647704,176187,13,0
647704,176188,14,0
647704,176189,15,0
647704,176162,16,0
647704,1549,17,0
647704,176190,18,0
647704,176191,19,0
647704,176192,20,0
647704,176193,21,0
647704,176194,22,0
647704,176195,23,0
647704,176196,24,0
647704,176197,25,0
647704,176198,26,0
647704,176199,27,0
647704,176201,28,0
647704,200017,29,0
647704,200018,30,0
647704,200019,31,0
647704,200020,32,0
647704,176206,33,0
647704,176207,34,0
647704,2148,35,0
647704,107093,36,1
721203,107093,1,0
721203,2147,2,0
721203,1626,3,0
721203,121328,4,0
721203,1279,5,0
721203,2251,6,0
721203,2252,7,0
721203,1901,8,0
721203,1492,9,0
721203,1305,10,0
721203,1290,11,0
721203,1719,12,0
721203,2118,13,0
721203,199889,14,0
721203,199890,15,0
721203,199891,16,0
721203,199892,17,0
721203,199893,18,0
721203,199894,19,0
721203,199895,20,0
721203,199887,21,0
721203,199896,22,0
721203,199897,23,0
721203,199898,24,0
721203,199899,25,0
721203,199888,26,0
721203,199900,27,0
721203,1909,28,0
721203,1714,29,0
721203,1721,30,0
721203,1528,31,0
721203,1652,32,0
721203,1874,33,0
721203,1355,34,0
721203,2407,35,0
721203,1276,36,0
721203,1940,37,0
721203,2408,38,0
721203,2285,39,0
721203,1550,40,0
721203,140233,41,0
721203,1999,42,0
721203,2088,43,0
721203,2146,44,0
721203,1368,45,0
721203,2279,46,0
721203,1462,47,0
721203,2200,48,0
721203,2124,49,0
721203,1471,50,0
721203,1633,51,0
721203,2020,52,0
721203,1579,53,0
721203,2411,54,0
721203,2373,55,0
721203,2330,56,0
721203,1987,57,0
721203,2240,58,0
721203,2306,59,1
721204,2306,1,0
721204,1986,2,0
721204,2329,3,0
721204,2404,4,0
721204,2405,5,0
721204,2406,6,0
721204,199901,7,0
721204,2019,8,0
721204,1632,9,0
721204,1908,10,0
721204,1566,11,0
721204,2125,12,0
721204,1688,13,0
721204,2201,14,0
721204,2278,15,0
721204,1733,16,0
721204,2024,17,0
721204,2025,18,0
721204,1527,19,0
721204,140234,20,0
721204,187224,21,0
721204,1551,22,0
721204,2256,23,0
721204,1941,24,0
721204,1929,25,0
721204,1798,26,0
721204,1356,27,0
721204,1875,28,0
721204,1653,29,0
721204,1529,30,0
721204,1720,31,0
721204,1388,32,0
721204,199902,33,0
721204,199903,34,0
721204,199884,35,0
721204,199904,36,0
721204,199905,37,0
721204,199906,38,0
721204,199885,39,0
721204,199907,40,0
721204,199908,41,0
721204,199909,42,0
721204,199910,43,0
721204,199911,44,0
721204,199912,45,0
721204,199886,46,0
721204,1715,47,0
721204,1474,48,0
721204,1718,49,0
721204,1450,50,0
721204,1426,51,0
721204,1915,52,0
721204,1727,53,0
721204,107093,54,1
721303,2127,1,0
721303,1698,2,0
721303,2143,3,0
721303,1540,4,0
721303,1419,5,0
721303,1346,6,0
721303,2293,7,0
721303,1793,8,0
721303,2267,9,0
721303,2378,10,0
721303,1289,11,0
721303,2170,12,0
721303,1418,13,0
721303,1593,14,0
721303,2336,15,0
721303,1391,16,0
721303,1911,17,0
721303,1314,18,0
721303,1879,19,0
721303,1398,20,0
721303,1777,21,0
721303,1604,22,0
721303,2117,23,0
721303,2175,24,0
721303,199977,25,0
721303,1520,26,0
721303,1989,27,0
721303,1665,28,0
721303,2150,29,0
721303,2129,30,0
721303,2233,31,0
721303,1765,32,0
721303,1814,33,0
721303,2255,34,0
721303,1796,35,0
721303,2203,36,0
721303,2427,37,0
721303,2115,38,0
721303,1583,39,0
721303,2126,40,0
721303,1961,41,0
721303,1955,42,0
721303,2061,43,0
721303,1581,44,0
721303,1925,45,0
721303,1430,46,0
721303,2332,47,0
721303,1339,48,0
721303,2428,49,0
721303,1683,50,0
721303,2426,51,0
721303,1983,52,0
721303,199983,53,0
721303,1828,54,0
721303,2377,55,0
721303,1651,56,0
721303,2021,57,0
721303,2307,58,1
721304,2307,1,0
721304,2230,2,0
721304,1864,3,0
721304,199981,4,0
721304,1342,5,0
721304,1982,6,0
721304,2429,7,0
721304,2007,8,0
721304,2431,9,0
721304,1338,10,0
721304,2331,11,0
721304,1429,12,0
721304,1924,13,0
721304,1580,14,0
721304,2060,15,0
721304,1634,16,0
721304,1960,17,0
721304,2432,18,0
721304,1813,19,0
721304,1584,20,0
721304,2114,21,0
721304,2202,22,0
721304,1795,23,0
721304,2254,24,0
721304,2335,25,0
721304,1764,26,0
721304,199982,27,0
721304,199927,28,0
721304,2128,29,0
721304,2149,30,0
721304,1664,31,0
721304,1988,32,0
721304,1519,33,0
721304,199940,34,0
721304,2174,35,0
721304,2116,36,0
721304,1603,37,0
721304,1776,38,0
721304,1397,39,0
721304,1878,40,0
721304,1794,41,0
721304,2425,42,0
721304,1390,43,0
721304,1700,44,0
721304,1415,45,0
721304,1365,46,0
721304,1490,47,0
721304,2266,48,0
721304,2379,49,0
721304,2268,50,0
721304,1249,51,0
721304,1286,52,0
721304,1922,53,0
721304,1677,54,0
721304,1382,55,0
721304,1542,56,0
721304,1946,57,0
721304,2380,58,0
721304,2127,59,1
721403,107092,1,0
721403,1602,2,0
721403,199999,3,0
721403,200000,4,0
721403,199923,5,0
721403,200002,6,0
721403,200003,7,0
721403,200004,8,0
721403,199924,9,0
721403,1920,10,0
721403,1772,11,0
721403,200005,12,0
721403,199925,13,0
721403,200006,14,0
721403,2137,15,0
721403,1616,16,0
721403,200007,17,0
721403,200008,18,0
721403,1367,19,0
721403,2164,20,0
721403,1746,21,0
721403,1976,22,0
721403,1803,23,0
721403,2357,24,0
721403,200009,25,0
721403,200010,26,0
721403,199926,27,0
721403,200011,28,0
721403,200012,29,0
721403,200013,30,0
721403,1361,31,0
721403,2189,32,0
721403,1687,33,0
721403,2123,34,0
721403,1565,35,0
721403,1958,36,0
721403,1630,37,0
721403,2368,38,0
721403,1826,39,0
721403,1708,40,0
721403,1560,41,0
721403,2317,42,0
721403,1337,43,0
721403,200015,44,0
721403,199996,45,0
721403,2387,46,0
721403,1962,47,0
721403,2302,48,1
721404,2302,1,0
721404,1648,2,0
721404,2384,3,0
721404,199985,4,0
721404,2235,5,0
721404,2316,6,0
721404,1559,7,0
721404,1711,8,0
721404,1841,9,0
721404,2367,10,0
721404,1629,11,0
721404,1957,12,0
721404,1564,13,0
721404,2122,14,0
721404,1686,15,0
721404,1974,16,0
721404,1769,17,0
721404,1991,18,0
721404,199986,19,0
721404,199987,20,0
721404,199988,21,0
721404,199919,22,0
721404,199989,23,0
721404,199990,24,0
721404,1709,25,0
721404,1802,26,0
721404,1975,27,0
721404,1696,28,0
721404,2136,29,0
721404,1366,30,0
721404,199991,31,0
721404,2141,32,0
721404,1617,33,0
721404,2138,34,0
721404,1771,35,0
721404,199920,36,0
721404,199992,37,0
721404,1919,38,0
721404,1485,39,0
721404,199921,40,0
721404,199993,41,0
721404,199994,42,0
721404,199995,43,0
721404,199922,44,0
721404,199997,45,0
721404,199998,46,0
721404,1277,47,0
721404,2424,48,0
721404,107092,49,1
721501,2376,1,0
721501,1743,2,0
721501,1888,3,0
721501,1421,4,0
721501,1374,5,0
721501,2219,6,0
721501,2280,7,0
721501,1851,8,0
721501,8841,9,0
721501,1303,10,0
721501,2308,11,0
721501,2413,12,0
721501,1834,13,0
721501,1508,14,0
721501,2221,15,0
721501,1569,16,0
721501,2277,17,0
721501,1414,18,0
721501,2436,19,0
721501,1927,20,0
721501,1645,21,0
721501,1936,22,0
721501,2414,23,0
721501,2142,24,0
721501,1728,25,0
721501,2148,26,0
721501,107093,27,0
721501,2147,28,0
721501,1626,29,0
721501,121328,30,0
721501,2412,31,0
721501,1866,32,0
721501,2410,33,0
721501,1529,34,0
721501,1720,35,0
721501,1389,36,0
721501,199913,37,0
721501,199914,38,0
721501,1829,39,0
721501,1716,40,0
721501,107092,41,0
721501,1602,42,0
721501,1523,43,0
721501,1251,44,0
721501,2409,45,0
721501,1717,46,0
721501,2388,47,0
721501,1823,48,0
721501,176228,49,0
721501,1257,50,0
721501,1258,51,0
721501,2108,52,1
721502,2143,1,0
721502,1540,2,0
721502,1419,3,0
721502,1346,4,0
721502,2293,5,0
721502,1793,6,0
721502,2267,7,0
721502,1258,8,0
721502,2108,9,0
721502,1289,10,0
721502,2170,11,0
721502,1418,12,0
721502,1593,13,0
721502,2232,14,0
721502,2415,15,0
721502,2310,16,0
721502,1524,17,0
721502,2092,18,0
721502,199915,19,0
721502,1277,20,0
721502,107518,21,0
721502,1758,22,0
721502,1830,23,0
721502,199916,24,0
721502,199917,25,0
721502,1714,26,0
721502,1721,27,0
721502,1530,28,0
721502,2416,29,0
721502,1865,30,0
721502,2417,31,0
721502,1526,32,0
721502,159793,33,0
721502,2148,34,0
721502,107093,35,0
721502,2147,36,0
721502,1625,37,0
721502,2028,38,0
721502,2422,39,0
721502,1937,40,0
721502,2421,41,0
721502,1926,42,0
721502,2420,43,0
721502,1413,44,0
721502,2276,45,0
721502,2214,46,0
721502,2375,47,0
721502,1509,48,0
721502,1835,49,0
721502,2419,50,0
721502,2309,51,0
721502,1304,52,0
721502,1853,53,0
721502,2418,54,0
721502,2280,55,0
721502,2220,56,0
721502,1335,57,0
721502,1422,58,0
721502,1445,59,0
721502,1742,60,0
721502,2376,61,1
722501,107092,1,0
722501,2383,2,0
722501,2364,3,0
722501,2363,4,0
722501,1486,5,0
722501,199936,6,0
722501,199937,7,0
722501,199938,8,0
722501,199939,9,0
722501,1519,10,0
722501,199940,11,0
722501,2174,12,0
722501,2116,13,0
722501,199933,14,0
722501,199941,15,0
722501,1517,16,0
722501,1273,17,0
722501,199942,18,0
722501,199934,19,0
722501,199943,20,0
722501,199944,21,0
722501,199945,22,0
722501,199946,23,0
722501,2371,24,0
722501,1280,25,0
722501,1282,26,0
722501,1285,27,0
722501,2014,28,0
722501,1287,29,0
722501,199947,30,0
722501,199948,31,0
722501,2401,32,0
722501,199949,33,0
722501,199950,34,0
722501,199951,35,0
722501,199952,36,0
722501,199953,37,0
722501,199954,38,0
722501,199955,39,0
722501,200041,40,0
722501,199930,41,0
722501,2343,42,0
722501,101471,43,0
722501,2180,44,0
722501,199935,45,0
722501,199956,46,0
722501,199957,47,0
722501,199958,48,0
722501,2172,49,0
722501,1301,50,0
722501,2038,51,0
722501,1417,52,0
722501,1786,53,0
722501,1331,54,0
722501,1792,55,0
722501,2210,56,1
722502,2210,1,0
722502,1783,2,0
722502,1330,3,0
722502,1785,4,0
722502,1416,5,0
722502,2037,6,0
722502,2002,7,0
722502,1300,8,0
722502,199928,9,0
722502,199959,10,0
722502,199960,11,0
722502,199929,12,0
722502,199961,13,0
722502,199962,14,0
722502,199963,15,0
722502,199930,16,0
722502,199950,17,0
722502,199951,18,0
722502,199952,19,0
722502,199953,20,0
722502,199954,21,0
722502,199955,22,0
722502,200041,23,0
722502,199964,24,0
722502,199965,25,0
722502,199966,26,0
722502,199967,27,0
722502,199968,28,0
722502,199969,29,0
722502,199970,30,0
722502,199971,31,0
722502,199972,32,0
722502,199931,33,0
722502,2402,34,0
722502,1744,35,0
722502,1467,36,0
722502,2227,37,0
722502,2015,38,0
722502,2372,39,0
722502,2400,40,0
722502,2178,41,0
722502,2370,42,0
722502,199973,43,0
722502,199974,44,0
722502,199975,45,0
722502,199976,46,0
722502,1604,47,0
722502,2117,48,0
722502,2175,49,0
722502,199978,50,0
722502,199979,51,0
722502,199980,52,0
722502,199932,53,0
722502,2103,54,0
722502,1993,55,0
722502,2361,56,0
722502,2362,57,0
722502,2382,58,0
722502,2424,59,0
722502,107092,60,1
722600,200033,1,0
722600,200023,2,0
722600,200024,3,0
722600,200025,4,0
722600,199921,5,0
722600,199993,6,0
722600,199994,7,0
722600,199995,8,0
722600,199922,9,0
722600,200026,10,0
722600,200027,11,0
722600,1878,12,0
722600,1794,13,0
722600,2425,14,0
722600,1390,15,0
722600,200028,16,0
722600,200029,17,0
722600,200030,18,0
722600,200031,19,0
722600,200032,20,0
722600,200034,21,0
