'1276',463600,91800,0,'605',0,44000,0,'605',0,17000,0,'605',0,28500,0,'605',0
'1277',463600,74800,0,'605',0,67000,0,'605',0,13000,0,'605',0,30000,0,'605',0
'1278',463600,64800,0,'605',0,77000,0,'605',0,43000,0,'605',0,17000,0,'605',0
'1279',463600,64800,0,'605',0,77000,0,'605',0,43000,0,'605',0,17000,0,'605',0
'1280',463600,64800,0,'605',0,77000,0,'605',0,43000,0,'605',0,17000,0,'605',0
'1281',463600,64800,0,'605',0,77000,0,'605',0,43000,0,'605',0,17000,0,'605',0
'1282',463600,64800,0,'605',0,77000,0,'605',0,43000,0,'605',0,17000,0,'605',0
'1283',463600,91800,0,'605',0,44000,0,'605',0,17000,0,'605',0,28500,0,'605',0
'1284',463600,94800,0,'605',0,30000,0,'605',0,30000,0,'605',0
'1285',463600,91800,0,'605',0,44000,0,'605',0,17000,0,'605',0,28500,0,'605',0
