721404,'1355',934,,35420,48,0,14,0,110,,35419,48,0,14,0,110,,35418,48,0,14,0,150,,35417,48,0,14,0,110,,35416,48,0,14,0,110,,35415,48,0,14,0,110,,35414,48,0,14,0,110,,35413,48,0,14,0
721404,'1356',833,,35421,48,0,14,0,110,,35422,48,0,14,0,110,,35423,48,0,14,0,150,,35424,48,0,14,0,110,,35425,48,0,14,0,113,,35426,48,0,14,0,85,,35427,48,0,14,0,45,,35428,48,0,14,0,85,,35429,48,0,14,0,85,,35430,48,0,14,0,85,,35431,48,0,14,0,46,,35432,48,0,14,0,85,,35433,48,0,14,0
721404,'1357',659,,35434,48,0,14,0,97,,35435,48,0,14,0,85,,35436,48,0,14,0,85,,35437,48,0,14,0,84,,35438,48,0,14,0,45,,35439,48,0,14,0,85,,35440,48,0,14,0,85,,35441,48,0,14,0,85,,35442,48,0,14,0,45,,35443,48,0,14,0,85,,35444,48,0,14,0,85,,35445,48,0,14,0,85,,35446,48,0,14,0,45,,35447,48,0,14,0,85,,35448,48,0,14,0,85,,35449,48,0,14,0,86,,35450,48,0,14,0,45,,35451,48,0,14,0,85,,35452,48,0,14,0,85,,35453,48,0,14,0
721404,'1358',659,,35454,48,0,14,0,97,,35455,48,0,14,0,85,,35456,48,0,14,0,85,,35457,48,0,14,0,84,,35458,48,0,14,0,45,,35459,48,0,14,0,85,,35460,48,0,14,0,85,,35461,48,0,14,0,85,,35462,48,0,14,0,45,,35463,48,0,14,0,85,,35464,48,0,14,0,85,,35465,48,0,14,0,85,,35466,48,0,14,0,45,,35467,48,0,14,0,85,,35468,48,0,14,0,85,,35469,48,0,14,0,86,,35470,48,0,14,0,45,,35471,48,0,14,0,85,,35472,48,0,14,0,85,,35473,48,0,14,0
721404,'1359',659,,35474,48,0,14,0,97,,35475,48,0,14,0,85,,35476,48,0,14,0,85,,35477,48,0,14,0,84,,35478,48,0,14,0,45,,35479,48,0,14,0,85,,35480,48,0,14,0,85,,35481,48,0,14,0,85,,35482,48,0,14,0,45,,35483,48,0,14,0,85,,35484,48,0,14,0,85,,35485,48,0,14,0,85,,35486,48,0,14,0,45,,35487,48,0,14,0,85,,35488,48,0,14,0,85,,35489,48,0,14,0,86,,35490,48,0,14,0,45,,35491,48,0,14,0,85,,35492,48,0,14,0,85,,35493,48,0,14,0
721404,'1360',659,,35494,48,0,14,0,97,,35495,48,0,14,0,85,,35496,48,0,14,0,85,,35497,48,0,14,0,84,,35498,48,0,14,0,45,,35499,48,0,14,0,85,,35500,48,0,14,0,85,,35501,48,0,14,0,85,,35502,48,0,14,0,45,,35503,48,0,14,0,85,,35504,48,0,14,0,85,,35505,48,0,14,0,85,,35506,48,0,14,0,45,,35507,48,0,14,0,85,,35508,48,0,14,0,85,,35509,48,0,14,0,86,,35510,48,0,14,0,45,,35511,48,0,14,0,85,,35512,48,0,14,0,85,,35513,48,0,14,0
721404,'1361',659,,35514,48,0,14,0,97,,35515,48,0,14,0,85,,35516,48,0,14,0,85,,35517,48,0,14,0,84,,35518,48,0,14,0,45,,35519,48,0,14,0,85,,35520,48,0,14,0,85,,35521,48,0,14,0,85,,35522,48,0,14,0,45,,35523,48,0,14,0,85,,35524,48,0,14,0,85,,35525,48,0,14,0,85,,35526,48,0,14,0,45,,35527,48,0,14,0,85,,35528,48,0,14,0,85,,35529,48,0,14,0,86,,35530,48,0,14,0,45,,35531,48,0,14,0,85,,35532,48,0,14,0,85,,35533,48,0,14,0
722502,'1357',627,,35969,59,0,16,0,100,,35970,59,0,16,0,100,,35971,59,0,16,0,100,,35972,59,0,16,0,100,,35973,59,0,16,0,100,,35974,59,0,16,0,100,,35975,59,0,16,0,100,,35976,59,0,16,0,100,,35977,59,0,16,0,100,,35978,59,0,16,0,100,,35979,59,0,16,0,100,,35980,59,0,16,0,100,,35981,59,0,16,0,100,,35982,59,0,16,0,100,,35983,59,0,16,0,100,,35984,59,0,16,0,100,,35985,59,0,16,0,100,,35986,59,0,16,0
722502,'1358',627,,35987,59,0,16,0,100,,35988,59,0,16,0,100,,35989,59,0,16,0,100,,35990,59,0,16,0,100,,35991,59,0,16,0,100,,35992,59,0,16,0,100,,35993,59,0,16,0,100,,35994,59,0,16,0,100,,35995,59,0,16,0,100,,35996,59,0,16,0,100,,35997,59,0,16,0,100,,35998,59,0,16,0,100,,35999,59,0,16,0,100,,36000,59,0,16,0,100,,36001,59,0,16,0,100,,36002,59,0,16,0,100,,36003,59,0,16,0,100,,36004,59,0,16,0
722502,'1359',627,,36005,59,0,16,0,100,,36006,59,0,16,0,100,,36007,59,0,16,0,100,,36008,59,0,16,0,100,,36009,59,0,16,0,100,,36010,59,0,16,0,100,,36011,59,0,16,0,100,,36012,59,0,16,0,100,,36013,59,0,16,0,100,,36014,59,0,16,0,100,,36015,59,0,16,0,100,,36016,59,0,16,0,100,,36017,59,0,16,0,100,,36018,59,0,16,0,100,,36019,59,0,16,0,100,,36020,59,0,16,0,100,,36021,59,0,16,0,100,,36022,59,0,16,0
722502,'1360',627,,36023,59,0,16,0,100,,36024,59,0,16,0,100,,36025,59,0,16,0,100,,36026,59,0,16,0,100,,36027,59,0,16,0,100,,36028,59,0,16,0,100,,36029,59,0,16,0,100,,36030,59,0,16,0,100,,36031,59,0,16,0,100,,36032,59,0,16,0,100,,36033,59,0,16,0,100,,36034,59,0,16,0,100,,36035,59,0,16,0,100,,36036,59,0,16,0,100,,36037,59,0,16,0,100,,36038,59,0,16,0,100,,36039,59,0,16,0,100,,36040,59,0,16,0
722502,'1361',627,,36041,59,0,16,0,100,,36042,59,0,16,0,100,,36043,59,0,16,0,100,,36044,59,0,16,0,100,,36045,59,0,16,0,100,,36046,59,0,16,0,100,,36047,59,0,16,0,100,,36048,59,0,16,0,100,,36049,59,0,16,0,100,,36050,59,0,16,0,100,,36051,59,0,16,0,100,,36052,59,0,16,0,100,,36053,59,0,16,0,100,,36054,59,0,16,0,100,,36055,59,0,16,0,100,,36056,59,0,16,0,100,,36057,59,0,16,0,100,,36058,59,0,16,0
