'1138',463600,92000,0,'605',0,48000,0,'605',0,13000,0,'605',0,28500,0,'605',0
'1139',463600,75000,0,'605',0,67000,0,'605',0,13000,0,'605',0,30000,0,'605',0
'1140',463600,92000,0,'605',0,48000,0,'605',0,13000,0,'605',0,28500,0,'605',0
'1141',463600,65000,0,'605',0,77000,0,'605',0,43000,0,'605',0,17000,0,'605',0
'1142',463600,65000,0,'605',0,77000,0,'605',0,43000,0,'605',0,17000,0,'605',0
'1143',463600,65000,0,'605',0,77000,0,'605',0,43000,0,'605',0,17000,0,'605',0
'1144',463600,65000,0,'605',0,77000,0,'605',0,43000,0,'605',0,17000,0,'605',0
'1145',463600,65000,0,'605',0,77000,0,'605',0,43000,0,'605',0,17000,0,'605',0
'1146',463600,92000,0,'605',0,48000,0,'605',0,41500,0,'605',0
'1147',463600,95000,0,'605',0,30000,0,'605',0,30000,0,'605',0
'1148',463600,92000,0,'605',0,48000,0,'605',0,41500,0,'605',0
