2000,'1355',916,,31704,1,,,0
2000,'1356',616,,31750,1,,,0
2000,'1357',541,,31760,1,,,0
2000,'1358',541,,31808,1,,,0
2000,'1359',541,,31856,1,,,0
2000,'1360',541,,31904,1,,,0
2000,'1361',541,,31952,1,,,0
2001,'1355',1001,,32005,69,,,0,45,,32004,69,,,0,85,,32003,69,,,0,85,,32002,69,,,0,85,,32001,69,,,0,45,,32000,69,,,0,85,,31999,69,,,0,85,,31998,69,,,0,85,,31997,69,,,0,45,,31996,69,,,0,87,,31995,69,,,0,83,,31994,69,,,0,85,,31993,69,,,0,45,,31992,69,,,0,85,,31991,69,,,0
2001,'1356',701,,32023,69,,,0,45,,32024,69,,,0,85,,32025,69,,,0,85,,32026,69,,,0,38,,32006,69,,,0,70,,32007,69,,,0,30,,32008,69,,,0,70,,32009,69,,,0,80,,32010,69,,,0,30,,32011,69,,,0,70,,32012,69,,,0,30,,32013,69,,,0,80,,32014,69,,,0,30,,32015,69,,,0,70,,32016,69,,,0,30,,32017,69,,,0,80,,32018,69,,,0,30,,32019,69,,,0,70,,32020,69,,,0,30,,32021,69,,,0,80,,32022,69,,,0,77,,32027,69,,,0,45,,32028,69,,,0,85,,32029,69,,,0,85,,32030,69,,,0,85,,32031,69,,,0,45,,32032,69,,,0,85,,32033,69,,,0,85,,32034,69,,,0,85,,32035,69,,,0
2001,'1357',641,,32036,69,,,0,60,,32037,69,,,0,20,,32038,69,,,0,20,,32039,69,,,0,60,,32040,69,,,0,20,,32041,69,,,0,20,,32042,69,,,0,60,,32043,69,,,0,20,,32044,69,,,0,20,,32045,69,,,0,60,,32046,69,,,0,20,,32047,69,,,0,20,,32048,69,,,0,60,,32049,69,,,0,20,,32050,69,,,0,20,,32051,69,,,0,60,,32052,69,,,0,20,,32053,69,,,0,20,,32054,69,,,0,60,,32055,69,,,0,20,,32056,69,,,0,20,,32057,69,,,0,60,,32058,69,,,0,20,,32059,69,,,0,20,,32060,69,,,0,60,,32061,69,,,0,20,,32062,69,,,0,20,,32063,69,,,0,60,,32064,69,,,0,20,,32065,69,,,0,20,,32066,69,,,0,60,,32067,69,,,0,20,,32068,69,,,0,20,,32069,69,,,0,60,,32070,69,,,0,20,,32071,69,,,0,20,,32072,69,,,0,60,,32073,69,,,0,45,,32074,69,,,0,85,,32075,69,,,0,85,,32076,69,,,0,85,,32077,69,,,0,45,,32078,69,,,0,85,,32079,69,,,0,85,,32080,69,,,0,85,,32081,69,,,0,45,,32082,69,,,0
2001,'1358',641,,32083,69,,,0,60,,32084,69,,,0,20,,32085,69,,,0,20,,32086,69,,,0,60,,32087,69,,,0,20,,32088,69,,,0,20,,32089,69,,,0,60,,32090,69,,,0,20,,32091,69,,,0,20,,32092,69,,,0,60,,32093,69,,,0,20,,32094,69,,,0,20,,32095,69,,,0,60,,32096,69,,,0,20,,32097,69,,,0,20,,32098,69,,,0,60,,32099,69,,,0,20,,32100,69,,,0,20,,32101,69,,,0,60,,32102,69,,,0,20,,32103,69,,,0,20,,32104,69,,,0,60,,32105,69,,,0,20,,32106,69,,,0,20,,32107,69,,,0,60,,32108,69,,,0,20,,32109,69,,,0,20,,32110,69,,,0,60,,32111,69,,,0,20,,32112,69,,,0,20,,32113,69,,,0,60,,32114,69,,,0,20,,32115,69,,,0,20,,32116,69,,,0,60,,32117,69,,,0,20,,32118,69,,,0,20,,32119,69,,,0,60,,32120,69,,,0,45,,32121,69,,,0,85,,32122,69,,,0,85,,32123,69,,,0,85,,32124,69,,,0,45,,32125,69,,,0,85,,32126,69,,,0,85,,32127,69,,,0,85,,32128,69,,,0,45,,32129,69,,,0
2001,'1359',641,,32130,69,,,0,60,,32131,69,,,0,20,,32132,69,,,0,20,,32133,69,,,0,60,,32134,69,,,0,20,,32135,69,,,0,20,,32136,69,,,0,60,,32137,69,,,0,20,,32138,69,,,0,20,,32139,69,,,0,60,,32140,69,,,0,20,,32141,69,,,0,20,,32142,69,,,0,60,,32143,69,,,0,20,,32144,69,,,0,20,,32145,69,,,0,60,,32146,69,,,0,20,,32147,69,,,0,20,,32148,69,,,0,60,,32149,69,,,0,20,,32150,69,,,0,20,,32151,69,,,0,60,,32152,69,,,0,20,,32153,69,,,0,20,,32154,69,,,0,60,,32155,69,,,0,20,,32156,69,,,0,20,,32157,69,,,0,60,,32158,69,,,0,20,,32159,69,,,0,20,,32160,69,,,0,60,,32161,69,,,0,20,,32162,69,,,0,20,,32163,69,,,0,60,,32164,69,,,0,20,,32165,69,,,0,20,,32166,69,,,0,60,,32167,69,,,0,45,,32168,69,,,0,85,,32169,69,,,0,85,,32170,69,,,0,85,,32171,69,,,0,45,,32172,69,,,0,85,,32173,69,,,0,85,,32174,69,,,0,85,,32175,69,,,0,45,,32176,69,,,0
2001,'1360',641,,32177,69,,,0,60,,32178,69,,,0,20,,32179,69,,,0,20,,32180,69,,,0,60,,32181,69,,,0,20,,32182,69,,,0,20,,32183,69,,,0,60,,32184,69,,,0,20,,32185,69,,,0,20,,32186,69,,,0,60,,32187,69,,,0,20,,32188,69,,,0,20,,32189,69,,,0,60,,32190,69,,,0,20,,32191,69,,,0,20,,32192,69,,,0,60,,32193,69,,,0,20,,32194,69,,,0,20,,32195,69,,,0,60,,32196,69,,,0,20,,32197,69,,,0,20,,32198,69,,,0,60,,32199,69,,,0,20,,32200,69,,,0,20,,32201,69,,,0,60,,32202,69,,,0,20,,32203,69,,,0,20,,32204,69,,,0,60,,32205,69,,,0,20,,32206,69,,,0,20,,32207,69,,,0,60,,32208,69,,,0,20,,32209,69,,,0,20,,32210,69,,,0,60,,32211,69,,,0,20,,32212,69,,,0,20,,32213,69,,,0,60,,32214,69,,,0,45,,32215,69,,,0,85,,32216,69,,,0,85,,32217,69,,,0,85,,32218,69,,,0,45,,32219,69,,,0,85,,32220,69,,,0,85,,32221,69,,,0,85,,32222,69,,,0,45,,32223,69,,,0
2001,'1361',641,,32224,69,,,0,60,,32225,69,,,0,20,,32226,69,,,0,20,,32227,69,,,0,60,,32228,69,,,0,20,,32229,69,,,0,20,,32230,69,,,0,60,,32231,69,,,0,20,,32232,69,,,0,20,,32233,69,,,0,60,,32234,69,,,0,20,,32235,69,,,0,20,,32236,69,,,0,60,,32237,69,,,0,20,,32238,69,,,0,20,,32239,69,,,0,60,,32240,69,,,0,20,,32241,69,,,0,20,,32242,69,,,0,60,,32243,69,,,0,20,,32244,69,,,0,20,,32245,69,,,0,60,,32246,69,,,0,20,,32247,69,,,0,20,,32248,69,,,0,60,,32249,69,,,0,20,,32250,69,,,0,20,,32251,69,,,0,60,,32252,69,,,0,20,,32253,69,,,0,20,,32254,69,,,0,60,,32255,69,,,0,20,,32256,69,,,0,20,,32257,69,,,0,60,,32258,69,,,0,20,,32259,69,,,0,20,,32260,69,,,0,60,,32261,69,,,0,45,,32262,69,,,0,85,,32263,69,,,0,85,,32264,69,,,0,85,,32265,69,,,0,45,,32266,69,,,0,85,,32267,69,,,0,85,,32268,69,,,0,85,,32269,69,,,0,45,,32270,69,,,0
2801,'1356',809,,32397,5,,,0,110,,32398,5,,,0,110,,32399,5,,,0,110,,32400,5,,,0,110,,32401,5,,,0,110,,32402,5,,,0,150,,32403,5,,,0,110,,32404,5,,,0,110,,32405,5,,,0,110,,32406,5,,,0
2801,'1357',634,,32407,5,,,0,75,,32408,5,,,0,35,,32409,5,,,0,75,,32410,5,,,0,35,,32411,5,,,0,75,,32412,5,,,0,75,,32413,5,,,0,35,,32414,5,,,0,75,,32415,5,,,0,35,,32416,5,,,0,75,,32417,5,,,0,35,,32418,5,,,0,75,,32419,5,,,0,75,,32420,5,,,0,35,,32421,5,,,0,75,,32422,5,,,0,35,,32423,5,,,0,75,,32424,5,,,0,75,,32425,5,,,0,35,,32426,5,,,0,75,,32427,5,,,0,35,,32428,5,,,0,75,,32429,5,,,0
2801,'1358',634,,32430,5,,,0,75,,32431,5,,,0,35,,32432,5,,,0,75,,32433,5,,,0,35,,32434,5,,,0,75,,32435,5,,,0,75,,32436,5,,,0,35,,32437,5,,,0,75,,32438,5,,,0,35,,32439,5,,,0,75,,32440,5,,,0,35,,32441,5,,,0,75,,32442,5,,,0,75,,32443,5,,,0,35,,32444,5,,,0,75,,32445,5,,,0,35,,32446,5,,,0,75,,32447,5,,,0,75,,32448,5,,,0,35,,32449,5,,,0,75,,32450,5,,,0,35,,32451,5,,,0,75,,32452,5,,,0
2801,'1359',634,,32453,5,,,0,75,,32454,5,,,0,35,,32455,5,,,0,75,,32456,5,,,0,35,,32457,5,,,0,75,,32458,5,,,0,75,,32459,5,,,0,35,,32460,5,,,0,75,,32461,5,,,0,35,,32462,5,,,0,75,,32463,5,,,0,35,,32464,5,,,0,75,,32465,5,,,0,75,,32466,5,,,0,35,,32467,5,,,0,75,,32468,5,,,0,35,,32469,5,,,0,75,,32470,5,,,0,75,,32471,5,,,0,35,,32472,5,,,0,75,,32473,5,,,0,35,,32474,5,,,0,75,,32475,5,,,0
2801,'1360',634,,32476,5,,,0,75,,32477,5,,,0,35,,32478,5,,,0,75,,32479,5,,,0,35,,32480,5,,,0,75,,32481,5,,,0,75,,32482,5,,,0,35,,32483,5,,,0,75,,32484,5,,,0,35,,32485,5,,,0,75,,32486,5,,,0,35,,32487,5,,,0,75,,32488,5,,,0,75,,32489,5,,,0,35,,32490,5,,,0,75,,32491,5,,,0,35,,32492,5,,,0,75,,32493,5,,,0,75,,32494,5,,,0,35,,32495,5,,,0,75,,32496,5,,,0,35,,32497,5,,,0,75,,32498,5,,,0
2801,'1361',634,,32499,5,,,0,75,,32500,5,,,0,35,,32501,5,,,0,75,,32502,5,,,0,35,,32503,5,,,0,75,,32504,5,,,0,75,,32505,5,,,0,35,,32506,5,,,0,75,,32507,5,,,0,35,,32508,5,,,0,75,,32509,5,,,0,35,,32510,5,,,0,75,,32511,5,,,0,75,,32512,5,,,0,35,,32513,5,,,0,75,,32514,5,,,0,35,,32515,5,,,0,75,,32516,5,,,0,75,,32517,5,,,0,35,,32518,5,,,0,75,,32519,5,,,0,35,,32520,5,,,0,75,,32521,5,,,0
