70101,'1349',716,,25320,30,0,17,0,130,,25321,30,0,17,0,170,,25322,30,0,17,0,130,,25323,30,0,17,0,170,,25324,30,0,17,0,130,,25325,30,0,17,0,170,,25326,30,0,17,0,130,,25327,30,0,17,0
70101,'1350',716,,25328,30,0,17,0,85,,25329,30,0,17,0,45,,25330,30,0,17,0,85,,25331,30,0,17,0,85,,25332,30,0,17,0,130,,25333,30,0,17,0,170,,25334,30,0,17,0,85,,25335,30,0,17,0,45,,25336,30,0,17,0,85,,25337,30,0,17,0,85,,25338,30,0,17,0,85,,25339,30,0,17,0,45,,25340,30,0,17,0,85,,25341,30,0,17,0
70101,'1351',716,,25342,30,0,17,0,85,,25343,30,0,17,0,45,,25344,30,0,17,0,85,,25345,30,0,17,0,85,,25346,30,0,17,0,130,,25347,30,0,17,0,170,,25348,30,0,17,0,85,,25349,30,0,17,0,45,,25350,30,0,17,0,85,,25351,30,0,17,0,85,,25352,30,0,17,0,85,,25353,30,0,17,0,45,,25354,30,0,17,0,85,,25355,30,0,17,0
70101,'1352',716,,25356,30,0,17,0,85,,25357,30,0,17,0,45,,25358,30,0,17,0,85,,25359,30,0,17,0,85,,25360,30,0,17,0,130,,25361,30,0,17,0,170,,25362,30,0,17,0,85,,25363,30,0,17,0,45,,25364,30,0,17,0,85,,25365,30,0,17,0,85,,25366,30,0,17,0,85,,25367,30,0,17,0,45,,25368,30,0,17,0,85,,25369,30,0,17,0
70101,'1353',716,,25370,30,0,17,0,85,,25371,30,0,17,0,45,,25372,30,0,17,0,85,,25373,30,0,17,0,85,,25374,30,0,17,0,130,,25375,30,0,17,0,170,,25376,30,0,17,0,85,,25377,30,0,17,0,45,,25378,30,0,17,0,85,,25379,30,0,17,0,85,,25380,30,0,17,0,85,,25381,30,0,17,0,45,,25382,30,0,17,0,85,,25383,30,0,17,0
70101,'1354',716,,25384,30,0,17,0,85,,25385,30,0,17,0,45,,25386,30,0,17,0,85,,25387,30,0,17,0,85,,25388,30,0,17,0,130,,25389,30,0,17,0,170,,25390,30,0,17,0,85,,25391,30,0,17,0,45,,25392,30,0,17,0,85,,25393,30,0,17,0,85,,25394,30,0,17,0,85,,25395,30,0,17,0,45,,25396,30,0,17,0,85,,25397,30,0,17,0
70102,'1349',814,,25398,31,0,16,0,130,,25399,31,0,16,0,170,,25400,31,0,16,0,130,,25401,31,0,16,0,170,,25402,31,0,16,0,130,,25403,31,0,16,0,170,,25404,31,0,16,0,130,,25405,31,0,16,0
70102,'1350',729,,25406,31,0,16,0,85,,25407,31,0,16,0,45,,25408,31,0,16,0,85,,25409,31,0,16,0,85,,25410,31,0,16,0,85,,25411,31,0,16,0,130,,25412,31,0,16,0,170,,25413,31,0,16,0,45,,25414,31,0,16,0,85,,25415,31,0,16,0,85,,25416,31,0,16,0,85,,25417,31,0,16,0,45,,25418,31,0,16,0,85,,25419,31,0,16,0
70102,'1351',729,,25420,31,0,16,0,85,,25421,31,0,16,0,45,,25422,31,0,16,0,85,,25423,31,0,16,0,85,,25424,31,0,16,0,85,,25425,31,0,16,0,130,,25426,31,0,16,0,170,,25427,31,0,16,0,45,,25428,31,0,16,0,85,,25429,31,0,16,0,85,,25430,31,0,16,0,85,,25431,31,0,16,0,45,,25432,31,0,16,0,85,,25433,31,0,16,0
70102,'1352',729,,25434,31,0,16,0,85,,25435,31,0,16,0,45,,25436,31,0,16,0,85,,25437,31,0,16,0,85,,25438,31,0,16,0,85,,25439,31,0,16,0,130,,25440,31,0,16,0,170,,25441,31,0,16,0,45,,25442,31,0,16,0,85,,25443,31,0,16,0,85,,25444,31,0,16,0,85,,25445,31,0,16,0,45,,25446,31,0,16,0,85,,25447,31,0,16,0
70102,'1353',729,,25448,31,0,16,0,85,,25449,31,0,16,0,45,,25450,31,0,16,0,85,,25451,31,0,16,0,85,,25452,31,0,16,0,85,,25453,31,0,16,0,130,,25454,31,0,16,0,170,,25455,31,0,16,0,45,,25456,31,0,16,0,85,,25457,31,0,16,0,85,,25458,31,0,16,0,85,,25459,31,0,16,0,45,,25460,31,0,16,0,85,,25461,31,0,16,0
70102,'1354',729,,25462,31,0,16,0,85,,25463,31,0,16,0,45,,25464,31,0,16,0,85,,25465,31,0,16,0,85,,25466,31,0,16,0,85,,25467,31,0,16,0,130,,25468,31,0,16,0,170,,25469,31,0,16,0,45,,25470,31,0,16,0,85,,25471,31,0,16,0,85,,25472,31,0,16,0,85,,25473,31,0,16,0,45,,25474,31,0,16,0,85,,25475,31,0,16,0
