721303,'1327',852,,5949,21,0,6,0,80,,5948,21,0,6,0,80,,5947,21,0,6,0,40,,5946,21,0,6,0,80,,5945,21,0,6,0,80,,5944,21,0,6,0,40,,5943,21,0,6,0,80,,5942,21,0,6,0,80,,5941,21,0,6,0,40,,5940,21,0,6,0,80,,5939,21,0,6,0,80,,5938,21,0,6,0,40,,5937,21,0,6,0,80,,5936,21,0,6,0,80,,5935,21,0,6,0,40,,5934,21,0,6,0,80,,5933,21,0,6,0,80,,5932,21,0,6,0
721303,'1328',652,,5950,21,0,6,0,80,,5951,21,0,6,0,80,,5952,21,0,6,0,40,,5953,21,0,6,0,80,,5954,21,0,6,0,80,,5955,21,0,6,0,40,,5956,21,0,6,0,80,,5957,21,0,6,0,80,,5958,21,0,6,0,20,,5959,21,0,6,0,20,,5960,21,0,6,0,60,,5961,21,0,6,0,20,,5962,21,0,6,0,20,,5963,21,0,6,0,60,,5964,21,0,6,0,20,,5965,21,0,6,0,20,,5966,21,0,6,0,60,,5967,21,0,6,0,20,,5968,21,0,6,0,20,,5969,21,0,6,0,60,,5970,21,0,6,0,20,,5971,21,0,6,0,20,,5972,21,0,6,0,60,,5973,21,0,6,0,20,,5974,21,0,6,0,20,,5975,21,0,6,0,60,,5976,21,0,6,0,20,,5977,21,0,6,0,20,,5978,21,0,6,0,80,,5979,21,0,6,0,80,,5980,21,0,6,0,40,,5981,21,0,6,0,80,,5982,21,0,6,0,80,,5983,21,0,6,0,40,,5984,21,0,6,0,80,,5985,21,0,6,0
721303,'1329',631,,5986,22,0,6,0,85,,5987,22,0,6,0,20,,5988,22,0,6,0,65,,5989,22,0,6,0,20,,5990,22,0,6,0,25,,5991,22,0,6,0,60,,5992,22,0,6,0,25,,5993,22,0,6,0,20,,5994,22,0,6,0,65,,5995,22,0,6,0,20,,5996,22,0,6,0,65,,5997,22,0,6,0,20,,5998,22,0,6,0,25,,5999,22,0,6,0,60,,6000,22,0,6,0,25,,6001,22,0,6,0,20,,6002,22,0,6,0,65,,6003,22,0,6,0,20,,6004,22,0,6,0,65,,6005,22,0,6,0,20,,6006,22,0,6,0,25,,6007,22,0,6,0,60,,6008,22,0,6,0,25,,6009,22,0,6,0,20,,6010,22,0,6,0,65,,6011,22,0,6,0,20,,6012,22,0,6,0,65,,6013,22,0,6,0,20,,6014,22,0,6,0,25,,6015,22,0,6,0,60,,6016,22,0,6,0,25,,6017,22,0,6,0,20,,6018,22,0,6,0,66,,6019,22,0,6,0,35,,6020,21,0,6,0,80,,6021,21,0,6,0,80,,6022,21,0,6,0,40,,6023,21,0,6,0,80,,6024,21,0,6,0,80,,6025,21,0,6,0,40,,6026,21,0,6,0
721303,'1330',631,,6027,22,0,6,0,85,,6028,22,0,6,0,20,,6029,22,0,6,0,65,,6030,22,0,6,0,20,,6031,22,0,6,0,25,,6032,22,0,6,0,60,,6033,22,0,6,0,25,,6034,22,0,6,0,20,,6035,22,0,6,0,65,,6036,22,0,6,0,20,,6037,22,0,6,0,65,,6038,22,0,6,0,20,,6039,22,0,6,0,25,,6040,22,0,6,0,60,,6041,22,0,6,0,25,,6042,22,0,6,0,20,,6043,22,0,6,0,65,,6044,22,0,6,0,20,,6045,22,0,6,0,65,,6046,22,0,6,0,20,,6047,22,0,6,0,25,,6048,22,0,6,0,60,,6049,22,0,6,0,25,,6050,22,0,6,0,20,,6051,22,0,6,0,65,,6052,22,0,6,0,20,,6053,22,0,6,0,65,,6054,22,0,6,0,20,,6055,22,0,6,0,25,,6056,22,0,6,0,60,,6057,22,0,6,0,25,,6058,22,0,6,0,20,,6059,22,0,6,0,66,,6060,22,0,6,0,35,,6061,21,0,6,0,80,,6062,21,0,6,0,80,,6063,21,0,6,0,40,,6064,21,0,6,0,80,,6065,21,0,6,0,80,,6066,21,0,6,0,40,,6067,21,0,6,0
721303,'1331',631,,6068,22,0,6,0,85,,6069,22,0,6,0,20,,6070,22,0,6,0,65,,6071,22,0,6,0,20,,6072,22,0,6,0,25,,6073,22,0,6,0,60,,6074,22,0,6,0,25,,6075,22,0,6,0,20,,6076,22,0,6,0,65,,6077,22,0,6,0,20,,6078,22,0,6,0,65,,6079,22,0,6,0,20,,6080,22,0,6,0,25,,6081,22,0,6,0,60,,6082,22,0,6,0,25,,6083,22,0,6,0,20,,6084,22,0,6,0,65,,6085,22,0,6,0,20,,6086,22,0,6,0,65,,6087,22,0,6,0,20,,6088,22,0,6,0,25,,6089,22,0,6,0,60,,6090,22,0,6,0,25,,6091,22,0,6,0,20,,6092,22,0,6,0,65,,6093,22,0,6,0,20,,6094,22,0,6,0,65,,6095,22,0,6,0,20,,6096,22,0,6,0,25,,6097,22,0,6,0,60,,6098,22,0,6,0,25,,6099,22,0,6,0,20,,6100,22,0,6,0,66,,6101,22,0,6,0,35,,6102,21,0,6,0,80,,6103,21,0,6,0,80,,6104,21,0,6,0,40,,6105,21,0,6,0,80,,6106,21,0,6,0,80,,6107,21,0,6,0,40,,6108,21,0,6,0
721303,'1332',631,,6109,22,0,6,0,85,,6110,22,0,6,0,20,,6111,22,0,6,0,65,,6112,22,0,6,0,20,,6113,22,0,6,0,25,,6114,22,0,6,0,60,,6115,22,0,6,0,25,,6116,22,0,6,0,20,,6117,22,0,6,0,65,,6118,22,0,6,0,20,,6119,22,0,6,0,65,,6120,22,0,6,0,20,,6121,22,0,6,0,25,,6122,22,0,6,0,60,,6123,22,0,6,0,25,,6124,22,0,6,0,20,,6125,22,0,6,0,65,,6126,22,0,6,0,20,,6127,22,0,6,0,65,,6128,22,0,6,0,20,,6129,22,0,6,0,25,,6130,22,0,6,0,60,,6131,22,0,6,0,25,,6132,22,0,6,0,20,,6133,22,0,6,0,65,,6134,22,0,6,0,20,,6135,22,0,6,0,65,,6136,22,0,6,0,20,,6137,22,0,6,0,25,,6138,22,0,6,0,60,,6139,22,0,6,0,25,,6140,22,0,6,0,20,,6141,22,0,6,0,66,,6142,22,0,6,0,35,,6143,21,0,6,0,80,,6144,21,0,6,0,80,,6145,21,0,6,0,40,,6146,21,0,6,0,80,,6147,21,0,6,0,80,,6148,21,0,6,0,40,,6149,21,0,6,0
721303,'1333',631,,6150,22,0,6,0,85,,6151,22,0,6,0,20,,6152,22,0,6,0,65,,6153,22,0,6,0,20,,6154,22,0,6,0,25,,6155,22,0,6,0,60,,6156,22,0,6,0,25,,6157,22,0,6,0,20,,6158,22,0,6,0,65,,6159,22,0,6,0,20,,6160,22,0,6,0,65,,6161,22,0,6,0,20,,6162,22,0,6,0,25,,6163,22,0,6,0,60,,6164,22,0,6,0,25,,6165,22,0,6,0,20,,6166,22,0,6,0,65,,6167,22,0,6,0,20,,6168,22,0,6,0,65,,6169,22,0,6,0,20,,6170,22,0,6,0,25,,6171,22,0,6,0,60,,6172,22,0,6,0,25,,6173,22,0,6,0,20,,6174,22,0,6,0,65,,6175,22,0,6,0,20,,6176,22,0,6,0,65,,6177,22,0,6,0,20,,6178,22,0,6,0,25,,6179,22,0,6,0,60,,6180,22,0,6,0,25,,6181,22,0,6,0,20,,6182,22,0,6,0,66,,6183,22,0,6,0,35,,6184,21,0,6,0,80,,6185,21,0,6,0,80,,6186,21,0,6,0,40,,6187,21,0,6,0,80,,6188,21,0,6,0,80,,6189,21,0,6,0,40,,6190,21,0,6,0
722502,'1329',618,,7127,47,0,7,0,100,,7128,47,0,7,0,100,,7129,47,0,7,0,100,,7130,47,0,7,0,100,,7131,47,0,7,0,100,,7132,47,0,7,0,100,,7133,47,0,7,0,100,,7134,47,0,7,0,100,,7135,47,0,7,0,100,,7136,47,0,7,0,100,,7137,47,0,7,0,100,,7138,47,0,7,0,100,,7139,47,0,7,0,100,,7140,47,0,7,0,100,,7141,47,0,7,0,100,,7142,47,0,7,0,100,,7143,47,0,7,0,100,,7144,47,0,7,0
722502,'1330',618,,7145,47,0,7,0,100,,7146,47,0,7,0,100,,7147,47,0,7,0,100,,7148,47,0,7,0,100,,7149,47,0,7,0,100,,7150,47,0,7,0,100,,7151,47,0,7,0,100,,7152,47,0,7,0,100,,7153,47,0,7,0,100,,7154,47,0,7,0,100,,7155,47,0,7,0,100,,7156,47,0,7,0,100,,7157,47,0,7,0,100,,7158,47,0,7,0,100,,7159,47,0,7,0,100,,7160,47,0,7,0,100,,7161,47,0,7,0,100,,7162,47,0,7,0
722502,'1331',618,,7163,47,0,7,0,100,,7164,47,0,7,0,100,,7165,47,0,7,0,100,,7166,47,0,7,0,100,,7167,47,0,7,0,100,,7168,47,0,7,0,100,,7169,47,0,7,0,100,,7170,47,0,7,0,100,,7171,47,0,7,0,100,,7172,47,0,7,0,100,,7173,47,0,7,0,100,,7174,47,0,7,0,100,,7175,47,0,7,0,100,,7176,47,0,7,0,100,,7177,47,0,7,0,100,,7178,47,0,7,0,100,,7179,47,0,7,0,100,,7180,47,0,7,0
722502,'1332',618,,7181,47,0,7,0,100,,7182,47,0,7,0,100,,7183,47,0,7,0,100,,7184,47,0,7,0,100,,7185,47,0,7,0,100,,7186,47,0,7,0,100,,7187,47,0,7,0,100,,7188,47,0,7,0,100,,7189,47,0,7,0,100,,7190,47,0,7,0,100,,7191,47,0,7,0,100,,7192,47,0,7,0,100,,7193,47,0,7,0,100,,7194,47,0,7,0,100,,7195,47,0,7,0,100,,7196,47,0,7,0,100,,7197,47,0,7,0,100,,7198,47,0,7,0
722502,'1333',618,,7199,47,0,7,0,100,,7200,47,0,7,0,100,,7201,47,0,7,0,100,,7202,47,0,7,0,100,,7203,47,0,7,0,100,,7204,47,0,7,0,100,,7205,47,0,7,0,100,,7206,47,0,7,0,100,,7207,47,0,7,0,100,,7208,47,0,7,0,100,,7209,47,0,7,0,100,,7210,47,0,7,0,100,,7211,47,0,7,0,100,,7212,47,0,7,0,100,,7213,47,0,7,0,100,,7214,47,0,7,0,100,,7215,47,0,7,0,100,,7216,47,0,7,0
