1900,'1348',858,,24095,1,,,0,100,,24094,1,,,0,100,,24093,1,,,0,100,,24092,1,,,0,100,,24091,1,,,0,100,,24090,1,,,0,100,,24089,1,,,0,100,,24088,1,,,0,100,,24097,1,,,0,100,,24096,1,,,0,100,,24086,1,,,0,100,,24087,1,,,0
1900,'1349',758,,24098,1,,,0,100,,24099,1,,,0,100,,24100,1,,,0,70,,24101,1,,,0,30,,24102,1,,,0,70,,24103,1,,,0,30,,24104,1,,,0,70,,24105,1,,,0,30,,24106,1,,,0,70,,24107,1,,,0,30,,24108,1,,,0,70,,24109,1,,,0,30,,24110,1,,,0,70,,24111,1,,,0,30,,24112,1,,,0,70,,24113,1,,,0,30,,24114,1,,,0,70,,24115,1,,,0,30,,24116,1,,,0,70,,24117,1,,,0,30,,24118,1,,,0,70,,24119,1,,,0,30,,24120,1,,,0,100,,24121,1,,,0,100,,24122,1,,,0,100,,24123,1,,,0
1900,'1350',558,,24124,1,,,0,70,,24125,1,,,0,30,,24126,1,,,0,70,,24127,1,,,0,30,,24128,1,,,0,70,,24129,1,,,0,30,,24130,1,,,0,70,,24131,1,,,0,30,,24132,1,,,0,70,,24133,1,,,0,30,,24134,1,,,0,70,,24135,1,,,0,30,,24136,1,,,0,70,,24137,1,,,0,30,,24138,1,,,0,70,,24139,1,,,0,30,,24140,1,,,0,70,,24141,1,,,0,30,,24142,1,,,0,70,,24143,1,,,0,30,,24144,1,,,0,70,,24145,1,,,0,30,,24146,1,,,0,70,,24147,1,,,0,30,,24148,1,,,0,70,,24149,1,,,0,30,,24150,1,,,0,70,,24151,1,,,0,30,,24152,1,,,0,70,,24153,1,,,0,30,,24154,1,,,0,70,,24155,1,,,0,100,,24156,1,,,0,100,,24157,1,,,0
1900,'1351',558,,24158,1,,,0,70,,24159,1,,,0,30,,24160,1,,,0,70,,24161,1,,,0,30,,24162,1,,,0,70,,24163,1,,,0,30,,24164,1,,,0,70,,24165,1,,,0,30,,24166,1,,,0,70,,24167,1,,,0,30,,24168,1,,,0,70,,24169,1,,,0,30,,24170,1,,,0,70,,24171,1,,,0,30,,24172,1,,,0,70,,24173,1,,,0,30,,24174,1,,,0,70,,24175,1,,,0,30,,24176,1,,,0,70,,24177,1,,,0,30,,24178,1,,,0,70,,24179,1,,,0,30,,24180,1,,,0,70,,24181,1,,,0,30,,24182,1,,,0,70,,24183,1,,,0,30,,24184,1,,,0,70,,24185,1,,,0,30,,24186,1,,,0,70,,24187,1,,,0,30,,24188,1,,,0,70,,24189,1,,,0,100,,24190,1,,,0,100,,24191,1,,,0
1900,'1352',558,,24192,1,,,0,70,,24193,1,,,0,30,,24194,1,,,0,70,,24195,1,,,0,30,,24196,1,,,0,70,,24197,1,,,0,30,,24198,1,,,0,70,,24199,1,,,0,30,,24200,1,,,0,70,,24201,1,,,0,30,,24202,1,,,0,70,,24203,1,,,0,30,,24204,1,,,0,70,,24205,1,,,0,30,,24206,1,,,0,70,,24207,1,,,0,30,,24208,1,,,0,70,,24209,1,,,0,30,,24210,1,,,0,70,,24211,1,,,0,30,,24212,1,,,0,70,,24213,1,,,0,30,,24214,1,,,0,70,,24215,1,,,0,30,,24216,1,,,0,70,,24217,1,,,0,30,,24218,1,,,0,70,,24219,1,,,0,30,,24220,1,,,0,70,,24221,1,,,0,30,,24222,1,,,0,70,,24223,1,,,0,100,,24224,1,,,0,100,,24225,1,,,0
1900,'1353',558,,24226,1,,,0,70,,24227,1,,,0,30,,24228,1,,,0,70,,24229,1,,,0,30,,24230,1,,,0,70,,24231,1,,,0,30,,24232,1,,,0,70,,24233,1,,,0,30,,24234,1,,,0,70,,24235,1,,,0,30,,24236,1,,,0,70,,24237,1,,,0,30,,24238,1,,,0,70,,24239,1,,,0,30,,24240,1,,,0,70,,24241,1,,,0,30,,24242,1,,,0,70,,24243,1,,,0,30,,24244,1,,,0,70,,24245,1,,,0,30,,24246,1,,,0,70,,24247,1,,,0,30,,24248,1,,,0,70,,24249,1,,,0,30,,24250,1,,,0,70,,24251,1,,,0,30,,24252,1,,,0,70,,24253,1,,,0,30,,24254,1,,,0,70,,24255,1,,,0,30,,24256,1,,,0,70,,24257,1,,,0,100,,24258,1,,,0,100,,24259,1,,,0
1900,'1354',558,,24260,1,,,0,70,,24261,1,,,0,30,,24262,1,,,0,70,,24263,1,,,0,30,,24264,1,,,0,70,,24265,1,,,0,30,,24266,1,,,0,70,,24267,1,,,0,30,,24268,1,,,0,70,,24269,1,,,0,30,,24270,1,,,0,70,,24271,1,,,0,30,,24272,1,,,0,70,,24273,1,,,0,30,,24274,1,,,0,70,,24275,1,,,0,30,,24276,1,,,0,70,,24277,1,,,0,30,,24278,1,,,0,70,,24279,1,,,0,30,,24280,1,,,0,70,,24281,1,,,0,30,,24282,1,,,0,70,,24283,1,,,0,30,,24284,1,,,0,70,,24285,1,,,0,30,,24286,1,,,0,70,,24287,1,,,0,30,,24288,1,,,0,70,,24289,1,,,0,30,,24290,1,,,0,70,,24291,1,,,0,100,,24292,1,,,0,100,,24293,1,,,0
1901,'1348',955,,24297,77,4,,0,100,,24296,77,4,,0,100,,24295,77,4,,0,100,,24294,77,4,,0,100,,24305,77,4,,0,100,,24302,77,4,,0,100,,24301,77,4,,0,100,,24300,77,4,,0,100,,24299,77,4,,0,100,,24298,77,4,,0,100,,24304,77,4,,0,100,,24303,77,4,,0
1901,'1349',855,,24306,77,4,,0,100,,24307,77,4,,0,100,,24308,77,4,,0,70,,24309,77,4,,0,30,,24310,77,4,,0,70,,24311,77,4,,0,30,,24312,77,4,,0,70,,24313,77,4,,0,30,,24314,77,4,,0,70,,24315,77,4,,0,30,,24316,77,4,,0,70,,24317,77,4,,0,30,,24318,77,4,,0,70,,24319,77,4,,0,30,,24320,77,4,,0,70,,24321,77,4,,0,30,,24322,77,4,,0,70,,24323,77,4,,0,30,,24324,77,4,,0,70,,24325,77,4,,0,30,,24326,77,4,,0,70,,24327,77,4,,0,30,,24328,77,4,,0,100,,24329,77,4,,0,100,,24330,77,4,,0,100,,24331,77,4,,0
1901,'1350',655,,24332,77,4,,0,70,,24333,77,4,,0,30,,24334,77,4,,0,70,,24335,77,4,,0,30,,24336,77,4,,0,70,,24337,77,4,,0,30,,24338,77,4,,0,70,,24339,77,4,,0,30,,24340,77,4,,0,70,,24341,77,4,,0,30,,24342,77,4,,0,70,,24343,77,4,,0,30,,24344,77,4,,0,70,,24345,77,4,,0,30,,24346,77,4,,0,70,,24347,77,4,,0,30,,24348,77,4,,0,70,,24349,77,4,,0,30,,24350,77,4,,0,70,,24351,77,4,,0,30,,24352,77,4,,0,70,,24353,77,4,,0,30,,24354,77,4,,0,70,,24355,77,4,,0,30,,24356,77,4,,0,70,,24357,77,4,,0,30,,24358,77,4,,0,70,,24359,77,4,,0,30,,24360,77,4,,0,70,,24361,77,4,,0,30,,24362,77,4,,0,70,,24363,77,4,,0,100,,24364,77,4,,0,100,,24365,77,4,,0
1901,'1351',655,,24366,77,4,,0,70,,24367,77,4,,0,30,,24368,77,4,,0,70,,24369,77,4,,0,30,,24370,77,4,,0,70,,24371,77,4,,0,30,,24372,77,4,,0,70,,24373,77,4,,0,30,,24374,77,4,,0,70,,24375,77,4,,0,30,,24376,77,4,,0,70,,24377,77,4,,0,30,,24378,77,4,,0,70,,24379,77,4,,0,30,,24380,77,4,,0,70,,24381,77,4,,0,30,,24382,77,4,,0,70,,24383,77,4,,0,30,,24384,77,4,,0,70,,24385,77,4,,0,30,,24386,77,4,,0,70,,24387,77,4,,0,30,,24388,77,4,,0,70,,24389,77,4,,0,30,,24390,77,4,,0,70,,24391,77,4,,0,30,,24392,77,4,,0,70,,24393,77,4,,0,30,,24394,77,4,,0,70,,24395,77,4,,0,30,,24396,77,4,,0,70,,24397,77,4,,0,100,,24398,77,4,,0,100,,24399,77,4,,0
1901,'1352',655,,24400,77,4,,0,70,,24401,77,4,,0,30,,24402,77,4,,0,70,,24403,77,4,,0,30,,24404,77,4,,0,70,,24405,77,4,,0,30,,24406,77,4,,0,70,,24407,77,4,,0,30,,24408,77,4,,0,70,,24409,77,4,,0,30,,24410,77,4,,0,70,,24411,77,4,,0,30,,24412,77,4,,0,70,,24413,77,4,,0,30,,24414,77,4,,0,70,,24415,77,4,,0,30,,24416,77,4,,0,70,,24417,77,4,,0,30,,24418,77,4,,0,70,,24419,77,4,,0,30,,24420,77,4,,0,70,,24421,77,4,,0,30,,24422,77,4,,0,70,,24423,77,4,,0,30,,24424,77,4,,0,70,,24425,77,4,,0,30,,24426,77,4,,0,70,,24427,77,4,,0,30,,24428,77,4,,0,70,,24429,77,4,,0,30,,24430,77,4,,0,70,,24431,77,4,,0,100,,24432,77,4,,0,100,,24433,77,4,,0
1901,'1353',655,,24434,77,4,,0,70,,24435,77,4,,0,30,,24436,77,4,,0,70,,24437,77,4,,0,30,,24438,77,4,,0,70,,24439,77,4,,0,30,,24440,77,4,,0,70,,24441,77,4,,0,30,,24442,77,4,,0,70,,24443,77,4,,0,30,,24444,77,4,,0,70,,24445,77,4,,0,30,,24446,77,4,,0,70,,24447,77,4,,0,30,,24448,77,4,,0,70,,24449,77,4,,0,30,,24450,77,4,,0,70,,24451,77,4,,0,30,,24452,77,4,,0,70,,24453,77,4,,0,30,,24454,77,4,,0,70,,24455,77,4,,0,30,,24456,77,4,,0,70,,24457,77,4,,0,30,,24458,77,4,,0,70,,24459,77,4,,0,30,,24460,77,4,,0,70,,24461,77,4,,0,30,,24462,77,4,,0,70,,24463,77,4,,0,30,,24464,77,4,,0,70,,24465,77,4,,0,100,,24466,77,4,,0,100,,24467,77,4,,0
1901,'1354',655,,24468,77,4,,0,70,,24469,77,4,,0,30,,24470,77,4,,0,70,,24471,77,4,,0,30,,24472,77,4,,0,70,,24473,77,4,,0,30,,24474,77,4,,0,70,,24475,77,4,,0,30,,24476,77,4,,0,70,,24477,77,4,,0,30,,24478,77,4,,0,70,,24479,77,4,,0,30,,24480,77,4,,0,70,,24481,77,4,,0,30,,24482,77,4,,0,70,,24483,77,4,,0,30,,24484,77,4,,0,70,,24485,77,4,,0,30,,24486,77,4,,0,70,,24487,77,4,,0,30,,24488,77,4,,0,70,,24489,77,4,,0,30,,24490,77,4,,0,70,,24491,77,4,,0,30,,24492,77,4,,0,70,,24493,77,4,,0,30,,24494,77,4,,0,70,,24495,77,4,,0,30,,24496,77,4,,0,70,,24497,77,4,,0,30,,24498,77,4,,0,70,,24499,77,4,,0,100,,24500,77,4,,0,100,,24501,77,4,,0
722502,'1350',612,,28767,41,0,16,0,100,,28768,41,0,16,0,100,,28769,41,0,16,0,100,,28770,41,0,16,0,100,,28771,41,0,16,0,100,,28772,41,0,16,0,100,,28773,41,0,16,0,100,,28774,41,0,16,0,100,,28775,41,0,16,0,100,,28776,41,0,16,0,100,,28777,41,0,16,0,100,,28778,41,0,16,0,100,,28779,41,0,16,0,100,,28780,41,0,16,0,100,,28781,41,0,16,0,100,,28782,41,0,16,0,100,,28783,41,0,16,0,100,,28784,41,0,16,0
722502,'1351',612,,28785,41,0,16,0,100,,28786,41,0,16,0,100,,28787,41,0,16,0,100,,28788,41,0,16,0,100,,28789,41,0,16,0,100,,28790,41,0,16,0,100,,28791,41,0,16,0,100,,28792,41,0,16,0,100,,28793,41,0,16,0,100,,28794,41,0,16,0,100,,28795,41,0,16,0,100,,28796,41,0,16,0,100,,28797,41,0,16,0,100,,28798,41,0,16,0,100,,28799,41,0,16,0,100,,28800,41,0,16,0,100,,28801,41,0,16,0,100,,28802,41,0,16,0
722502,'1352',612,,28803,41,0,16,0,100,,28804,41,0,16,0,100,,28805,41,0,16,0,100,,28806,41,0,16,0,100,,28807,41,0,16,0,100,,28808,41,0,16,0,100,,28809,41,0,16,0,100,,28810,41,0,16,0,100,,28811,41,0,16,0,100,,28812,41,0,16,0,100,,28813,41,0,16,0,100,,28814,41,0,16,0,100,,28815,41,0,16,0,100,,28816,41,0,16,0,100,,28817,41,0,16,0,100,,28818,41,0,16,0,100,,28819,41,0,16,0,100,,28820,41,0,16,0
722502,'1353',612,,28821,41,0,16,0,100,,28822,41,0,16,0,100,,28823,41,0,16,0,100,,28824,41,0,16,0,100,,28825,41,0,16,0,100,,28826,41,0,16,0,100,,28827,41,0,16,0,100,,28828,41,0,16,0,100,,28829,41,0,16,0,100,,28830,41,0,16,0,100,,28831,41,0,16,0,100,,28832,41,0,16,0,100,,28833,41,0,16,0,100,,28834,41,0,16,0,100,,28835,41,0,16,0,100,,28836,41,0,16,0,100,,28837,41,0,16,0,100,,28838,41,0,16,0
722502,'1354',612,,28839,41,0,16,0,100,,28840,41,0,16,0,100,,28841,41,0,16,0,100,,28842,41,0,16,0,100,,28843,41,0,16,0,100,,28844,41,0,16,0,100,,28845,41,0,16,0,100,,28846,41,0,16,0,100,,28847,41,0,16,0,100,,28848,41,0,16,0,100,,28849,41,0,16,0,100,,28850,41,0,16,0,100,,28851,41,0,16,0,100,,28852,41,0,16,0,100,,28853,41,0,16,0,100,,28854,41,0,16,0,100,,28855,41,0,16,0,100,,28856,41,0,16,0
