647703,'1348',932,,26741,2,0,15,0,70,,26740,2,0,15,0,30,,26739,2,0,15,0,70,,26738,2,0,15,0,30,,26737,2,0,15,0,70,,26736,2,0,15,0,30,,26735,2,0,15,0,70,,26734,2,0,15,0,30,,26733,2,0,15,0,70,,26732,2,0,15,0,30,,26731,2,0,15,0,70,,26730,2,0,15,0,30,,26729,2,0,15,0,70,,26728,2,0,15,0,30,,26727,2,0,15,0,70,,26726,2,0,15,0,30,,26725,2,0,15,0,100,,26724,2,0,15,0,100,,26723,2,0,15,0
647703,'1349',832,,26742,2,0,15,0,70,,26743,2,0,15,0,30,,26744,2,0,15,0,70,,26745,2,0,15,0,30,,26746,2,0,15,0,70,,26747,2,0,15,0,30,,26748,2,0,15,0,70,,26749,2,0,15,0,30,,26750,2,0,15,0,70,,26751,2,0,15,0,30,,26752,2,0,15,0,70,,26753,2,0,15,0,30,,26754,2,0,15,0,70,,26755,2,0,15,0,30,,26756,2,0,15,0,70,,26757,2,0,15,0,30,,26758,2,0,15,0,70,,26759,2,0,15,0,30,,26760,2,0,15,0,70,,26761,2,0,15,0,30,,26762,2,0,15,0,70,,26763,2,0,15,0,30,,26764,2,0,15,0,100,,26765,2,0,15,0,100,,26766,2,0,15,0,100,,26767,2,0,15,0
647703,'1350',632,,26768,2,0,15,0,70,,26769,2,0,15,0,30,,26770,2,0,15,0,70,,26771,2,0,15,0,30,,26772,2,0,15,0,70,,26773,2,0,15,0,30,,26774,2,0,15,0,70,,26775,2,0,15,0,30,,26776,2,0,15,0,70,,26777,2,0,15,0,30,,26778,2,0,15,0,70,,26779,2,0,15,0,30,,26780,2,0,15,0,70,,26781,2,0,15,0,30,,26782,2,0,15,0,70,,26783,2,0,15,0,30,,26784,2,0,15,0,70,,26785,2,0,15,0,30,,26786,2,0,15,0,70,,26787,2,0,15,0,30,,26788,2,0,15,0,70,,26789,2,0,15,0,30,,26790,2,0,15,0,70,,26791,2,0,15,0,30,,26792,2,0,15,0,70,,26793,2,0,15,0,30,,26794,2,0,15,0,70,,26795,2,0,15,0,30,,26796,2,0,15,0,100,,26797,2,0,15,0,100,,26798,2,0,15,0,100,,26799,2,0,15,0
647703,'1351',632,,26800,2,0,15,0,70,,26801,2,0,15,0,30,,26802,2,0,15,0,70,,26803,2,0,15,0,30,,26804,2,0,15,0,70,,26805,2,0,15,0,30,,26806,2,0,15,0,70,,26807,2,0,15,0,30,,26808,2,0,15,0,70,,26809,2,0,15,0,30,,26810,2,0,15,0,70,,26811,2,0,15,0,30,,26812,2,0,15,0,70,,26813,2,0,15,0,30,,26814,2,0,15,0,70,,26815,2,0,15,0,30,,26816,2,0,15,0,70,,26817,2,0,15,0,30,,26818,2,0,15,0,70,,26819,2,0,15,0,30,,26820,2,0,15,0,70,,26821,2,0,15,0,30,,26822,2,0,15,0,70,,26823,2,0,15,0,30,,26824,2,0,15,0,70,,26825,2,0,15,0,30,,26826,2,0,15,0,70,,26827,2,0,15,0,30,,26828,2,0,15,0,100,,26829,2,0,15,0,100,,26830,2,0,15,0,100,,26831,2,0,15,0
647703,'1352',632,,26832,2,0,15,0,70,,26833,2,0,15,0,30,,26834,2,0,15,0,70,,26835,2,0,15,0,30,,26836,2,0,15,0,70,,26837,2,0,15,0,30,,26838,2,0,15,0,70,,26839,2,0,15,0,30,,26840,2,0,15,0,70,,26841,2,0,15,0,30,,26842,2,0,15,0,70,,26843,2,0,15,0,30,,26844,2,0,15,0,70,,26845,2,0,15,0,30,,26846,2,0,15,0,70,,26847,2,0,15,0,30,,26848,2,0,15,0,70,,26849,2,0,15,0,30,,26850,2,0,15,0,70,,26851,2,0,15,0,30,,26852,2,0,15,0,70,,26853,2,0,15,0,30,,26854,2,0,15,0,70,,26855,2,0,15,0,30,,26856,2,0,15,0,70,,26857,2,0,15,0,30,,26858,2,0,15,0,70,,26859,2,0,15,0,30,,26860,2,0,15,0,100,,26861,2,0,15,0,100,,26862,2,0,15,0,100,,26863,2,0,15,0
647703,'1353',632,,26864,2,0,15,0,70,,26865,2,0,15,0,30,,26866,2,0,15,0,70,,26867,2,0,15,0,30,,26868,2,0,15,0,70,,26869,2,0,15,0,30,,26870,2,0,15,0,70,,26871,2,0,15,0,30,,26872,2,0,15,0,70,,26873,2,0,15,0,30,,26874,2,0,15,0,70,,26875,2,0,15,0,30,,26876,2,0,15,0,70,,26877,2,0,15,0,30,,26878,2,0,15,0,70,,26879,2,0,15,0,30,,26880,2,0,15,0,70,,26881,2,0,15,0,30,,26882,2,0,15,0,70,,26883,2,0,15,0,30,,26884,2,0,15,0,70,,26885,2,0,15,0,30,,26886,2,0,15,0,70,,26887,2,0,15,0,30,,26888,2,0,15,0,70,,26889,2,0,15,0,30,,26890,2,0,15,0,70,,26891,2,0,15,0,30,,26892,2,0,15,0,100,,26893,2,0,15,0,100,,26894,2,0,15,0,100,,26895,2,0,15,0
647703,'1354',632,,26896,2,0,15,0,70,,26897,2,0,15,0,30,,26898,2,0,15,0,70,,26899,2,0,15,0,30,,26900,2,0,15,0,70,,26901,2,0,15,0,30,,26902,2,0,15,0,70,,26903,2,0,15,0,30,,26904,2,0,15,0,70,,26905,2,0,15,0,30,,26906,2,0,15,0,70,,26907,2,0,15,0,30,,26908,2,0,15,0,70,,26909,2,0,15,0,30,,26910,2,0,15,0,70,,26911,2,0,15,0,30,,26912,2,0,15,0,70,,26913,2,0,15,0,30,,26914,2,0,15,0,70,,26915,2,0,15,0,30,,26916,2,0,15,0,70,,26917,2,0,15,0,30,,26918,2,0,15,0,70,,26919,2,0,15,0,30,,26920,2,0,15,0,70,,26921,2,0,15,0,30,,26922,2,0,15,0,70,,26923,2,0,15,0,30,,26924,2,0,15,0,100,,26925,2,0,15,0,100,,26926,2,0,15,0,100,,26927,2,0,15,0
721203,'1348',946,,27146,2,0,15,0,85,,27145,2,0,15,0,85,,27144,2,0,15,0,85,,27143,2,0,15,0,45,,27142,2,0,15,0,85,,27141,2,0,15,0,85,,27140,2,0,15,0,85,,27139,2,0,15,0,45,,27138,2,0,15,0,85,,27137,2,0,15,0,85,,27136,2,0,15,0,85,,27135,2,0,15,0,45,,27134,2,0,15,0,85,,27133,2,0,15,0
721203,'1349',646,,27147,2,0,15,0,85,,27148,2,0,15,0,85,,27149,2,0,15,0,85,,27150,2,0,15,0,45,,27151,2,0,15,0,85,,27152,2,0,15,0,70,,27153,2,0,15,0,30,,27154,2,0,15,0,70,,27155,2,0,15,0,30,,27156,2,0,15,0,70,,27157,2,0,15,0,30,,27158,2,0,15,0,70,,27159,2,0,15,0,30,,27160,2,0,15,0,70,,27161,2,0,15,0,30,,27162,2,0,15,0,70,,27163,2,0,15,0,30,,27164,2,0,15,0,70,,27165,2,0,15,0,30,,27166,2,0,15,0,70,,27167,2,0,15,0,30,,27168,2,0,15,0,85,,27169,2,0,15,0,85,,27170,2,0,15,0,45,,27171,2,0,15,0,85,,27172,2,0,15,0,85,,27173,2,0,15,0,85,,27174,2,0,15,0
721203,'1350',616,,27175,2,0,15,0,30,,27176,2,0,15,0,70,,27177,2,0,15,0,30,,27178,2,0,15,0,55,,27179,2,0,15,0,15,,27180,2,0,15,0,15,,27181,2,0,15,0,15,,27182,2,0,15,0,70,,27183,2,0,15,0,30,,27184,2,0,15,0,70,,27185,2,0,15,0,30,,27186,2,0,15,0,70,,27187,2,0,15,0,30,,27188,2,0,15,0,70,,27189,2,0,15,0,30,,27190,2,0,15,0,70,,27191,2,0,15,0,30,,27192,2,0,15,0,70,,27193,2,0,15,0,30,,27194,2,0,15,0,55,,27195,2,0,15,0,15,,27196,2,0,15,0,15,,27197,2,0,15,0,15,,27198,2,0,15,0,70,,27199,2,0,15,0,30,,27200,2,0,15,0,70,,27201,2,0,15,0,30,,27202,2,0,15,0,70,,27203,2,0,15,0,30,,27204,2,0,15,0,85,,27205,2,0,15,0,85,,27206,2,0,15,0,85,,27207,2,0,15,0,45,,27208,2,0,15,0,85,,27209,2,0,15,0,85,,27210,2,0,15,0
721203,'1351',616,,27211,2,0,15,0,30,,27212,2,0,15,0,70,,27213,2,0,15,0,30,,27214,2,0,15,0,55,,27215,2,0,15,0,15,,27216,2,0,15,0,15,,27217,2,0,15,0,15,,27218,2,0,15,0,70,,27219,2,0,15,0,30,,27220,2,0,15,0,70,,27221,2,0,15,0,30,,27222,2,0,15,0,70,,27223,2,0,15,0,30,,27224,2,0,15,0,70,,27225,2,0,15,0,30,,27226,2,0,15,0,70,,27227,2,0,15,0,30,,27228,2,0,15,0,70,,27229,2,0,15,0,30,,27230,2,0,15,0,55,,27231,2,0,15,0,15,,27232,2,0,15,0,15,,27233,2,0,15,0,15,,27234,2,0,15,0,70,,27235,2,0,15,0,30,,27236,2,0,15,0,70,,27237,2,0,15,0,30,,27238,2,0,15,0,70,,27239,2,0,15,0,30,,27240,2,0,15,0,85,,27241,2,0,15,0,85,,27242,2,0,15,0,85,,27243,2,0,15,0,45,,27244,2,0,15,0,85,,27245,2,0,15,0,85,,27246,2,0,15,0
721203,'1352',616,,27247,2,0,15,0,30,,27248,2,0,15,0,70,,27249,2,0,15,0,30,,27250,2,0,15,0,55,,27251,2,0,15,0,15,,27252,2,0,15,0,15,,27253,2,0,15,0,15,,27254,2,0,15,0,70,,27255,2,0,15,0,30,,27256,2,0,15,0,70,,27257,2,0,15,0,30,,27258,2,0,15,0,70,,27259,2,0,15,0,30,,27260,2,0,15,0,70,,27261,2,0,15,0,30,,27262,2,0,15,0,70,,27263,2,0,15,0,30,,27264,2,0,15,0,70,,27265,2,0,15,0,30,,27266,2,0,15,0,55,,27267,2,0,15,0,15,,27268,2,0,15,0,15,,27269,2,0,15,0,15,,27270,2,0,15,0,70,,27271,2,0,15,0,30,,27272,2,0,15,0,70,,27273,2,0,15,0,30,,27274,2,0,15,0,70,,27275,2,0,15,0,30,,27276,2,0,15,0,85,,27277,2,0,15,0,85,,27278,2,0,15,0,85,,27279,2,0,15,0,45,,27280,2,0,15,0,85,,27281,2,0,15,0,85,,27282,2,0,15,0
721203,'1353',616,,27283,2,0,15,0,30,,27284,2,0,15,0,70,,27285,2,0,15,0,30,,27286,2,0,15,0,55,,27287,2,0,15,0,15,,27288,2,0,15,0,15,,27289,2,0,15,0,15,,27290,2,0,15,0,70,,27291,2,0,15,0,30,,27292,2,0,15,0,70,,27293,2,0,15,0,30,,27294,2,0,15,0,70,,27295,2,0,15,0,30,,27296,2,0,15,0,70,,27297,2,0,15,0,30,,27298,2,0,15,0,70,,27299,2,0,15,0,30,,27300,2,0,15,0,70,,27301,2,0,15,0,30,,27302,2,0,15,0,55,,27303,2,0,15,0,15,,27304,2,0,15,0,15,,27305,2,0,15,0,15,,27306,2,0,15,0,70,,27307,2,0,15,0,30,,27308,2,0,15,0,70,,27309,2,0,15,0,30,,27310,2,0,15,0,70,,27311,2,0,15,0,30,,27312,2,0,15,0,85,,27313,2,0,15,0,85,,27314,2,0,15,0,85,,27315,2,0,15,0,45,,27316,2,0,15,0,85,,27317,2,0,15,0,85,,27318,2,0,15,0
721203,'1354',616,,27319,2,0,15,0,30,,27320,2,0,15,0,70,,27321,2,0,15,0,30,,27322,2,0,15,0,55,,27323,2,0,15,0,15,,27324,2,0,15,0,15,,27325,2,0,15,0,15,,27326,2,0,15,0,70,,27327,2,0,15,0,30,,27328,2,0,15,0,70,,27329,2,0,15,0,30,,27330,2,0,15,0,70,,27331,2,0,15,0,30,,27332,2,0,15,0,70,,27333,2,0,15,0,30,,27334,2,0,15,0,70,,27335,2,0,15,0,30,,27336,2,0,15,0,70,,27337,2,0,15,0,30,,27338,2,0,15,0,55,,27339,2,0,15,0,15,,27340,2,0,15,0,15,,27341,2,0,15,0,15,,27342,2,0,15,0,70,,27343,2,0,15,0,30,,27344,2,0,15,0,70,,27345,2,0,15,0,30,,27346,2,0,15,0,70,,27347,2,0,15,0,30,,27348,2,0,15,0,85,,27349,2,0,15,0,85,,27350,2,0,15,0,85,,27351,2,0,15,0,45,,27352,2,0,15,0,85,,27353,2,0,15,0,85,,27354,2,0,15,0
721501,'1348',934,,28342,28,0,17,0,100,,28341,28,0,17,0,100,,28333,28,0,17,0,100,,28332,28,0,17,0,100,,28338,28,0,17,0,100,,28337,28,0,17,0,100,,28336,28,0,17,0,100,,28335,28,0,17,0,100,,28334,28,0,17,0,100,,28340,28,0,17,0,100,,28339,28,0,17,0
721501,'1349',734,,28343,28,0,17,0,100,,28344,28,0,17,0,100,,28345,28,0,17,0,100,,28346,28,0,17,0,100,,28347,28,0,17,0,100,,28348,28,0,17,0,70,,28349,28,0,17,0,30,,28350,28,0,17,0,70,,28351,28,0,17,0,30,,28352,28,0,17,0,70,,28353,28,0,17,0,30,,28354,28,0,17,0,70,,28355,28,0,17,0,30,,28356,28,0,17,0,70,,28357,28,0,17,0,30,,28358,28,0,17,0,70,,28359,28,0,17,0,30,,28360,28,0,17,0,100,,28361,28,0,17,0
721501,'1350',734,,28362,28,0,17,0,70,,28363,28,0,17,0,30,,28364,28,0,17,0,70,,28365,28,0,17,0,30,,28366,28,0,17,0,70,,28367,28,0,17,0,30,,28368,28,0,17,0,70,,28369,28,0,17,0,30,,28370,28,0,17,0,70,,28371,28,0,17,0,30,,28372,28,0,17,0,70,,28373,28,0,17,0,30,,28374,28,0,17,0,70,,28375,28,0,17,0,30,,28376,28,0,17,0,70,,28377,28,0,17,0,30,,28378,28,0,17,0,70,,28379,28,0,17,0,30,,28380,28,0,17,0,70,,28381,28,0,17,0,30,,28382,28,0,17,0,70,,28383,28,0,17,0,30,,28384,28,0,17,0,70,,28385,28,0,17,0,30,,28386,28,0,17,0,100,,28387,28,0,17,0,100,,28388,28,0,17,0,100,,28389,28,0,17,0
721501,'1351',734,,28390,28,0,17,0,70,,28391,28,0,17,0,30,,28392,28,0,17,0,70,,28393,28,0,17,0,30,,28394,28,0,17,0,70,,28395,28,0,17,0,30,,28396,28,0,17,0,70,,28397,28,0,17,0,30,,28398,28,0,17,0,70,,28399,28,0,17,0,30,,28400,28,0,17,0,70,,28401,28,0,17,0,30,,28402,28,0,17,0,70,,28403,28,0,17,0,30,,28404,28,0,17,0,70,,28405,28,0,17,0,30,,28406,28,0,17,0,70,,28407,28,0,17,0,30,,28408,28,0,17,0,70,,28409,28,0,17,0,30,,28410,28,0,17,0,70,,28411,28,0,17,0,30,,28412,28,0,17,0,70,,28413,28,0,17,0,30,,28414,28,0,17,0,100,,28415,28,0,17,0,100,,28416,28,0,17,0,100,,28417,28,0,17,0
721501,'1352',734,,28418,28,0,17,0,70,,28419,28,0,17,0,30,,28420,28,0,17,0,70,,28421,28,0,17,0,30,,28422,28,0,17,0,70,,28423,28,0,17,0,30,,28424,28,0,17,0,70,,28425,28,0,17,0,30,,28426,28,0,17,0,70,,28427,28,0,17,0,30,,28428,28,0,17,0,70,,28429,28,0,17,0,30,,28430,28,0,17,0,70,,28431,28,0,17,0,30,,28432,28,0,17,0,70,,28433,28,0,17,0,30,,28434,28,0,17,0,70,,28435,28,0,17,0,30,,28436,28,0,17,0,70,,28437,28,0,17,0,30,,28438,28,0,17,0,70,,28439,28,0,17,0,30,,28440,28,0,17,0,70,,28441,28,0,17,0,30,,28442,28,0,17,0,100,,28443,28,0,17,0,100,,28444,28,0,17,0,100,,28445,28,0,17,0
721501,'1353',734,,28446,28,0,17,0,70,,28447,28,0,17,0,30,,28448,28,0,17,0,70,,28449,28,0,17,0,30,,28450,28,0,17,0,70,,28451,28,0,17,0,30,,28452,28,0,17,0,70,,28453,28,0,17,0,30,,28454,28,0,17,0,70,,28455,28,0,17,0,30,,28456,28,0,17,0,70,,28457,28,0,17,0,30,,28458,28,0,17,0,70,,28459,28,0,17,0,30,,28460,28,0,17,0,70,,28461,28,0,17,0,30,,28462,28,0,17,0,70,,28463,28,0,17,0,30,,28464,28,0,17,0,70,,28465,28,0,17,0,30,,28466,28,0,17,0,70,,28467,28,0,17,0,30,,28468,28,0,17,0,70,,28469,28,0,17,0,30,,28470,28,0,17,0,100,,28471,28,0,17,0,100,,28472,28,0,17,0,100,,28473,28,0,17,0
721501,'1354',734,,28474,28,0,17,0,70,,28475,28,0,17,0,30,,28476,28,0,17,0,70,,28477,28,0,17,0,30,,28478,28,0,17,0,70,,28479,28,0,17,0,30,,28480,28,0,17,0,70,,28481,28,0,17,0,30,,28482,28,0,17,0,70,,28483,28,0,17,0,30,,28484,28,0,17,0,70,,28485,28,0,17,0,30,,28486,28,0,17,0,70,,28487,28,0,17,0,30,,28488,28,0,17,0,70,,28489,28,0,17,0,30,,28490,28,0,17,0,70,,28491,28,0,17,0,30,,28492,28,0,17,0,70,,28493,28,0,17,0,30,,28494,28,0,17,0,70,,28495,28,0,17,0,30,,28496,28,0,17,0,70,,28497,28,0,17,0,30,,28498,28,0,17,0,100,,28499,28,0,17,0,100,,28500,28,0,17,0,100,,28501,28,0,17,0
721502,'1348',929,,28512,28,0,16,0,100,,28511,28,0,16,0,100,,28510,28,0,16,0,100,,28509,28,0,16,0,100,,28508,28,0,16,0,100,,28507,28,0,16,0,100,,28506,28,0,16,0,100,,28505,28,0,16,0,100,,28504,28,0,16,0,100,,28503,28,0,16,0,100,,28502,28,0,16,0
721502,'1349',729,,28513,28,0,16,0,100,,28514,28,0,16,0,100,,28515,28,0,16,0,100,,28516,28,0,16,0,100,,28517,28,0,16,0,100,,28518,28,0,16,0,100,,28519,28,0,16,0,30,,28520,28,0,16,0,70,,28521,28,0,16,0,30,,28522,28,0,16,0,70,,28523,28,0,16,0,30,,28524,28,0,16,0,70,,28525,28,0,16,0,30,,28526,28,0,16,0,70,,28527,28,0,16,0,30,,28528,28,0,16,0,70,,28529,28,0,16,0,30,,28530,28,0,16,0,70,,28531,28,0,16,0
721502,'1350',729,,28533,28,0,16,0,30,,28534,28,0,16,0,70,,28535,28,0,16,0,30,,28536,28,0,16,0,70,,28537,28,0,16,0,30,,28538,28,0,16,0,70,,28539,28,0,16,0,30,,28540,28,0,16,0,70,,28541,28,0,16,0,30,,28542,28,0,16,0,70,,28543,28,0,16,0,30,,28544,28,0,16,0,70,,28545,28,0,16,0,30,,28546,28,0,16,0,70,,28547,28,0,16,0,30,,28548,28,0,16,0,70,,28549,28,0,16,0,30,,28550,28,0,16,0,70,,28551,28,0,16,0,30,,28552,28,0,16,0,70,,28553,28,0,16,0,30,,28554,28,0,16,0,70,,28555,28,0,16,0,30,,28556,28,0,16,0,70,,28557,28,0,16,0,100,,28558,28,0,16,0,100,,28559,28,0,16,0,100,,28560,28,0,16,0
721502,'1351',729,,28562,28,0,16,0,30,,28563,28,0,16,0,70,,28564,28,0,16,0,30,,28565,28,0,16,0,70,,28566,28,0,16,0,30,,28567,28,0,16,0,70,,28568,28,0,16,0,30,,28569,28,0,16,0,70,,28570,28,0,16,0,30,,28571,28,0,16,0,70,,28572,28,0,16,0,30,,28573,28,0,16,0,70,,28574,28,0,16,0,30,,28575,28,0,16,0,70,,28576,28,0,16,0,30,,28577,28,0,16,0,70,,28578,28,0,16,0,30,,28579,28,0,16,0,70,,28580,28,0,16,0,30,,28581,28,0,16,0,70,,28582,28,0,16,0,30,,28583,28,0,16,0,70,,28584,28,0,16,0,30,,28585,28,0,16,0,70,,28586,28,0,16,0,100,,28587,28,0,16,0,100,,28588,28,0,16,0,100,,28589,28,0,16,0
721502,'1352',729,,28591,28,0,16,0,30,,28592,28,0,16,0,70,,28593,28,0,16,0,30,,28594,28,0,16,0,70,,28595,28,0,16,0,30,,28596,28,0,16,0,70,,28597,28,0,16,0,30,,28598,28,0,16,0,70,,28599,28,0,16,0,30,,28600,28,0,16,0,70,,28601,28,0,16,0,30,,28602,28,0,16,0,70,,28603,28,0,16,0,30,,28604,28,0,16,0,70,,28605,28,0,16,0,30,,28606,28,0,16,0,70,,28607,28,0,16,0,30,,28608,28,0,16,0,70,,28609,28,0,16,0,30,,28610,28,0,16,0,70,,28611,28,0,16,0,30,,28612,28,0,16,0,70,,28613,28,0,16,0,30,,28614,28,0,16,0,70,,28615,28,0,16,0,100,,28616,28,0,16,0,100,,28617,28,0,16,0,100,,28618,28,0,16,0
721502,'1353',729,,28620,28,0,16,0,30,,28621,28,0,16,0,70,,28622,28,0,16,0,30,,28623,28,0,16,0,70,,28624,28,0,16,0,30,,28625,28,0,16,0,70,,28626,28,0,16,0,30,,28627,28,0,16,0,70,,28628,28,0,16,0,30,,28629,28,0,16,0,70,,28630,28,0,16,0,30,,28631,28,0,16,0,70,,28632,28,0,16,0,30,,28633,28,0,16,0,70,,28634,28,0,16,0,30,,28635,28,0,16,0,70,,28636,28,0,16,0,30,,28637,28,0,16,0,70,,28638,28,0,16,0,30,,28639,28,0,16,0,70,,28640,28,0,16,0,30,,28641,28,0,16,0,70,,28642,28,0,16,0,30,,28643,28,0,16,0,70,,28644,28,0,16,0,100,,28645,28,0,16,0,100,,28646,28,0,16,0,100,,28647,28,0,16,0
721502,'1354',729,,28649,28,0,16,0,30,,28650,28,0,16,0,70,,28651,28,0,16,0,30,,28652,28,0,16,0,70,,28653,28,0,16,0,30,,28654,28,0,16,0,70,,28655,28,0,16,0,30,,28656,28,0,16,0,70,,28657,28,0,16,0,30,,28658,28,0,16,0,70,,28659,28,0,16,0,30,,28660,28,0,16,0,70,,28661,28,0,16,0,30,,28662,28,0,16,0,70,,28663,28,0,16,0,30,,28664,28,0,16,0,70,,28665,28,0,16,0,30,,28666,28,0,16,0,70,,28667,28,0,16,0,30,,28668,28,0,16,0,70,,28669,28,0,16,0,30,,28670,28,0,16,0,70,,28671,28,0,16,0,30,,28672,28,0,16,0,70,,28673,28,0,16,0,100,,28674,28,0,16,0,100,,28675,28,0,16,0,100,,28676,28,0,16,0
