2000,'1355',917,,31704,3,,,0
2000,'1356',617,,31750,3,,,0
2000,'1357',542,,31760,3,,,0
2000,'1358',542,,31808,3,,,0
2000,'1359',542,,31856,3,,,0
2000,'1360',542,,31904,3,,,0
2000,'1361',542,,31952,3,,,0
2001,'1355',1002,,32005,71,,,0,45,,32004,71,,,0,85,,32003,71,,,0,85,,32002,71,,,0,85,,32001,71,,,0,45,,32000,71,,,0,85,,31999,71,,,0,85,,31998,71,,,0,85,,31997,71,,,0,45,,31996,71,,,0,87,,31995,71,,,0,83,,31994,71,,,0,85,,31993,71,,,0,45,,31992,71,,,0,85,,31991,71,,,0
2001,'1356',702,,32023,71,,,0,45,,32024,71,,,0,85,,32025,71,,,0,85,,32026,71,,,0,39,,32006,71,,,0,70,,32007,71,,,0,30,,32008,71,,,0,70,,32009,71,,,0,80,,32010,71,,,0,30,,32011,71,,,0,70,,32012,71,,,0,30,,32013,71,,,0,80,,32014,71,,,0,30,,32015,71,,,0,70,,32016,71,,,0,30,,32017,71,,,0,80,,32018,71,,,0,30,,32019,71,,,0,70,,32020,71,,,0,30,,32021,71,,,0,80,,32022,71,,,0,76,,32027,71,,,0,45,,32028,71,,,0,85,,32029,71,,,0,85,,32030,71,,,0,85,,32031,71,,,0,45,,32032,71,,,0,85,,32033,71,,,0,85,,32034,71,,,0,85,,32035,71,,,0
2001,'1357',642,,32036,71,,,0,60,,32037,71,,,0,20,,32038,71,,,0,20,,32039,71,,,0,60,,32040,71,,,0,20,,32041,71,,,0,20,,32042,71,,,0,60,,32043,71,,,0,20,,32044,71,,,0,20,,32045,71,,,0,60,,32046,71,,,0,20,,32047,71,,,0,20,,32048,71,,,0,60,,32049,71,,,0,20,,32050,71,,,0,20,,32051,71,,,0,60,,32052,71,,,0,20,,32053,71,,,0,20,,32054,71,,,0,60,,32055,71,,,0,20,,32056,71,,,0,20,,32057,71,,,0,60,,32058,71,,,0,20,,32059,71,,,0,20,,32060,71,,,0,60,,32061,71,,,0,20,,32062,71,,,0,20,,32063,71,,,0,60,,32064,71,,,0,20,,32065,71,,,0,20,,32066,71,,,0,60,,32067,71,,,0,20,,32068,71,,,0,20,,32069,71,,,0,60,,32070,71,,,0,20,,32071,71,,,0,20,,32072,71,,,0,60,,32073,71,,,0,45,,32074,71,,,0,85,,32075,71,,,0,85,,32076,71,,,0,85,,32077,71,,,0,45,,32078,71,,,0,85,,32079,71,,,0,85,,32080,71,,,0,85,,32081,71,,,0,45,,32082,71,,,0
2001,'1358',642,,32083,71,,,0,60,,32084,71,,,0,20,,32085,71,,,0,20,,32086,71,,,0,60,,32087,71,,,0,20,,32088,71,,,0,20,,32089,71,,,0,60,,32090,71,,,0,20,,32091,71,,,0,20,,32092,71,,,0,60,,32093,71,,,0,20,,32094,71,,,0,20,,32095,71,,,0,60,,32096,71,,,0,20,,32097,71,,,0,20,,32098,71,,,0,60,,32099,71,,,0,20,,32100,71,,,0,20,,32101,71,,,0,60,,32102,71,,,0,20,,32103,71,,,0,20,,32104,71,,,0,60,,32105,71,,,0,20,,32106,71,,,0,20,,32107,71,,,0,60,,32108,71,,,0,20,,32109,71,,,0,20,,32110,71,,,0,60,,32111,71,,,0,20,,32112,71,,,0,20,,32113,71,,,0,60,,32114,71,,,0,20,,32115,71,,,0,20,,32116,71,,,0,60,,32117,71,,,0,20,,32118,71,,,0,20,,32119,71,,,0,60,,32120,71,,,0,45,,32121,71,,,0,85,,32122,71,,,0,85,,32123,71,,,0,85,,32124,71,,,0,45,,32125,71,,,0,85,,32126,71,,,0,85,,32127,71,,,0,85,,32128,71,,,0,45,,32129,71,,,0
2001,'1359',642,,32130,71,,,0,60,,32131,71,,,0,20,,32132,71,,,0,20,,32133,71,,,0,60,,32134,71,,,0,20,,32135,71,,,0,20,,32136,71,,,0,60,,32137,71,,,0,20,,32138,71,,,0,20,,32139,71,,,0,60,,32140,71,,,0,20,,32141,71,,,0,20,,32142,71,,,0,60,,32143,71,,,0,20,,32144,71,,,0,20,,32145,71,,,0,60,,32146,71,,,0,20,,32147,71,,,0,20,,32148,71,,,0,60,,32149,71,,,0,20,,32150,71,,,0,20,,32151,71,,,0,60,,32152,71,,,0,20,,32153,71,,,0,20,,32154,71,,,0,60,,32155,71,,,0,20,,32156,71,,,0,20,,32157,71,,,0,60,,32158,71,,,0,20,,32159,71,,,0,20,,32160,71,,,0,60,,32161,71,,,0,20,,32162,71,,,0,20,,32163,71,,,0,60,,32164,71,,,0,20,,32165,71,,,0,20,,32166,71,,,0,60,,32167,71,,,0,45,,32168,71,,,0,85,,32169,71,,,0,85,,32170,71,,,0,85,,32171,71,,,0,45,,32172,71,,,0,85,,32173,71,,,0,85,,32174,71,,,0,85,,32175,71,,,0,45,,32176,71,,,0
2001,'1360',642,,32177,71,,,0,60,,32178,71,,,0,20,,32179,71,,,0,20,,32180,71,,,0,60,,32181,71,,,0,20,,32182,71,,,0,20,,32183,71,,,0,60,,32184,71,,,0,20,,32185,71,,,0,20,,32186,71,,,0,60,,32187,71,,,0,20,,32188,71,,,0,20,,32189,71,,,0,60,,32190,71,,,0,20,,32191,71,,,0,20,,32192,71,,,0,60,,32193,71,,,0,20,,32194,71,,,0,20,,32195,71,,,0,60,,32196,71,,,0,20,,32197,71,,,0,20,,32198,71,,,0,60,,32199,71,,,0,20,,32200,71,,,0,20,,32201,71,,,0,60,,32202,71,,,0,20,,32203,71,,,0,20,,32204,71,,,0,60,,32205,71,,,0,20,,32206,71,,,0,20,,32207,71,,,0,60,,32208,71,,,0,20,,32209,71,,,0,20,,32210,71,,,0,60,,32211,71,,,0,20,,32212,71,,,0,20,,32213,71,,,0,60,,32214,71,,,0,45,,32215,71,,,0,85,,32216,71,,,0,85,,32217,71,,,0,85,,32218,71,,,0,45,,32219,71,,,0,85,,32220,71,,,0,85,,32221,71,,,0,85,,32222,71,,,0,45,,32223,71,,,0
2001,'1361',642,,32224,71,,,0,60,,32225,71,,,0,20,,32226,71,,,0,20,,32227,71,,,0,60,,32228,71,,,0,20,,32229,71,,,0,20,,32230,71,,,0,60,,32231,71,,,0,20,,32232,71,,,0,20,,32233,71,,,0,60,,32234,71,,,0,20,,32235,71,,,0,20,,32236,71,,,0,60,,32237,71,,,0,20,,32238,71,,,0,20,,32239,71,,,0,60,,32240,71,,,0,20,,32241,71,,,0,20,,32242,71,,,0,60,,32243,71,,,0,20,,32244,71,,,0,20,,32245,71,,,0,60,,32246,71,,,0,20,,32247,71,,,0,20,,32248,71,,,0,60,,32249,71,,,0,20,,32250,71,,,0,20,,32251,71,,,0,60,,32252,71,,,0,20,,32253,71,,,0,20,,32254,71,,,0,60,,32255,71,,,0,20,,32256,71,,,0,20,,32257,71,,,0,60,,32258,71,,,0,20,,32259,71,,,0,20,,32260,71,,,0,60,,32261,71,,,0,45,,32262,71,,,0,85,,32263,71,,,0,85,,32264,71,,,0,85,,32265,71,,,0,45,,32266,71,,,0,85,,32267,71,,,0,85,,32268,71,,,0,85,,32269,71,,,0,45,,32270,71,,,0
