721303,'1327',853,,5949,22,0,6,0,80,,5948,22,0,6,0,80,,5947,22,0,6,0,40,,5946,22,0,6,0,80,,5945,22,0,6,0,80,,5944,22,0,6,0,40,,5943,22,0,6,0,80,,5942,22,0,6,0,80,,5941,22,0,6,0,40,,5940,22,0,6,0,80,,5939,22,0,6,0,80,,5938,22,0,6,0,40,,5937,22,0,6,0,80,,5936,22,0,6,0,80,,5935,22,0,6,0,40,,5934,22,0,6,0,80,,5933,22,0,6,0,80,,5932,22,0,6,0
721303,'1328',653,,5950,22,0,6,0,80,,5951,22,0,6,0,80,,5952,22,0,6,0,40,,5953,22,0,6,0,80,,5954,22,0,6,0,80,,5955,22,0,6,0,40,,5956,22,0,6,0,80,,5957,22,0,6,0,80,,5958,22,0,6,0,20,,5959,22,0,6,0,20,,5960,22,0,6,0,60,,5961,22,0,6,0,20,,5962,22,0,6,0,20,,5963,22,0,6,0,60,,5964,22,0,6,0,20,,5965,22,0,6,0,20,,5966,22,0,6,0,60,,5967,22,0,6,0,20,,5968,22,0,6,0,20,,5969,22,0,6,0,60,,5970,22,0,6,0,20,,5971,22,0,6,0,20,,5972,22,0,6,0,60,,5973,22,0,6,0,20,,5974,22,0,6,0,20,,5975,22,0,6,0,60,,5976,22,0,6,0,20,,5977,22,0,6,0,20,,5978,22,0,6,0,80,,5979,22,0,6,0,80,,5980,22,0,6,0,40,,5981,22,0,6,0,80,,5982,22,0,6,0,80,,5983,22,0,6,0,40,,5984,22,0,6,0,80,,5985,22,0,6,0
721303,'1329',632,,5986,23,0,6,0,85,,5987,23,0,6,0,20,,5988,23,0,6,0,65,,5989,23,0,6,0,20,,5990,23,0,6,0,25,,5991,23,0,6,0,60,,5992,23,0,6,0,25,,5993,23,0,6,0,20,,5994,23,0,6,0,65,,5995,23,0,6,0,20,,5996,23,0,6,0,65,,5997,23,0,6,0,20,,5998,23,0,6,0,25,,5999,23,0,6,0,60,,6000,23,0,6,0,25,,6001,23,0,6,0,20,,6002,23,0,6,0,65,,6003,23,0,6,0,20,,6004,23,0,6,0,65,,6005,23,0,6,0,20,,6006,23,0,6,0,25,,6007,23,0,6,0,60,,6008,23,0,6,0,25,,6009,23,0,6,0,20,,6010,23,0,6,0,65,,6011,23,0,6,0,20,,6012,23,0,6,0,65,,6013,23,0,6,0,20,,6014,23,0,6,0,25,,6015,23,0,6,0,60,,6016,23,0,6,0,25,,6017,23,0,6,0,20,,6018,23,0,6,0,66,,6019,23,0,6,0,35,,6020,22,0,6,0,80,,6021,22,0,6,0,80,,6022,22,0,6,0,40,,6023,22,0,6,0,80,,6024,22,0,6,0,80,,6025,22,0,6,0,40,,6026,22,0,6,0
721303,'1330',632,,6027,23,0,6,0,85,,6028,23,0,6,0,20,,6029,23,0,6,0,65,,6030,23,0,6,0,20,,6031,23,0,6,0,25,,6032,23,0,6,0,60,,6033,23,0,6,0,25,,6034,23,0,6,0,20,,6035,23,0,6,0,65,,6036,23,0,6,0,20,,6037,23,0,6,0,65,,6038,23,0,6,0,20,,6039,23,0,6,0,25,,6040,23,0,6,0,60,,6041,23,0,6,0,25,,6042,23,0,6,0,20,,6043,23,0,6,0,65,,6044,23,0,6,0,20,,6045,23,0,6,0,65,,6046,23,0,6,0,20,,6047,23,0,6,0,25,,6048,23,0,6,0,60,,6049,23,0,6,0,25,,6050,23,0,6,0,20,,6051,23,0,6,0,65,,6052,23,0,6,0,20,,6053,23,0,6,0,65,,6054,23,0,6,0,20,,6055,23,0,6,0,25,,6056,23,0,6,0,60,,6057,23,0,6,0,25,,6058,23,0,6,0,20,,6059,23,0,6,0,66,,6060,23,0,6,0,35,,6061,22,0,6,0,80,,6062,22,0,6,0,80,,6063,22,0,6,0,40,,6064,22,0,6,0,80,,6065,22,0,6,0,80,,6066,22,0,6,0,40,,6067,22,0,6,0
721303,'1331',632,,6068,23,0,6,0,85,,6069,23,0,6,0,20,,6070,23,0,6,0,65,,6071,23,0,6,0,20,,6072,23,0,6,0,25,,6073,23,0,6,0,60,,6074,23,0,6,0,25,,6075,23,0,6,0,20,,6076,23,0,6,0,65,,6077,23,0,6,0,20,,6078,23,0,6,0,65,,6079,23,0,6,0,20,,6080,23,0,6,0,25,,6081,23,0,6,0,60,,6082,23,0,6,0,25,,6083,23,0,6,0,20,,6084,23,0,6,0,65,,6085,23,0,6,0,20,,6086,23,0,6,0,65,,6087,23,0,6,0,20,,6088,23,0,6,0,25,,6089,23,0,6,0,60,,6090,23,0,6,0,25,,6091,23,0,6,0,20,,6092,23,0,6,0,65,,6093,23,0,6,0,20,,6094,23,0,6,0,65,,6095,23,0,6,0,20,,6096,23,0,6,0,25,,6097,23,0,6,0,60,,6098,23,0,6,0,25,,6099,23,0,6,0,20,,6100,23,0,6,0,66,,6101,23,0,6,0,35,,6102,22,0,6,0,80,,6103,22,0,6,0,80,,6104,22,0,6,0,40,,6105,22,0,6,0,80,,6106,22,0,6,0,80,,6107,22,0,6,0,40,,6108,22,0,6,0
721303,'1332',632,,6109,23,0,6,0,85,,6110,23,0,6,0,20,,6111,23,0,6,0,65,,6112,23,0,6,0,20,,6113,23,0,6,0,25,,6114,23,0,6,0,60,,6115,23,0,6,0,25,,6116,23,0,6,0,20,,6117,23,0,6,0,65,,6118,23,0,6,0,20,,6119,23,0,6,0,65,,6120,23,0,6,0,20,,6121,23,0,6,0,25,,6122,23,0,6,0,60,,6123,23,0,6,0,25,,6124,23,0,6,0,20,,6125,23,0,6,0,65,,6126,23,0,6,0,20,,6127,23,0,6,0,65,,6128,23,0,6,0,20,,6129,23,0,6,0,25,,6130,23,0,6,0,60,,6131,23,0,6,0,25,,6132,23,0,6,0,20,,6133,23,0,6,0,65,,6134,23,0,6,0,20,,6135,23,0,6,0,65,,6136,23,0,6,0,20,,6137,23,0,6,0,25,,6138,23,0,6,0,60,,6139,23,0,6,0,25,,6140,23,0,6,0,20,,6141,23,0,6,0,66,,6142,23,0,6,0,35,,6143,22,0,6,0,80,,6144,22,0,6,0,80,,6145,22,0,6,0,40,,6146,22,0,6,0,80,,6147,22,0,6,0,80,,6148,22,0,6,0,40,,6149,22,0,6,0
721303,'1333',632,,6150,23,0,6,0,85,,6151,23,0,6,0,20,,6152,23,0,6,0,65,,6153,23,0,6,0,20,,6154,23,0,6,0,25,,6155,23,0,6,0,60,,6156,23,0,6,0,25,,6157,23,0,6,0,20,,6158,23,0,6,0,65,,6159,23,0,6,0,20,,6160,23,0,6,0,65,,6161,23,0,6,0,20,,6162,23,0,6,0,25,,6163,23,0,6,0,60,,6164,23,0,6,0,25,,6165,23,0,6,0,20,,6166,23,0,6,0,65,,6167,23,0,6,0,20,,6168,23,0,6,0,65,,6169,23,0,6,0,20,,6170,23,0,6,0,25,,6171,23,0,6,0,60,,6172,23,0,6,0,25,,6173,23,0,6,0,20,,6174,23,0,6,0,65,,6175,23,0,6,0,20,,6176,23,0,6,0,65,,6177,23,0,6,0,20,,6178,23,0,6,0,25,,6179,23,0,6,0,60,,6180,23,0,6,0,25,,6181,23,0,6,0,20,,6182,23,0,6,0,66,,6183,23,0,6,0,35,,6184,22,0,6,0,80,,6185,22,0,6,0,80,,6186,22,0,6,0,40,,6187,22,0,6,0,80,,6188,22,0,6,0,80,,6189,22,0,6,0,40,,6190,22,0,6,0
722502,'1329',619,,7127,48,0,7,0,100,,7128,48,0,7,0,100,,7129,48,0,7,0,100,,7130,48,0,7,0,100,,7131,48,0,7,0,100,,7132,48,0,7,0,100,,7133,48,0,7,0,100,,7134,48,0,7,0,100,,7135,48,0,7,0,100,,7136,48,0,7,0,100,,7137,48,0,7,0,100,,7138,48,0,7,0,100,,7139,48,0,7,0,100,,7140,48,0,7,0,100,,7141,48,0,7,0,100,,7142,48,0,7,0,100,,7143,48,0,7,0,100,,7144,48,0,7,0
722502,'1330',619,,7145,48,0,7,0,100,,7146,48,0,7,0,100,,7147,48,0,7,0,100,,7148,48,0,7,0,100,,7149,48,0,7,0,100,,7150,48,0,7,0,100,,7151,48,0,7,0,100,,7152,48,0,7,0,100,,7153,48,0,7,0,100,,7154,48,0,7,0,100,,7155,48,0,7,0,100,,7156,48,0,7,0,100,,7157,48,0,7,0,100,,7158,48,0,7,0,100,,7159,48,0,7,0,100,,7160,48,0,7,0,100,,7161,48,0,7,0,100,,7162,48,0,7,0
722502,'1331',619,,7163,48,0,7,0,100,,7164,48,0,7,0,100,,7165,48,0,7,0,100,,7166,48,0,7,0,100,,7167,48,0,7,0,100,,7168,48,0,7,0,100,,7169,48,0,7,0,100,,7170,48,0,7,0,100,,7171,48,0,7,0,100,,7172,48,0,7,0,100,,7173,48,0,7,0,100,,7174,48,0,7,0,100,,7175,48,0,7,0,100,,7176,48,0,7,0,100,,7177,48,0,7,0,100,,7178,48,0,7,0,100,,7179,48,0,7,0,100,,7180,48,0,7,0
722502,'1332',619,,7181,48,0,7,0,100,,7182,48,0,7,0,100,,7183,48,0,7,0,100,,7184,48,0,7,0,100,,7185,48,0,7,0,100,,7186,48,0,7,0,100,,7187,48,0,7,0,100,,7188,48,0,7,0,100,,7189,48,0,7,0,100,,7190,48,0,7,0,100,,7191,48,0,7,0,100,,7192,48,0,7,0,100,,7193,48,0,7,0,100,,7194,48,0,7,0,100,,7195,48,0,7,0,100,,7196,48,0,7,0,100,,7197,48,0,7,0,100,,7198,48,0,7,0
722502,'1333',619,,7199,48,0,7,0,100,,7200,48,0,7,0,100,,7201,48,0,7,0,100,,7202,48,0,7,0,100,,7203,48,0,7,0,100,,7204,48,0,7,0,100,,7205,48,0,7,0,100,,7206,48,0,7,0,100,,7207,48,0,7,0,100,,7208,48,0,7,0,100,,7209,48,0,7,0,100,,7210,48,0,7,0,100,,7211,48,0,7,0,100,,7212,48,0,7,0,100,,7213,48,0,7,0,100,,7214,48,0,7,0,100,,7215,48,0,7,0,100,,7216,48,0,7,0
