2801,'1356',826,,32397,17,,,0,110,,32398,17,,,0,110,,32399,17,,,0,110,,32400,17,,,0,150,,32401,17,,,0,110,,32402,17,,,0,110,,32403,17,,,0,110,,32404,17,,,0,110,,32405,17,,,0,110,,32406,17,,,0
2801,'1357',651,,32407,17,,,0,75,,32408,17,,,0,75,,32409,17,,,0,35,,32410,17,,,0,75,,32411,17,,,0,35,,32412,17,,,0,75,,32413,17,,,0,35,,32414,17,,,0,75,,32415,17,,,0,75,,32416,17,,,0,35,,32417,17,,,0,75,,32418,17,,,0,35,,32419,17,,,0,75,,32420,17,,,0,75,,32421,17,,,0,35,,32422,17,,,0,75,,32423,17,,,0,35,,32424,17,,,0,75,,32425,17,,,0,35,,32426,17,,,0,75,,32427,17,,,0,75,,32428,17,,,0,35,,32429,17,,,0
2801,'1358',651,,32430,17,,,0,75,,32431,17,,,0,75,,32432,17,,,0,35,,32433,17,,,0,75,,32434,17,,,0,35,,32435,17,,,0,75,,32436,17,,,0,35,,32437,17,,,0,75,,32438,17,,,0,75,,32439,17,,,0,35,,32440,17,,,0,75,,32441,17,,,0,35,,32442,17,,,0,75,,32443,17,,,0,75,,32444,17,,,0,35,,32445,17,,,0,75,,32446,17,,,0,35,,32447,17,,,0,75,,32448,17,,,0,35,,32449,17,,,0,75,,32450,17,,,0,75,,32451,17,,,0,35,,32452,17,,,0
2801,'1359',651,,32453,17,,,0,75,,32454,17,,,0,75,,32455,17,,,0,35,,32456,17,,,0,75,,32457,17,,,0,35,,32458,17,,,0,75,,32459,17,,,0,35,,32460,17,,,0,75,,32461,17,,,0,75,,32462,17,,,0,35,,32463,17,,,0,75,,32464,17,,,0,35,,32465,17,,,0,75,,32466,17,,,0,75,,32467,17,,,0,35,,32468,17,,,0,75,,32469,17,,,0,35,,32470,17,,,0,75,,32471,17,,,0,35,,32472,17,,,0,75,,32473,17,,,0,75,,32474,17,,,0,35,,32475,17,,,0
2801,'1360',651,,32476,17,,,0,75,,32477,17,,,0,75,,32478,17,,,0,35,,32479,17,,,0,75,,32480,17,,,0,35,,32481,17,,,0,75,,32482,17,,,0,35,,32483,17,,,0,75,,32484,17,,,0,75,,32485,17,,,0,35,,32486,17,,,0,75,,32487,17,,,0,35,,32488,17,,,0,75,,32489,17,,,0,75,,32490,17,,,0,35,,32491,17,,,0,75,,32492,17,,,0,35,,32493,17,,,0,75,,32494,17,,,0,35,,32495,17,,,0,75,,32496,17,,,0,75,,32497,17,,,0,35,,32498,17,,,0
2801,'1361',651,,32499,17,,,0,75,,32500,17,,,0,75,,32501,17,,,0,35,,32502,17,,,0,75,,32503,17,,,0,35,,32504,17,,,0,75,,32505,17,,,0,35,,32506,17,,,0,75,,32507,17,,,0,75,,32508,17,,,0,35,,32509,17,,,0,75,,32510,17,,,0,35,,32511,17,,,0,75,,32512,17,,,0,75,,32513,17,,,0,35,,32514,17,,,0,75,,32515,17,,,0,35,,32516,17,,,0,75,,32517,17,,,0,35,,32518,17,,,0,75,,32519,17,,,0,75,,32520,17,,,0,35,,32521,17,,,0
722501,'1357',555,,35879,43,0,17,0,160,,35880,43,0,17,0,100,,35881,43,0,17,0,100,,35882,43,0,17,0,100,,35883,43,0,17,0,100,,35884,43,0,17,0,100,,35885,43,0,17,0,100,,35886,43,0,17,0,100,,35887,43,0,17,0,100,,35888,43,0,17,0,100,,35889,43,0,17,0,100,,35890,43,0,17,0,100,,35891,43,0,17,0,100,,35892,43,0,17,0,100,,35893,43,0,17,0,100,,35894,43,0,17,0,100,,35895,43,0,17,0,100,,35896,43,0,17,0
722501,'1358',555,,35897,43,0,17,0,160,,35898,43,0,17,0,100,,35899,43,0,17,0,100,,35900,43,0,17,0,100,,35901,43,0,17,0,100,,35902,43,0,17,0,100,,35903,43,0,17,0,100,,35904,43,0,17,0,100,,35905,43,0,17,0,100,,35906,43,0,17,0,100,,35907,43,0,17,0,100,,35908,43,0,17,0,100,,35909,43,0,17,0,100,,35910,43,0,17,0,100,,35911,43,0,17,0,100,,35912,43,0,17,0,100,,35913,43,0,17,0,100,,35914,43,0,17,0
722501,'1359',555,,35915,43,0,17,0,160,,35916,43,0,17,0,100,,35917,43,0,17,0,100,,35918,43,0,17,0,100,,35919,43,0,17,0,100,,35920,43,0,17,0,100,,35921,43,0,17,0,100,,35922,43,0,17,0,100,,35923,43,0,17,0,100,,35924,43,0,17,0,100,,35925,43,0,17,0,100,,35926,43,0,17,0,100,,35927,43,0,17,0,100,,35928,43,0,17,0,100,,35929,43,0,17,0,100,,35930,43,0,17,0,100,,35931,43,0,17,0,100,,35932,43,0,17,0
722501,'1360',555,,35933,43,0,17,0,160,,35934,43,0,17,0,100,,35935,43,0,17,0,100,,35936,43,0,17,0,100,,35937,43,0,17,0,100,,35938,43,0,17,0,100,,35939,43,0,17,0,100,,35940,43,0,17,0,100,,35941,43,0,17,0,100,,35942,43,0,17,0,100,,35943,43,0,17,0,100,,35944,43,0,17,0,100,,35945,43,0,17,0,100,,35946,43,0,17,0,100,,35947,43,0,17,0,100,,35948,43,0,17,0,100,,35949,43,0,17,0,100,,35950,43,0,17,0
722501,'1361',555,,35951,43,0,17,0,160,,35952,43,0,17,0,100,,35953,43,0,17,0,100,,35954,43,0,17,0,100,,35955,43,0,17,0,100,,35956,43,0,17,0,100,,35957,43,0,17,0,100,,35958,43,0,17,0,100,,35959,43,0,17,0,100,,35960,43,0,17,0,100,,35961,43,0,17,0,100,,35962,43,0,17,0,100,,35963,43,0,17,0,100,,35964,43,0,17,0,100,,35965,43,0,17,0,100,,35966,43,0,17,0,100,,35967,43,0,17,0,100,,35968,43,0,17,0
