2801,'1335',827,,10757,18,,,0,110,,10758,18,,,0,110,,10759,18,,,0,110,,10760,18,,,0,150,,10761,18,,,0,110,,10762,18,,,0,110,,10763,18,,,0,110,,10764,18,,,0,110,,10765,18,,,0,110,,10766,18,,,0
2801,'1336',652,,10772,18,,,0,75,,10773,18,,,0,75,,10774,18,,,0,35,,10775,18,,,0,75,,10776,18,,,0,35,,10777,18,,,0,75,,10778,18,,,0,35,,10779,18,,,0,75,,10780,18,,,0,75,,10781,18,,,0,35,,10782,18,,,0,75,,10783,18,,,0,35,,10784,18,,,0,75,,10785,18,,,0,75,,10786,18,,,0,35,,10787,18,,,0,75,,10788,18,,,0,35,,10789,18,,,0,75,,10767,18,,,0,35,,10768,18,,,0,75,,10769,18,,,0,75,,10770,18,,,0,35,,10771,18,,,0
2801,'1337',652,,10795,18,,,0,75,,10796,18,,,0,75,,10797,18,,,0,35,,10798,18,,,0,75,,10799,18,,,0,35,,10800,18,,,0,75,,10801,18,,,0,35,,10802,18,,,0,75,,10803,18,,,0,75,,10804,18,,,0,35,,10805,18,,,0,75,,10806,18,,,0,35,,10807,18,,,0,75,,10808,18,,,0,75,,10809,18,,,0,35,,10810,18,,,0,75,,10811,18,,,0,35,,10812,18,,,0,75,,10790,18,,,0,35,,10791,18,,,0,75,,10792,18,,,0,75,,10793,18,,,0,35,,10794,18,,,0
2801,'1338',652,,10818,18,,,0,75,,10819,18,,,0,75,,10820,18,,,0,35,,10821,18,,,0,75,,10822,18,,,0,35,,10823,18,,,0,75,,10824,18,,,0,35,,10825,18,,,0,75,,10826,18,,,0,75,,10827,18,,,0,35,,10828,18,,,0,75,,10829,18,,,0,35,,10830,18,,,0,75,,10831,18,,,0,75,,10832,18,,,0,35,,10833,18,,,0,75,,10834,18,,,0,35,,10835,18,,,0,75,,10813,18,,,0,35,,10814,18,,,0,75,,10815,18,,,0,75,,10816,18,,,0,35,,10817,18,,,0
2801,'1339',652,,10841,18,,,0,75,,10842,18,,,0,75,,10843,18,,,0,35,,10844,18,,,0,75,,10845,18,,,0,35,,10846,18,,,0,75,,10847,18,,,0,35,,10848,18,,,0,75,,10849,18,,,0,75,,10850,18,,,0,35,,10851,18,,,0,75,,10852,18,,,0,35,,10853,18,,,0,75,,10854,18,,,0,75,,10855,18,,,0,35,,10856,18,,,0,75,,10857,18,,,0,35,,10858,18,,,0,75,,10836,18,,,0,35,,10837,18,,,0,75,,10838,18,,,0,75,,10839,18,,,0,35,,10840,18,,,0
2801,'1340',652,,10864,18,,,0,75,,10865,18,,,0,75,,10866,18,,,0,35,,10867,18,,,0,75,,10868,18,,,0,35,,10869,18,,,0,75,,10870,18,,,0,35,,10871,18,,,0,75,,10872,18,,,0,75,,10873,18,,,0,35,,10874,18,,,0,75,,10875,18,,,0,35,,10876,18,,,0,75,,10877,18,,,0,75,,10878,18,,,0,35,,10879,18,,,0,75,,10880,18,,,0,35,,10881,18,,,0,75,,10859,18,,,0,35,,10860,18,,,0,75,,10861,18,,,0,75,,10862,18,,,0,35,,10863,18,,,0
722501,'1336',555,,14273,44,0,17,0,160,,14274,44,0,17,0,100,,14275,44,0,17,0,100,,14276,44,0,17,0,100,,14277,44,0,17,0,100,,14278,44,0,17,0,100,,14279,44,0,17,0,100,,14280,44,0,17,0,100,,14281,44,0,17,0,100,,14282,44,0,17,0,100,,14283,44,0,17,0,100,,14284,44,0,17,0,100,,14285,44,0,17,0,100,,14286,44,0,17,0,100,,14287,44,0,17,0,100,,14288,44,0,17,0,100,,14289,44,0,17,0,100,,14290,44,0,17,0
722501,'1337',555,,14291,44,0,17,0,160,,14292,44,0,17,0,100,,14293,44,0,17,0,100,,14294,44,0,17,0,100,,14295,44,0,17,0,100,,14296,44,0,17,0,100,,14297,44,0,17,0,100,,14298,44,0,17,0,100,,14299,44,0,17,0,100,,14300,44,0,17,0,100,,14301,44,0,17,0,100,,14302,44,0,17,0,100,,14303,44,0,17,0,100,,14304,44,0,17,0,100,,14305,44,0,17,0,100,,14306,44,0,17,0,100,,14307,44,0,17,0,100,,14308,44,0,17,0
722501,'1338',555,,14309,44,0,17,0,160,,14310,44,0,17,0,100,,14311,44,0,17,0,100,,14312,44,0,17,0,100,,14313,44,0,17,0,100,,14314,44,0,17,0,100,,14315,44,0,17,0,100,,14316,44,0,17,0,100,,14317,44,0,17,0,100,,14318,44,0,17,0,100,,14319,44,0,17,0,100,,14320,44,0,17,0,100,,14321,44,0,17,0,100,,14322,44,0,17,0,100,,14323,44,0,17,0,100,,14324,44,0,17,0,100,,14325,44,0,17,0,100,,14326,44,0,17,0
722501,'1339',555,,14327,44,0,17,0,160,,14328,44,0,17,0,100,,14329,44,0,17,0,100,,14330,44,0,17,0,100,,14331,44,0,17,0,100,,14332,44,0,17,0,100,,14333,44,0,17,0,100,,14334,44,0,17,0,100,,14335,44,0,17,0,100,,14336,44,0,17,0,100,,14337,44,0,17,0,100,,14338,44,0,17,0,100,,14339,44,0,17,0,100,,14340,44,0,17,0,100,,14341,44,0,17,0,100,,14342,44,0,17,0,100,,14343,44,0,17,0,100,,14344,44,0,17,0
722501,'1340',555,,14345,44,0,17,0,160,,14346,44,0,17,0,100,,14347,44,0,17,0,100,,14348,44,0,17,0,100,,14349,44,0,17,0,100,,14350,44,0,17,0,100,,14351,44,0,17,0,100,,14352,44,0,17,0,100,,14353,44,0,17,0,100,,14354,44,0,17,0,100,,14355,44,0,17,0,100,,14356,44,0,17,0,100,,14357,44,0,17,0,100,,14358,44,0,17,0,100,,14359,44,0,17,0,100,,14360,44,0,17,0,100,,14361,44,0,17,0,100,,14362,44,0,17,0
