722501,'1336',542,,14273,37,0,17,0,160,,14274,37,0,17,0,100,,14275,37,0,17,0,100,,14276,37,0,17,0,100,,14277,37,0,17,0,100,,14278,37,0,17,0,100,,14279,37,0,17,0,100,,14280,37,0,17,0,100,,14281,37,0,17,0,100,,14282,37,0,17,0,100,,14283,37,0,17,0,100,,14284,37,0,17,0,100,,14285,37,0,17,0,100,,14286,37,0,17,0,100,,14287,37,0,17,0,100,,14288,37,0,17,0,100,,14289,37,0,17,0,100,,14290,37,0,17,0
722501,'1337',542,,14291,37,0,17,0,160,,14292,37,0,17,0,100,,14293,37,0,17,0,100,,14294,37,0,17,0,100,,14295,37,0,17,0,100,,14296,37,0,17,0,100,,14297,37,0,17,0,100,,14298,37,0,17,0,100,,14299,37,0,17,0,100,,14300,37,0,17,0,100,,14301,37,0,17,0,100,,14302,37,0,17,0,100,,14303,37,0,17,0,100,,14304,37,0,17,0,100,,14305,37,0,17,0,100,,14306,37,0,17,0,100,,14307,37,0,17,0,100,,14308,37,0,17,0
722501,'1338',542,,14309,37,0,17,0,160,,14310,37,0,17,0,100,,14311,37,0,17,0,100,,14312,37,0,17,0,100,,14313,37,0,17,0,100,,14314,37,0,17,0,100,,14315,37,0,17,0,100,,14316,37,0,17,0,100,,14317,37,0,17,0,100,,14318,37,0,17,0,100,,14319,37,0,17,0,100,,14320,37,0,17,0,100,,14321,37,0,17,0,100,,14322,37,0,17,0,100,,14323,37,0,17,0,100,,14324,37,0,17,0,100,,14325,37,0,17,0,100,,14326,37,0,17,0
722501,'1339',542,,14327,37,0,17,0,160,,14328,37,0,17,0,100,,14329,37,0,17,0,100,,14330,37,0,17,0,100,,14331,37,0,17,0,100,,14332,37,0,17,0,100,,14333,37,0,17,0,100,,14334,37,0,17,0,100,,14335,37,0,17,0,100,,14336,37,0,17,0,100,,14337,37,0,17,0,100,,14338,37,0,17,0,100,,14339,37,0,17,0,100,,14340,37,0,17,0,100,,14341,37,0,17,0,100,,14342,37,0,17,0,100,,14343,37,0,17,0,100,,14344,37,0,17,0
722501,'1340',542,,14345,37,0,17,0,160,,14346,37,0,17,0,100,,14347,37,0,17,0,100,,14348,37,0,17,0,100,,14349,37,0,17,0,100,,14350,37,0,17,0,100,,14351,37,0,17,0,100,,14352,37,0,17,0,100,,14353,37,0,17,0,100,,14354,37,0,17,0,100,,14355,37,0,17,0,100,,14356,37,0,17,0,100,,14357,37,0,17,0,100,,14358,37,0,17,0,100,,14359,37,0,17,0,100,,14360,37,0,17,0,100,,14361,37,0,17,0,100,,14362,37,0,17,0
722502,'1336',553,,14363,20,0,16,0,100,,14364,20,0,16,0,100,,14365,20,0,16,0,100,,14366,20,0,16,0,100,,14367,20,0,16,0,100,,14368,20,0,16,0,100,,14369,20,0,16,0,100,,14370,20,0,16,0,100,,14371,20,0,16,0,100,,14372,20,0,16,0,100,,14373,20,0,16,0,100,,14374,20,0,16,0,100,,14375,20,0,16,0,100,,14376,20,0,16,0,100,,14377,20,0,16,0,100,,14378,20,0,16,0,100,,14379,20,0,16,0,100,,14380,20,0,16,0
722502,'1337',553,,14381,20,0,16,0,100,,14382,20,0,16,0,100,,14383,20,0,16,0,100,,14384,20,0,16,0,100,,14385,20,0,16,0,100,,14386,20,0,16,0,100,,14387,20,0,16,0,100,,14388,20,0,16,0,100,,14389,20,0,16,0,100,,14390,20,0,16,0,100,,14391,20,0,16,0,100,,14392,20,0,16,0,100,,14393,20,0,16,0,100,,14394,20,0,16,0,100,,14395,20,0,16,0,100,,14396,20,0,16,0,100,,14397,20,0,16,0,100,,14398,20,0,16,0
722502,'1338',553,,14399,20,0,16,0,100,,14400,20,0,16,0,100,,14401,20,0,16,0,100,,14402,20,0,16,0,100,,14403,20,0,16,0,100,,14404,20,0,16,0,100,,14405,20,0,16,0,100,,14406,20,0,16,0,100,,14407,20,0,16,0,100,,14408,20,0,16,0,100,,14409,20,0,16,0,100,,14410,20,0,16,0,100,,14411,20,0,16,0,100,,14412,20,0,16,0,100,,14413,20,0,16,0,100,,14414,20,0,16,0,100,,14415,20,0,16,0,100,,14416,20,0,16,0
722502,'1339',553,,14417,20,0,16,0,100,,14418,20,0,16,0,100,,14419,20,0,16,0,100,,14420,20,0,16,0,100,,14421,20,0,16,0,100,,14422,20,0,16,0,100,,14423,20,0,16,0,100,,14424,20,0,16,0,100,,14425,20,0,16,0,100,,14426,20,0,16,0,100,,14427,20,0,16,0,100,,14428,20,0,16,0,100,,14429,20,0,16,0,100,,14430,20,0,16,0,100,,14431,20,0,16,0,100,,14432,20,0,16,0,100,,14433,20,0,16,0,100,,14434,20,0,16,0
722502,'1340',553,,14435,20,0,16,0,100,,14436,20,0,16,0,100,,14437,20,0,16,0,100,,14438,20,0,16,0,100,,14439,20,0,16,0,100,,14440,20,0,16,0,100,,14441,20,0,16,0,100,,14442,20,0,16,0,100,,14443,20,0,16,0,100,,14444,20,0,16,0,100,,14445,20,0,16,0,100,,14446,20,0,16,0,100,,14447,20,0,16,0,100,,14448,20,0,16,0,100,,14449,20,0,16,0,100,,14450,20,0,16,0,100,,14451,20,0,16,0,100,,14452,20,0,16,0
