721404,'1348',933,,28217,47,0,14,0,110,,28216,47,0,14,0,110,,28215,47,0,14,0,150,,28218,47,0,14,0,110,,28214,47,0,14,0,110,,28213,47,0,14,0,110,,28212,47,0,14,0,110,,28211,47,0,14,0
721404,'1349',832,,28219,47,0,14,0,110,,28220,47,0,14,0,110,,28221,47,0,14,0,150,,28222,47,0,14,0,110,,28223,47,0,14,0,113,,28224,47,0,14,0,85,,28225,47,0,14,0,45,,28226,47,0,14,0,85,,28227,47,0,14,0,85,,28228,47,0,14,0,85,,28229,47,0,14,0,45,,28230,47,0,14,0,85,,28231,47,0,14,0
721404,'1350',657,,28232,47,0,14,0,97,,28233,47,0,14,0,85,,28234,47,0,14,0,85,,28235,47,0,14,0,85,,28236,47,0,14,0,45,,28237,47,0,14,0,85,,28238,47,0,14,0,85,,28239,47,0,14,0,85,,28240,47,0,14,0,45,,28241,47,0,14,0,85,,28242,47,0,14,0,85,,28243,47,0,14,0,85,,28244,47,0,14,0,45,,28245,47,0,14,0,85,,28246,47,0,14,0,85,,28247,47,0,14,0,85,,28248,47,0,14,0,45,,28249,47,0,14,0,85,,28250,47,0,14,0,85,,28251,47,0,14,0
721404,'1351',657,,28252,47,0,14,0,97,,28253,47,0,14,0,85,,28254,47,0,14,0,85,,28255,47,0,14,0,85,,28256,47,0,14,0,45,,28257,47,0,14,0,85,,28258,47,0,14,0,85,,28259,47,0,14,0,85,,28260,47,0,14,0,45,,28261,47,0,14,0,85,,28262,47,0,14,0,85,,28263,47,0,14,0,85,,28264,47,0,14,0,45,,28265,47,0,14,0,85,,28266,47,0,14,0,85,,28267,47,0,14,0,85,,28268,47,0,14,0,45,,28269,47,0,14,0,85,,28270,47,0,14,0,85,,28271,47,0,14,0
721404,'1352',657,,28272,47,0,14,0,97,,28273,47,0,14,0,85,,28274,47,0,14,0,85,,28275,47,0,14,0,85,,28276,47,0,14,0,45,,28277,47,0,14,0,85,,28278,47,0,14,0,85,,28279,47,0,14,0,85,,28280,47,0,14,0,45,,28281,47,0,14,0,85,,28282,47,0,14,0,85,,28283,47,0,14,0,85,,28284,47,0,14,0,45,,28285,47,0,14,0,85,,28286,47,0,14,0,85,,28287,47,0,14,0,85,,28288,47,0,14,0,45,,28289,47,0,14,0,85,,28290,47,0,14,0,85,,28291,47,0,14,0
721404,'1353',657,,28292,47,0,14,0,97,,28293,47,0,14,0,85,,28294,47,0,14,0,85,,28295,47,0,14,0,85,,28296,47,0,14,0,45,,28297,47,0,14,0,85,,28298,47,0,14,0,85,,28299,47,0,14,0,85,,28300,47,0,14,0,45,,28301,47,0,14,0,85,,28302,47,0,14,0,85,,28303,47,0,14,0,85,,28304,47,0,14,0,45,,28305,47,0,14,0,85,,28306,47,0,14,0,85,,28307,47,0,14,0,85,,28308,47,0,14,0,45,,28309,47,0,14,0,85,,28310,47,0,14,0,85,,28311,47,0,14,0
721404,'1354',657,,28312,47,0,14,0,97,,28313,47,0,14,0,85,,28314,47,0,14,0,85,,28315,47,0,14,0,85,,28316,47,0,14,0,45,,28317,47,0,14,0,85,,28318,47,0,14,0,85,,28319,47,0,14,0,85,,28320,47,0,14,0,45,,28321,47,0,14,0,85,,28322,47,0,14,0,85,,28323,47,0,14,0,85,,28324,47,0,14,0,45,,28325,47,0,14,0,85,,28326,47,0,14,0,85,,28327,47,0,14,0,85,,28328,47,0,14,0,45,,28329,47,0,14,0,85,,28330,47,0,14,0,85,,28331,47,0,14,0
721502,'1348',906,,28512,12,0,16,0,100,,28511,12,0,16,0,100,,28510,12,0,16,0,100,,28509,12,0,16,0,100,,28508,12,0,16,0,100,,28507,12,0,16,0,100,,28506,12,0,16,0,100,,28505,12,0,16,0,100,,28504,12,0,16,0,100,,28503,12,0,16,0,100,,28502,12,0,16,0
721502,'1349',706,,28513,12,0,16,0,100,,28514,12,0,16,0,100,,28515,12,0,16,0,100,,28516,12,0,16,0,100,,28517,12,0,16,0,100,,28518,12,0,16,0,100,,28519,12,0,16,0,30,,28520,12,0,16,0,70,,28521,12,0,16,0,30,,28522,12,0,16,0,70,,28523,12,0,16,0,30,,28524,12,0,16,0,70,,28525,12,0,16,0,30,,28526,12,0,16,0,70,,28527,12,0,16,0,30,,28528,12,0,16,0,70,,28529,12,0,16,0,30,,28530,12,0,16,0,70,,28531,12,0,16,0
721502,'1350',706,,28533,12,0,16,0,30,,28534,12,0,16,0,70,,28535,12,0,16,0,30,,28536,12,0,16,0,70,,28537,12,0,16,0,30,,28538,12,0,16,0,70,,28539,12,0,16,0,30,,28540,12,0,16,0,70,,28541,12,0,16,0,30,,28542,12,0,16,0,70,,28543,12,0,16,0,30,,28544,12,0,16,0,70,,28545,12,0,16,0,30,,28546,12,0,16,0,70,,28547,12,0,16,0,30,,28548,12,0,16,0,70,,28549,12,0,16,0,30,,28550,12,0,16,0,70,,28551,12,0,16,0,30,,28552,12,0,16,0,70,,28553,12,0,16,0,30,,28554,12,0,16,0,70,,28555,12,0,16,0,30,,28556,12,0,16,0,70,,28557,12,0,16,0,100,,28558,12,0,16,0,100,,28559,12,0,16,0,100,,28560,12,0,16,0
721502,'1351',706,,28562,12,0,16,0,30,,28563,12,0,16,0,70,,28564,12,0,16,0,30,,28565,12,0,16,0,70,,28566,12,0,16,0,30,,28567,12,0,16,0,70,,28568,12,0,16,0,30,,28569,12,0,16,0,70,,28570,12,0,16,0,30,,28571,12,0,16,0,70,,28572,12,0,16,0,30,,28573,12,0,16,0,70,,28574,12,0,16,0,30,,28575,12,0,16,0,70,,28576,12,0,16,0,30,,28577,12,0,16,0,70,,28578,12,0,16,0,30,,28579,12,0,16,0,70,,28580,12,0,16,0,30,,28581,12,0,16,0,70,,28582,12,0,16,0,30,,28583,12,0,16,0,70,,28584,12,0,16,0,30,,28585,12,0,16,0,70,,28586,12,0,16,0,100,,28587,12,0,16,0,100,,28588,12,0,16,0,100,,28589,12,0,16,0
721502,'1352',706,,28591,12,0,16,0,30,,28592,12,0,16,0,70,,28593,12,0,16,0,30,,28594,12,0,16,0,70,,28595,12,0,16,0,30,,28596,12,0,16,0,70,,28597,12,0,16,0,30,,28598,12,0,16,0,70,,28599,12,0,16,0,30,,28600,12,0,16,0,70,,28601,12,0,16,0,30,,28602,12,0,16,0,70,,28603,12,0,16,0,30,,28604,12,0,16,0,70,,28605,12,0,16,0,30,,28606,12,0,16,0,70,,28607,12,0,16,0,30,,28608,12,0,16,0,70,,28609,12,0,16,0,30,,28610,12,0,16,0,70,,28611,12,0,16,0,30,,28612,12,0,16,0,70,,28613,12,0,16,0,30,,28614,12,0,16,0,70,,28615,12,0,16,0,100,,28616,12,0,16,0,100,,28617,12,0,16,0,100,,28618,12,0,16,0
721502,'1353',706,,28620,12,0,16,0,30,,28621,12,0,16,0,70,,28622,12,0,16,0,30,,28623,12,0,16,0,70,,28624,12,0,16,0,30,,28625,12,0,16,0,70,,28626,12,0,16,0,30,,28627,12,0,16,0,70,,28628,12,0,16,0,30,,28629,12,0,16,0,70,,28630,12,0,16,0,30,,28631,12,0,16,0,70,,28632,12,0,16,0,30,,28633,12,0,16,0,70,,28634,12,0,16,0,30,,28635,12,0,16,0,70,,28636,12,0,16,0,30,,28637,12,0,16,0,70,,28638,12,0,16,0,30,,28639,12,0,16,0,70,,28640,12,0,16,0,30,,28641,12,0,16,0,70,,28642,12,0,16,0,30,,28643,12,0,16,0,70,,28644,12,0,16,0,100,,28645,12,0,16,0,100,,28646,12,0,16,0,100,,28647,12,0,16,0
721502,'1354',706,,28649,12,0,16,0,30,,28650,12,0,16,0,70,,28651,12,0,16,0,30,,28652,12,0,16,0,70,,28653,12,0,16,0,30,,28654,12,0,16,0,70,,28655,12,0,16,0,30,,28656,12,0,16,0,70,,28657,12,0,16,0,30,,28658,12,0,16,0,70,,28659,12,0,16,0,30,,28660,12,0,16,0,70,,28661,12,0,16,0,30,,28662,12,0,16,0,70,,28663,12,0,16,0,30,,28664,12,0,16,0,70,,28665,12,0,16,0,30,,28666,12,0,16,0,70,,28667,12,0,16,0,30,,28668,12,0,16,0,70,,28669,12,0,16,0,30,,28670,12,0,16,0,70,,28671,12,0,16,0,30,,28672,12,0,16,0,70,,28673,12,0,16,0,100,,28674,12,0,16,0,100,,28675,12,0,16,0,100,,28676,12,0,16,0
