'1320',721303,84600,0,'N',0,8000,0,'N',0,8000,0,'N',0,4000,0,'N',0,8000,0,'N',0,8000,0,'N',0,4000,0,'N',0,8000,0,'N',0,8000,0,'N',0,4000,0,'N',0,8000,0,'N',0,8000,0,'N',0,4000,0,'N',0,8000,0,'N',0,8000,0,'N',0,4000,0,'N',0,8000,0,'N',0,8000,0,'N',0
'1321',721303,64600,0,'N',0,8000,0,'N',0,8000,0,'N',0,4000,0,'N',0,8000,0,'N',0,8000,0,'N',0,4000,0,'N',0,8000,0,'N',0,8000,0,'N',0,2000,0,'N',0,2000,0,'N',0,6000,0,'N',0,2000,0,'N',0,2000,0,'N',0,6000,0,'N',0,2000,0,'N',0,2000,0,'N',0,6000,0,'N',0,2000,0,'N',0,2000,0,'N',0,6000,0,'N',0,2000,0,'N',0,2000,0,'N',0,6000,0,'N',0,2000,0,'N',0,2000,0,'N',0,6000,0,'N',0,2000,0,'N',0,2000,0,'N',0,8000,0,'N',0,8000,0,'N',0,4000,0,'N',0,8000,0,'N',0,8000,0,'N',0,4000,0,'N',0,8000,0,'N',0
'1322',721303,62000,0,'N',0,8500,0,'N',0,2000,0,'N',0,2500,0,'N',0,6000,0,'N',0,2500,0,'N',0,2000,0,'N',0,6500,0,'N',0,2000,0,'N',0,6500,0,'N',0,2000,0,'N',0,2500,0,'N',0,6000,0,'N',0,2500,0,'N',0,2000,0,'N',0,6500,0,'N',0,2000,0,'N',0,6500,0,'N',0,2000,0,'N',0,2500,0,'N',0,6000,0,'N',0,2500,0,'N',0,2000,0,'N',0,6500,0,'N',0,2000,0,'N',0,6500,0,'N',0,2000,0,'N',0,2500,0,'N',0,6000,0,'N',0,2500,0,'N',0,2000,0,'N',0,6500,0,'N',0,2000,0,'N',0,6900,0,'N',0,3700,0,'N',0,8000,0,'N',0,8000,0,'N',0,4000,0,'N',0,8000,0,'N',0,8000,0,'N',0,4000,0,'N',0
'1323',721303,62000,0,'N',0,8500,0,'N',0,2000,0,'N',0,2500,0,'N',0,6000,0,'N',0,2500,0,'N',0,2000,0,'N',0,6500,0,'N',0,2000,0,'N',0,6500,0,'N',0,2000,0,'N',0,2500,0,'N',0,6000,0,'N',0,2500,0,'N',0,2000,0,'N',0,6500,0,'N',0,2000,0,'N',0,6500,0,'N',0,2000,0,'N',0,2500,0,'N',0,6000,0,'N',0,2500,0,'N',0,2000,0,'N',0,6500,0,'N',0,2000,0,'N',0,6500,0,'N',0,2000,0,'N',0,2500,0,'N',0,6000,0,'N',0,2500,0,'N',0,2000,0,'N',0,6500,0,'N',0,2000,0,'N',0,6900,0,'N',0,3700,0,'N',0,8000,0,'N',0,8000,0,'N',0,4000,0,'N',0,8000,0,'N',0,8000,0,'N',0,4000,0,'N',0
'1324',721303,62000,0,'N',0,8500,0,'N',0,2000,0,'N',0,2500,0,'N',0,6000,0,'N',0,2500,0,'N',0,2000,0,'N',0,6500,0,'N',0,2000,0,'N',0,6500,0,'N',0,2000,0,'N',0,2500,0,'N',0,6000,0,'N',0,2500,0,'N',0,2000,0,'N',0,6500,0,'N',0,2000,0,'N',0,6500,0,'N',0,2000,0,'N',0,2500,0,'N',0,6000,0,'N',0,2500,0,'N',0,2000,0,'N',0,6500,0,'N',0,2000,0,'N',0,6500,0,'N',0,2000,0,'N',0,2500,0,'N',0,6000,0,'N',0,2500,0,'N',0,2000,0,'N',0,6500,0,'N',0,2000,0,'N',0,6900,0,'N',0,3700,0,'N',0,8000,0,'N',0,8000,0,'N',0,4000,0,'N',0,8000,0,'N',0,8000,0,'N',0,4000,0,'N',0
'1325',721303,62000,0,'N',0,8500,0,'N',0,2000,0,'N',0,2500,0,'N',0,6000,0,'N',0,2500,0,'N',0,2000,0,'N',0,6500,0,'N',0,2000,0,'N',0,6500,0,'N',0,2000,0,'N',0,2500,0,'N',0,6000,0,'N',0,2500,0,'N',0,2000,0,'N',0,6500,0,'N',0,2000,0,'N',0,6500,0,'N',0,2000,0,'N',0,2500,0,'N',0,6000,0,'N',0,2500,0,'N',0,2000,0,'N',0,6500,0,'N',0,2000,0,'N',0,6500,0,'N',0,2000,0,'N',0,2500,0,'N',0,6000,0,'N',0,2500,0,'N',0,2000,0,'N',0,6500,0,'N',0,2000,0,'N',0,6900,0,'N',0,3700,0,'N',0,8000,0,'N',0,8000,0,'N',0,4000,0,'N',0,8000,0,'N',0,8000,0,'N',0,4000,0,'N',0
'1326',721303,62000,0,'N',0,8500,0,'N',0,2000,0,'N',0,2500,0,'N',0,6000,0,'N',0,2500,0,'N',0,2000,0,'N',0,6500,0,'N',0,2000,0,'N',0,6500,0,'N',0,2000,0,'N',0,2500,0,'N',0,6000,0,'N',0,2500,0,'N',0,2000,0,'N',0,6500,0,'N',0,2000,0,'N',0,6500,0,'N',0,2000,0,'N',0,2500,0,'N',0,6000,0,'N',0,2500,0,'N',0,2000,0,'N',0,6500,0,'N',0,2000,0,'N',0,6500,0,'N',0,2000,0,'N',0,2500,0,'N',0,6000,0,'N',0,2500,0,'N',0,2000,0,'N',0,6500,0,'N',0,2000,0,'N',0,6900,0,'N',0,3700,0,'N',0,8000,0,'N',0,8000,0,'N',0,4000,0,'N',0,8000,0,'N',0,8000,0,'N',0,4000,0,'N',0
'1320',721502,90000,0,'W',0,10000,0,'W',0,10000,0,'W',0,10000,0,'W',0,10000,0,'W',0,10000,0,'W',0,10000,0,'W',0,10000,0,'W',0,10000,0,'W',0,10000,0,'W',0,10000,0,'W',0
'1321',721502,70000,0,'W',0,10000,0,'W',0,10000,0,'W',0,10000,0,'W',0,10000,0,'W',0,10000,0,'W',0,10000,0,'W',0,3000,0,'W',0,7000,0,'W',0,3000,0,'W',0,7000,0,'W',0,3000,0,'W',0,7000,0,'W',0,3000,0,'W',0,7000,0,'W',0,3000,0,'W',0,7000,0,'W',0,3000,0,'W',0,7000,0,'W',0
'1322',721502,70000,0,'W',0,3000,0,'W',0,7000,0,'W',0,3000,0,'W',0,7000,0,'W',0,3000,0,'W',0,7000,0,'W',0,3000,0,'W',0,7000,0,'W',0,3000,0,'W',0,7000,0,'W',0,3000,0,'W',0,7000,0,'W',0,3000,0,'W',0,7000,0,'W',0,3000,0,'W',0,7000,0,'W',0,3000,0,'W',0,7000,0,'W',0,3000,0,'W',0,7000,0,'W',0,3000,0,'W',0,7000,0,'W',0,3000,0,'W',0,7000,0,'W',0,10000,0,'W',0,10000,0,'W',0,10000,0,'W',0
'1323',721502,70000,0,'W',0,3000,0,'W',0,7000,0,'W',0,3000,0,'W',0,7000,0,'W',0,3000,0,'W',0,7000,0,'W',0,3000,0,'W',0,7000,0,'W',0,3000,0,'W',0,7000,0,'W',0,3000,0,'W',0,7000,0,'W',0,3000,0,'W',0,7000,0,'W',0,3000,0,'W',0,7000,0,'W',0,3000,0,'W',0,7000,0,'W',0,3000,0,'W',0,7000,0,'W',0,3000,0,'W',0,7000,0,'W',0,3000,0,'W',0,7000,0,'W',0,10000,0,'W',0,10000,0,'W',0,10000,0,'W',0
'1324',721502,70000,0,'W',0,3000,0,'W',0,7000,0,'W',0,3000,0,'W',0,7000,0,'W',0,3000,0,'W',0,7000,0,'W',0,3000,0,'W',0,7000,0,'W',0,3000,0,'W',0,7000,0,'W',0,3000,0,'W',0,7000,0,'W',0,3000,0,'W',0,7000,0,'W',0,3000,0,'W',0,7000,0,'W',0,3000,0,'W',0,7000,0,'W',0,3000,0,'W',0,7000,0,'W',0,3000,0,'W',0,7000,0,'W',0,3000,0,'W',0,7000,0,'W',0,10000,0,'W',0,10000,0,'W',0,10000,0,'W',0
'1325',721502,70000,0,'W',0,3000,0,'W',0,7000,0,'W',0,3000,0,'W',0,7000,0,'W',0,3000,0,'W',0,7000,0,'W',0,3000,0,'W',0,7000,0,'W',0,3000,0,'W',0,7000,0,'W',0,3000,0,'W',0,7000,0,'W',0,3000,0,'W',0,7000,0,'W',0,3000,0,'W',0,7000,0,'W',0,3000,0,'W',0,7000,0,'W',0,3000,0,'W',0,7000,0,'W',0,3000,0,'W',0,7000,0,'W',0,3000,0,'W',0,7000,0,'W',0,10000,0,'W',0,10000,0,'W',0,10000,0,'W',0
'1326',721502,70000,0,'W',0,3000,0,'W',0,7000,0,'W',0,3000,0,'W',0,7000,0,'W',0,3000,0,'W',0,7000,0,'W',0,3000,0,'W',0,7000,0,'W',0,3000,0,'W',0,7000,0,'W',0,3000,0,'W',0,7000,0,'W',0,3000,0,'W',0,7000,0,'W',0,3000,0,'W',0,7000,0,'W',0,3000,0,'W',0,7000,0,'W',0,3000,0,'W',0,7000,0,'W',0,3000,0,'W',0,7000,0,'W',0,3000,0,'W',0,7000,0,'W',0,10000,0,'W',0,10000,0,'W',0,10000,0,'W',0
