2001,'1341',1000,,17601,68,,,0,45,,17600,68,,,0,85,,17599,68,,,0,85,,17598,68,,,0,85,,17597,68,,,0,45,,17596,68,,,0,85,,17595,68,,,0,85,,17594,68,,,0,85,,17593,68,,,0,45,,17592,68,,,0,87,,17591,68,,,0,83,,17590,68,,,0,85,,17589,68,,,0,45,,17588,68,,,0,85,,17587,68,,,0
2001,'1342',700,,17619,68,,,0,45,,17620,68,,,0,85,,17621,68,,,0,85,,17622,68,,,0,39,,17602,68,,,0,70,,17603,68,,,0,30,,17604,68,,,0,70,,17605,68,,,0,80,,17606,68,,,0,30,,17607,68,,,0,70,,17608,68,,,0,30,,17609,68,,,0,80,,17610,68,,,0,30,,17611,68,,,0,70,,17612,68,,,0,30,,17613,68,,,0,80,,17614,68,,,0,30,,17615,68,,,0,70,,17616,68,,,0,30,,17617,68,,,0,80,,17618,68,,,0,76,,17623,68,,,0,45,,17624,68,,,0,85,,17625,68,,,0,85,,17626,68,,,0,85,,17627,68,,,0,45,,17628,68,,,0,85,,17629,68,,,0,85,,17630,68,,,0,85,,17631,68,,,0
2001,'1343',640,,17632,68,,,0,60,,17633,68,,,0,20,,17634,68,,,0,20,,17635,68,,,0,60,,17636,68,,,0,20,,17637,68,,,0,20,,17638,68,,,0,60,,17639,68,,,0,20,,17640,68,,,0,20,,17641,68,,,0,60,,17642,68,,,0,20,,17643,68,,,0,20,,17644,68,,,0,60,,17645,68,,,0,20,,17646,68,,,0,20,,17647,68,,,0,60,,17648,68,,,0,20,,17649,68,,,0,20,,17650,68,,,0,60,,17651,68,,,0,20,,17652,68,,,0,20,,17653,68,,,0,60,,17654,68,,,0,20,,17655,68,,,0,20,,17656,68,,,0,60,,17657,68,,,0,20,,17658,68,,,0,20,,17659,68,,,0,60,,17660,68,,,0,20,,17661,68,,,0,20,,17662,68,,,0,60,,17663,68,,,0,20,,17664,68,,,0,20,,17665,68,,,0,60,,17666,68,,,0,20,,17667,68,,,0,20,,17668,68,,,0,60,,17669,68,,,0,45,,17670,68,,,0,85,,17671,68,,,0,85,,17672,68,,,0,85,,17673,68,,,0,45,,17674,68,,,0,85,,17675,68,,,0,85,,17676,68,,,0,85,,17677,68,,,0,45,,17678,68,,,0
2001,'1344',640,,17679,68,,,0,60,,17680,68,,,0,20,,17681,68,,,0,20,,17682,68,,,0,60,,17683,68,,,0,20,,17684,68,,,0,20,,17685,68,,,0,60,,17686,68,,,0,20,,17687,68,,,0,20,,17688,68,,,0,60,,17689,68,,,0,20,,17690,68,,,0,20,,17691,68,,,0,60,,17692,68,,,0,20,,17693,68,,,0,20,,17694,68,,,0,60,,17695,68,,,0,20,,17696,68,,,0,20,,17697,68,,,0,60,,17698,68,,,0,20,,17699,68,,,0,20,,17700,68,,,0,60,,17701,68,,,0,20,,17702,68,,,0,20,,17703,68,,,0,60,,17704,68,,,0,20,,17705,68,,,0,20,,17706,68,,,0,60,,17707,68,,,0,20,,17708,68,,,0,20,,17709,68,,,0,60,,17710,68,,,0,20,,17711,68,,,0,20,,17712,68,,,0,60,,17713,68,,,0,20,,17714,68,,,0,20,,17715,68,,,0,60,,17716,68,,,0,45,,17717,68,,,0,85,,17718,68,,,0,85,,17719,68,,,0,85,,17720,68,,,0,45,,17721,68,,,0,85,,17722,68,,,0,85,,17723,68,,,0,85,,17724,68,,,0,45,,17725,68,,,0
2001,'1345',640,,17726,68,,,0,60,,17727,68,,,0,20,,17728,68,,,0,20,,17729,68,,,0,60,,17730,68,,,0,20,,17731,68,,,0,20,,17732,68,,,0,60,,17733,68,,,0,20,,17734,68,,,0,20,,17735,68,,,0,60,,17736,68,,,0,20,,17737,68,,,0,20,,17738,68,,,0,60,,17739,68,,,0,20,,17740,68,,,0,20,,17741,68,,,0,60,,17742,68,,,0,20,,17743,68,,,0,20,,17744,68,,,0,60,,17745,68,,,0,20,,17746,68,,,0,20,,17747,68,,,0,60,,17748,68,,,0,20,,17749,68,,,0,20,,17750,68,,,0,60,,17751,68,,,0,20,,17752,68,,,0,20,,17753,68,,,0,60,,17754,68,,,0,20,,17755,68,,,0,20,,17756,68,,,0,60,,17757,68,,,0,20,,17758,68,,,0,20,,17759,68,,,0,60,,17760,68,,,0,20,,17761,68,,,0,20,,17762,68,,,0,60,,17763,68,,,0,45,,17764,68,,,0,85,,17765,68,,,0,85,,17766,68,,,0,85,,17767,68,,,0,45,,17768,68,,,0,85,,17769,68,,,0,85,,17770,68,,,0,85,,17771,68,,,0,45,,17772,68,,,0
2001,'1346',640,,17773,68,,,0,60,,17774,68,,,0,20,,17775,68,,,0,20,,17776,68,,,0,60,,17777,68,,,0,20,,17778,68,,,0,20,,17779,68,,,0,60,,17780,68,,,0,20,,17781,68,,,0,20,,17782,68,,,0,60,,17783,68,,,0,20,,17784,68,,,0,20,,17785,68,,,0,60,,17786,68,,,0,20,,17787,68,,,0,20,,17788,68,,,0,60,,17789,68,,,0,20,,17790,68,,,0,20,,17791,68,,,0,60,,17792,68,,,0,20,,17793,68,,,0,20,,17794,68,,,0,60,,17795,68,,,0,20,,17796,68,,,0,20,,17797,68,,,0,60,,17798,68,,,0,20,,17799,68,,,0,20,,17800,68,,,0,60,,17801,68,,,0,20,,17802,68,,,0,20,,17803,68,,,0,60,,17804,68,,,0,20,,17805,68,,,0,20,,17806,68,,,0,60,,17807,68,,,0,20,,17808,68,,,0,20,,17809,68,,,0,60,,17810,68,,,0,45,,17811,68,,,0,85,,17812,68,,,0,85,,17813,68,,,0,85,,17814,68,,,0,45,,17815,68,,,0,85,,17816,68,,,0,85,,17817,68,,,0,85,,17818,68,,,0,45,,17819,68,,,0
2001,'1347',640,,17820,68,,,0,60,,17821,68,,,0,20,,17822,68,,,0,20,,17823,68,,,0,60,,17824,68,,,0,20,,17825,68,,,0,20,,17826,68,,,0,60,,17827,68,,,0,20,,17828,68,,,0,20,,17829,68,,,0,60,,17830,68,,,0,20,,17831,68,,,0,20,,17832,68,,,0,60,,17833,68,,,0,20,,17834,68,,,0,20,,17835,68,,,0,60,,17836,68,,,0,20,,17837,68,,,0,20,,17838,68,,,0,60,,17839,68,,,0,20,,17840,68,,,0,20,,17841,68,,,0,60,,17842,68,,,0,20,,17843,68,,,0,20,,17844,68,,,0,60,,17845,68,,,0,20,,17846,68,,,0,20,,17847,68,,,0,60,,17848,68,,,0,20,,17849,68,,,0,20,,17850,68,,,0,60,,17851,68,,,0,20,,17852,68,,,0,20,,17853,68,,,0,60,,17854,68,,,0,20,,17855,68,,,0,20,,17856,68,,,0,60,,17857,68,,,0,45,,17858,68,,,0,85,,17859,68,,,0,85,,17860,68,,,0,85,,17861,68,,,0,45,,17862,68,,,0,85,,17863,68,,,0,85,,17864,68,,,0,85,,17865,68,,,0,45,,17866,68,,,0
2801,'1342',808,,17993,4,,,0,110,,17994,4,,,0,110,,17995,4,,,0,110,,17996,4,,,0,110,,17997,4,,,0,110,,17998,4,,,0,150,,17999,4,,,0,110,,18000,4,,,0,110,,18001,4,,,0,110,,18002,4,,,0
2801,'1343',633,,18003,4,,,0,75,,18004,4,,,0,35,,18005,4,,,0,75,,18006,4,,,0,35,,18007,4,,,0,75,,18008,4,,,0,75,,18009,4,,,0,35,,18010,4,,,0,75,,18011,4,,,0,35,,18012,4,,,0,75,,18013,4,,,0,35,,18014,4,,,0,75,,18015,4,,,0,75,,18016,4,,,0,35,,18017,4,,,0,75,,18018,4,,,0,35,,18019,4,,,0,75,,18020,4,,,0,75,,18021,4,,,0,35,,18022,4,,,0,75,,18023,4,,,0,35,,18024,4,,,0,75,,18025,4,,,0
2801,'1344',633,,18026,4,,,0,75,,18027,4,,,0,35,,18028,4,,,0,75,,18029,4,,,0,35,,18030,4,,,0,75,,18031,4,,,0,75,,18032,4,,,0,35,,18033,4,,,0,75,,18034,4,,,0,35,,18035,4,,,0,75,,18036,4,,,0,35,,18037,4,,,0,75,,18038,4,,,0,75,,18039,4,,,0,35,,18040,4,,,0,75,,18041,4,,,0,35,,18042,4,,,0,75,,18043,4,,,0,75,,18044,4,,,0,35,,18045,4,,,0,75,,18046,4,,,0,35,,18047,4,,,0,75,,18048,4,,,0
2801,'1345',633,,18049,4,,,0,75,,18050,4,,,0,35,,18051,4,,,0,75,,18052,4,,,0,35,,18053,4,,,0,75,,18054,4,,,0,75,,18055,4,,,0,35,,18056,4,,,0,75,,18057,4,,,0,35,,18058,4,,,0,75,,18059,4,,,0,35,,18060,4,,,0,75,,18061,4,,,0,75,,18062,4,,,0,35,,18063,4,,,0,75,,18064,4,,,0,35,,18065,4,,,0,75,,18066,4,,,0,75,,18067,4,,,0,35,,18068,4,,,0,75,,18069,4,,,0,35,,18070,4,,,0,75,,18071,4,,,0
2801,'1346',633,,18072,4,,,0,75,,18073,4,,,0,35,,18074,4,,,0,75,,18075,4,,,0,35,,18076,4,,,0,75,,18077,4,,,0,75,,18078,4,,,0,35,,18079,4,,,0,75,,18080,4,,,0,35,,18081,4,,,0,75,,18082,4,,,0,35,,18083,4,,,0,75,,18084,4,,,0,75,,18085,4,,,0,35,,18086,4,,,0,75,,18087,4,,,0,35,,18088,4,,,0,75,,18089,4,,,0,75,,18090,4,,,0,35,,18091,4,,,0,75,,18092,4,,,0,35,,18093,4,,,0,75,,18094,4,,,0
2801,'1347',633,,18095,4,,,0,75,,18096,4,,,0,35,,18097,4,,,0,75,,18098,4,,,0,35,,18099,4,,,0,75,,18100,4,,,0,75,,18101,4,,,0,35,,18102,4,,,0,75,,18103,4,,,0,35,,18104,4,,,0,75,,18105,4,,,0,35,,18106,4,,,0,75,,18107,4,,,0,75,,18108,4,,,0,35,,18109,4,,,0,75,,18110,4,,,0,35,,18111,4,,,0,75,,18112,4,,,0,75,,18113,4,,,0,35,,18114,4,,,0,75,,18115,4,,,0,35,,18116,4,,,0,75,,18117,4,,,0
