2000,'1327',919,,2828,7,4,,0,1,,2843,1,,,0,85,,2842,1,,,0,45,,2841,1,,,0,85,,2840,1,,,0,85,,2839,1,,,0,85,,2838,1,,,0,45,,2837,1,,,0,85,,2836,1,,,0,85,,2835,1,,,0,85,,2834,1,,,0,45,,2833,1,,,0,85,,2832,1,,,0,85,,2831,1,,,0,85,,2830,1,,,0,45,,2829,1,,,0
2000,'1328',619,,2874,7,4,,0,1,,2844,1,,,0,85,,2845,1,,,0,45,,2846,1,,,0,85,,2847,1,,,0,15,,2848,1,,,0,70,,2849,1,,,0,80,,2850,1,,,0,30,,2851,1,,,0,70,,2852,1,,,0,30,,2853,1,,,0,80,,2854,1,,,0,30,,2855,1,,,0,70,,2856,1,,,0,30,,2857,1,,,0,80,,2858,1,,,0,30,,2859,1,,,0,70,,2860,1,,,0,30,,2861,1,,,0,80,,2862,1,,,0,70,,2863,1,,,0,30,,2864,1,,,0,70,,2865,1,,,0,40,,2866,1,,,0,75,,2867,1,,,0,85,,2868,1,,,0,45,,2869,1,,,0,85,,2870,1,,,0,85,,2871,1,,,0,85,,2872,1,,,0,45,,2873,1,,,0
2000,'1329',544,,2922,7,4,,0,1,,2884,1,,,0,60,,2885,1,,,0,20,,2886,1,,,0,20,,2887,1,,,0,60,,2888,1,,,0,20,,2889,1,,,0,20,,2890,1,,,0,60,,2891,1,,,0,20,,2892,1,,,0,20,,2893,1,,,0,60,,2894,1,,,0,20,,2895,1,,,0,20,,2896,1,,,0,60,,2897,1,,,0,20,,2898,1,,,0,20,,2899,1,,,0,60,,2900,1,,,0,20,,2901,1,,,0,20,,2902,1,,,0,60,,2903,1,,,0,20,,2904,1,,,0,20,,2905,1,,,0,60,,2906,1,,,0,20,,2907,1,,,0,20,,2908,1,,,0,60,,2909,1,,,0,20,,2910,1,,,0,20,,2911,1,,,0,60,,2912,1,,,0,20,,2913,1,,,0,20,,2914,1,,,0,60,,2915,1,,,0,20,,2916,1,,,0,20,,2917,1,,,0,60,,2918,1,,,0,20,,2919,1,,,0,20,,2920,1,,,0,60,,2921,1,,,0,20,,2875,1,,,0,80,,2876,1,,,0,45,,2877,1,,,0,85,,2878,1,,,0,85,,2879,1,,,0,85,,2880,1,,,0,45,,2881,1,,,0,85,,2882,1,,,0,85,,2883,1,,,0
2000,'1330',544,,2970,7,4,,0,1,,2932,1,,,0,60,,2933,1,,,0,20,,2934,1,,,0,20,,2935,1,,,0,60,,2936,1,,,0,20,,2937,1,,,0,20,,2938,1,,,0,60,,2939,1,,,0,20,,2940,1,,,0,20,,2941,1,,,0,60,,2942,1,,,0,20,,2943,1,,,0,20,,2944,1,,,0,60,,2945,1,,,0,20,,2946,1,,,0,20,,2947,1,,,0,60,,2948,1,,,0,20,,2949,1,,,0,20,,2950,1,,,0,60,,2951,1,,,0,20,,2952,1,,,0,20,,2953,1,,,0,60,,2954,1,,,0,20,,2955,1,,,0,20,,2956,1,,,0,60,,2957,1,,,0,20,,2958,1,,,0,20,,2959,1,,,0,60,,2960,1,,,0,20,,2961,1,,,0,20,,2962,1,,,0,60,,2963,1,,,0,20,,2964,1,,,0,20,,2965,1,,,0,60,,2966,1,,,0,20,,2967,1,,,0,20,,2968,1,,,0,60,,2969,1,,,0,20,,2923,1,,,0,80,,2924,1,,,0,45,,2925,1,,,0,85,,2926,1,,,0,85,,2927,1,,,0,85,,2928,1,,,0,45,,2929,1,,,0,85,,2930,1,,,0,85,,2931,1,,,0
2000,'1331',544,,3018,7,4,,0,1,,2980,1,,,0,60,,2981,1,,,0,20,,2982,1,,,0,20,,2983,1,,,0,60,,2984,1,,,0,20,,2985,1,,,0,20,,2986,1,,,0,60,,2987,1,,,0,20,,2988,1,,,0,20,,2989,1,,,0,60,,2990,1,,,0,20,,2991,1,,,0,20,,2992,1,,,0,60,,2993,1,,,0,20,,2994,1,,,0,20,,2995,1,,,0,60,,2996,1,,,0,20,,2997,1,,,0,20,,2998,1,,,0,60,,2999,1,,,0,20,,3000,1,,,0,20,,3001,1,,,0,60,,3002,1,,,0,20,,3003,1,,,0,20,,3004,1,,,0,60,,3005,1,,,0,20,,3006,1,,,0,20,,3007,1,,,0,60,,3008,1,,,0,20,,3009,1,,,0,20,,3010,1,,,0,60,,3011,1,,,0,20,,3012,1,,,0,20,,3013,1,,,0,60,,3014,1,,,0,20,,3015,1,,,0,20,,3016,1,,,0,60,,3017,1,,,0,20,,2971,1,,,0,80,,2972,1,,,0,45,,2973,1,,,0,85,,2974,1,,,0,85,,2975,1,,,0,85,,2976,1,,,0,45,,2977,1,,,0,85,,2978,1,,,0,85,,2979,1,,,0
2000,'1332',544,,3066,7,4,,0,1,,3028,1,,,0,60,,3029,1,,,0,20,,3030,1,,,0,20,,3031,1,,,0,60,,3032,1,,,0,20,,3033,1,,,0,20,,3034,1,,,0,60,,3035,1,,,0,20,,3036,1,,,0,20,,3037,1,,,0,60,,3038,1,,,0,20,,3039,1,,,0,20,,3040,1,,,0,60,,3041,1,,,0,20,,3042,1,,,0,20,,3043,1,,,0,60,,3044,1,,,0,20,,3045,1,,,0,20,,3046,1,,,0,60,,3047,1,,,0,20,,3048,1,,,0,20,,3049,1,,,0,60,,3050,1,,,0,20,,3051,1,,,0,20,,3052,1,,,0,60,,3053,1,,,0,20,,3054,1,,,0,20,,3055,1,,,0,60,,3056,1,,,0,20,,3057,1,,,0,20,,3058,1,,,0,60,,3059,1,,,0,20,,3060,1,,,0,20,,3061,1,,,0,60,,3062,1,,,0,20,,3063,1,,,0,20,,3064,1,,,0,60,,3065,1,,,0,20,,3019,1,,,0,80,,3020,1,,,0,45,,3021,1,,,0,85,,3022,1,,,0,85,,3023,1,,,0,85,,3024,1,,,0,45,,3025,1,,,0,85,,3026,1,,,0,85,,3027,1,,,0
2000,'1333',544,,3114,7,4,,0,1,,3076,1,,,0,60,,3077,1,,,0,20,,3078,1,,,0,20,,3079,1,,,0,60,,3080,1,,,0,20,,3081,1,,,0,20,,3082,1,,,0,60,,3083,1,,,0,20,,3084,1,,,0,20,,3085,1,,,0,60,,3086,1,,,0,20,,3087,1,,,0,20,,3088,1,,,0,60,,3089,1,,,0,20,,3090,1,,,0,20,,3091,1,,,0,60,,3092,1,,,0,20,,3093,1,,,0,20,,3094,1,,,0,60,,3095,1,,,0,20,,3096,1,,,0,20,,3097,1,,,0,60,,3098,1,,,0,20,,3099,1,,,0,20,,3100,1,,,0,60,,3101,1,,,0,20,,3102,1,,,0,20,,3103,1,,,0,60,,3104,1,,,0,20,,3105,1,,,0,20,,3106,1,,,0,60,,3107,1,,,0,20,,3108,1,,,0,20,,3109,1,,,0,60,,3110,1,,,0,20,,3111,1,,,0,20,,3112,1,,,0,60,,3113,1,,,0,20,,3067,1,,,0,80,,3068,1,,,0,45,,3069,1,,,0,85,,3070,1,,,0,85,,3071,1,,,0,85,,3072,1,,,0,45,,3073,1,,,0,85,,3074,1,,,0,85,,3075,1,,,0
2001,'1327',1005,,3129,75,4,,0,45,,3128,75,4,,0,85,,3127,75,4,,0,85,,3126,75,4,,0,85,,3125,75,4,,0,45,,3124,75,4,,0,85,,3123,75,4,,0,85,,3122,75,4,,0,85,,3121,75,4,,0,45,,3120,75,4,,0,85,,3119,75,4,,0,85,,3118,75,4,,0,85,,3117,75,4,,0,45,,3116,75,4,,0,85,,3115,75,4,,0
2001,'1328',705,,3130,75,4,,0,45,,3131,75,4,,0,85,,3132,75,4,,0,85,,3133,75,4,,0,38,,3143,75,4,,0,70,,3144,75,4,,0,30,,3145,75,4,,0,70,,3146,75,4,,0,80,,3147,75,4,,0,30,,3148,75,4,,0,70,,3149,75,4,,0,30,,3150,75,4,,0,80,,3151,75,4,,0,30,,3152,75,4,,0,70,,3153,75,4,,0,30,,3154,75,4,,0,80,,3155,75,4,,0,30,,3156,75,4,,0,70,,3157,75,4,,0,30,,3158,75,4,,0,80,,3159,75,4,,0,77,,3134,75,4,,0,85,,3135,75,4,,0,45,,3136,75,4,,0,85,,3137,75,4,,0,85,,3138,75,4,,0,85,,3139,75,4,,0,45,,3140,75,4,,0,85,,3141,75,4,,0,85,,3142,75,4,,0
2001,'1329',645,,3160,75,4,,0,60,,3161,75,4,,0,20,,3162,75,4,,0,20,,3163,75,4,,0,60,,3164,75,4,,0,20,,3165,75,4,,0,20,,3166,75,4,,0,60,,3167,75,4,,0,20,,3168,75,4,,0,20,,3169,75,4,,0,60,,3170,75,4,,0,20,,3171,75,4,,0,20,,3172,75,4,,0,60,,3173,75,4,,0,20,,3174,75,4,,0,20,,3175,75,4,,0,60,,3176,75,4,,0,20,,3177,75,4,,0,20,,3178,75,4,,0,60,,3179,75,4,,0,20,,3180,75,4,,0,20,,3181,75,4,,0,60,,3182,75,4,,0,20,,3183,75,4,,0,20,,3184,75,4,,0,60,,3185,75,4,,0,20,,3186,75,4,,0,20,,3187,75,4,,0,60,,3188,75,4,,0,20,,3189,75,4,,0,20,,3190,75,4,,0,60,,3191,75,4,,0,20,,3192,75,4,,0,20,,3193,75,4,,0,60,,3194,75,4,,0,20,,3195,75,4,,0,20,,3196,75,4,,0,60,,3197,75,4,,0,45,,3198,75,4,,0,85,,3199,75,4,,0,85,,3200,75,4,,0,85,,3201,75,4,,0,45,,3202,75,4,,0,85,,3203,75,4,,0,85,,3204,75,4,,0,85,,3205,75,4,,0,45,,3206,75,4,,0
2001,'1330',645,,3207,75,4,,0,60,,3208,75,4,,0,20,,3209,75,4,,0,20,,3210,75,4,,0,60,,3211,75,4,,0,20,,3212,75,4,,0,20,,3213,75,4,,0,60,,3214,75,4,,0,20,,3215,75,4,,0,20,,3216,75,4,,0,60,,3217,75,4,,0,20,,3218,75,4,,0,20,,3219,75,4,,0,60,,3220,75,4,,0,20,,3221,75,4,,0,20,,3222,75,4,,0,60,,3223,75,4,,0,20,,3224,75,4,,0,20,,3225,75,4,,0,60,,3226,75,4,,0,20,,3227,75,4,,0,20,,3228,75,4,,0,60,,3229,75,4,,0,20,,3230,75,4,,0,20,,3231,75,4,,0,60,,3232,75,4,,0,20,,3233,75,4,,0,20,,3234,75,4,,0,60,,3235,75,4,,0,20,,3236,75,4,,0,20,,3237,75,4,,0,60,,3238,75,4,,0,20,,3239,75,4,,0,20,,3240,75,4,,0,60,,3241,75,4,,0,20,,3242,75,4,,0,20,,3243,75,4,,0,60,,3244,75,4,,0,45,,3245,75,4,,0,85,,3246,75,4,,0,85,,3247,75,4,,0,85,,3248,75,4,,0,45,,3249,75,4,,0,85,,3250,75,4,,0,85,,3251,75,4,,0,85,,3252,75,4,,0,45,,3253,75,4,,0
2001,'1331',645,,3254,75,4,,0,60,,3255,75,4,,0,20,,3256,75,4,,0,20,,3257,75,4,,0,60,,3258,75,4,,0,20,,3259,75,4,,0,20,,3260,75,4,,0,60,,3261,75,4,,0,20,,3262,75,4,,0,20,,3263,75,4,,0,60,,3264,75,4,,0,20,,3265,75,4,,0,20,,3266,75,4,,0,60,,3267,75,4,,0,20,,3268,75,4,,0,20,,3269,75,4,,0,60,,3270,75,4,,0,20,,3271,75,4,,0,20,,3272,75,4,,0,60,,3273,75,4,,0,20,,3274,75,4,,0,20,,3275,75,4,,0,60,,3276,75,4,,0,20,,3277,75,4,,0,20,,3278,75,4,,0,60,,3279,75,4,,0,20,,3280,75,4,,0,20,,3281,75,4,,0,60,,3282,75,4,,0,20,,3283,75,4,,0,20,,3284,75,4,,0,60,,3285,75,4,,0,20,,3286,75,4,,0,20,,3287,75,4,,0,60,,3288,75,4,,0,20,,3289,75,4,,0,20,,3290,75,4,,0,60,,3291,75,4,,0,45,,3292,75,4,,0,85,,3293,75,4,,0,85,,3294,75,4,,0,85,,3295,75,4,,0,45,,3296,75,4,,0,85,,3297,75,4,,0,85,,3298,75,4,,0,85,,3299,75,4,,0,45,,3300,75,4,,0
2001,'1332',645,,3301,75,4,,0,60,,3302,75,4,,0,20,,3303,75,4,,0,20,,3304,75,4,,0,60,,3305,75,4,,0,20,,3306,75,4,,0,20,,3307,75,4,,0,60,,3308,75,4,,0,20,,3309,75,4,,0,20,,3310,75,4,,0,60,,3311,75,4,,0,20,,3312,75,4,,0,20,,3313,75,4,,0,60,,3314,75,4,,0,20,,3315,75,4,,0,20,,3316,75,4,,0,60,,3317,75,4,,0,20,,3318,75,4,,0,20,,3319,75,4,,0,60,,3320,75,4,,0,20,,3321,75,4,,0,20,,3322,75,4,,0,60,,3323,75,4,,0,20,,3324,75,4,,0,20,,3325,75,4,,0,60,,3326,75,4,,0,20,,3327,75,4,,0,20,,3328,75,4,,0,60,,3329,75,4,,0,20,,3330,75,4,,0,20,,3331,75,4,,0,60,,3332,75,4,,0,20,,3333,75,4,,0,20,,3334,75,4,,0,60,,3335,75,4,,0,20,,3336,75,4,,0,20,,3337,75,4,,0,60,,3338,75,4,,0,45,,3339,75,4,,0,85,,3340,75,4,,0,85,,3341,75,4,,0,85,,3342,75,4,,0,45,,3343,75,4,,0,85,,3344,75,4,,0,85,,3345,75,4,,0,85,,3346,75,4,,0,45,,3347,75,4,,0
2001,'1333',645,,3348,75,4,,0,60,,3349,75,4,,0,20,,3350,75,4,,0,20,,3351,75,4,,0,60,,3352,75,4,,0,20,,3353,75,4,,0,20,,3354,75,4,,0,60,,3355,75,4,,0,20,,3356,75,4,,0,20,,3357,75,4,,0,60,,3358,75,4,,0,20,,3359,75,4,,0,20,,3360,75,4,,0,60,,3361,75,4,,0,20,,3362,75,4,,0,20,,3363,75,4,,0,60,,3364,75,4,,0,20,,3365,75,4,,0,20,,3366,75,4,,0,60,,3367,75,4,,0,20,,3368,75,4,,0,20,,3369,75,4,,0,60,,3370,75,4,,0,20,,3371,75,4,,0,20,,3372,75,4,,0,60,,3373,75,4,,0,20,,3374,75,4,,0,20,,3375,75,4,,0,60,,3376,75,4,,0,20,,3377,75,4,,0,20,,3378,75,4,,0,60,,3379,75,4,,0,20,,3380,75,4,,0,20,,3381,75,4,,0,60,,3382,75,4,,0,20,,3383,75,4,,0,20,,3384,75,4,,0,60,,3385,75,4,,0,45,,3386,75,4,,0,85,,3387,75,4,,0,85,,3388,75,4,,0,85,,3389,75,4,,0,45,,3390,75,4,,0,85,,3391,75,4,,0,85,,3392,75,4,,0,85,,3393,75,4,,0,45,,3394,75,4,,0
