'1276',463601,90800,0,'605',0,44000,0,'605',0,17000,0,'605',0,28500,0,'605',0
'1277',463601,73800,0,'605',0,67000,0,'605',0,13000,0,'605',0,30000,0,'605',0
'1278',463601,63800,0,'605',0,77000,0,'605',0,43000,0,'605',0,17000,0,'605',0
'1279',463601,63800,0,'605',0,77000,0,'605',0,43000,0,'605',0,17000,0,'605',0
'1280',463601,63800,0,'605',0,77000,0,'605',0,43000,0,'605',0,17000,0,'605',0
'1281',463601,63800,0,'605',0,77000,0,'605',0,43000,0,'605',0,17000,0,'605',0
'1282',463601,63800,0,'605',0,77000,0,'605',0,43000,0,'605',0,17000,0,'605',0
'1283',463601,90800,0,'605',0,44000,0,'605',0,17000,0,'605',0,28500,0,'605',0
'1284',463601,93800,0,'605',0,30000,0,'605',0,30000,0,'605',0
'1285',463601,90800,0,'605',0,44000,0,'605',0,17000,0,'605',0,28500,0,'605',0
