70101,'1349',726,,25320,41,0,17,0,130,,25321,41,0,17,0,170,,25322,41,0,17,0,130,,25323,41,0,17,0,170,,25324,41,0,17,0,130,,25325,41,0,17,0,170,,25326,41,0,17,0,130,,25327,41,0,17,0
70101,'1350',726,,25328,41,0,17,0,85,,25329,41,0,17,0,45,,25330,41,0,17,0,85,,25331,41,0,17,0,85,,25332,41,0,17,0,130,,25333,41,0,17,0,170,,25334,41,0,17,0,85,,25335,41,0,17,0,45,,25336,41,0,17,0,85,,25337,41,0,17,0,85,,25338,41,0,17,0,85,,25339,41,0,17,0,45,,25340,41,0,17,0,85,,25341,41,0,17,0
70101,'1351',726,,25342,41,0,17,0,85,,25343,41,0,17,0,45,,25344,41,0,17,0,85,,25345,41,0,17,0,85,,25346,41,0,17,0,130,,25347,41,0,17,0,170,,25348,41,0,17,0,85,,25349,41,0,17,0,45,,25350,41,0,17,0,85,,25351,41,0,17,0,85,,25352,41,0,17,0,85,,25353,41,0,17,0,45,,25354,41,0,17,0,85,,25355,41,0,17,0
70101,'1352',726,,25356,41,0,17,0,85,,25357,41,0,17,0,45,,25358,41,0,17,0,85,,25359,41,0,17,0,85,,25360,41,0,17,0,130,,25361,41,0,17,0,170,,25362,41,0,17,0,85,,25363,41,0,17,0,45,,25364,41,0,17,0,85,,25365,41,0,17,0,85,,25366,41,0,17,0,85,,25367,41,0,17,0,45,,25368,41,0,17,0,85,,25369,41,0,17,0
70101,'1353',726,,25370,41,0,17,0,85,,25371,41,0,17,0,45,,25372,41,0,17,0,85,,25373,41,0,17,0,85,,25374,41,0,17,0,130,,25375,41,0,17,0,170,,25376,41,0,17,0,85,,25377,41,0,17,0,45,,25378,41,0,17,0,85,,25379,41,0,17,0,85,,25380,41,0,17,0,85,,25381,41,0,17,0,45,,25382,41,0,17,0,85,,25383,41,0,17,0
70101,'1354',726,,25384,41,0,17,0,85,,25385,41,0,17,0,45,,25386,41,0,17,0,85,,25387,41,0,17,0,85,,25388,41,0,17,0,130,,25389,41,0,17,0,170,,25390,41,0,17,0,85,,25391,41,0,17,0,45,,25392,41,0,17,0,85,,25393,41,0,17,0,85,,25394,41,0,17,0,85,,25395,41,0,17,0,45,,25396,41,0,17,0,85,,25397,41,0,17,0
721501,'1348',916,,28342,14,0,17,0,100,,28341,14,0,17,0,100,,28333,14,0,17,0,100,,28332,14,0,17,0,100,,28338,14,0,17,0,100,,28337,14,0,17,0,100,,28336,14,0,17,0,100,,28335,14,0,17,0,100,,28334,14,0,17,0,100,,28340,14,0,17,0,100,,28339,14,0,17,0
721501,'1349',716,,28343,14,0,17,0,100,,28344,14,0,17,0,100,,28345,14,0,17,0,100,,28346,14,0,17,0,100,,28347,14,0,17,0,100,,28348,14,0,17,0,30,,28349,14,0,17,0,70,,28350,14,0,17,0,30,,28351,14,0,17,0,70,,28352,14,0,17,0,30,,28353,14,0,17,0,70,,28354,14,0,17,0,30,,28355,14,0,17,0,70,,28356,14,0,17,0,30,,28357,14,0,17,0,70,,28358,14,0,17,0,30,,28359,14,0,17,0,70,,28360,14,0,17,0,100,,28361,14,0,17,0
721501,'1350',716,,28362,14,0,17,0,30,,28363,14,0,17,0,70,,28364,14,0,17,0,30,,28365,14,0,17,0,70,,28366,14,0,17,0,30,,28367,14,0,17,0,70,,28368,14,0,17,0,30,,28369,14,0,17,0,70,,28370,14,0,17,0,30,,28371,14,0,17,0,70,,28372,14,0,17,0,30,,28373,14,0,17,0,70,,28374,14,0,17,0,30,,28375,14,0,17,0,70,,28376,14,0,17,0,30,,28377,14,0,17,0,70,,28378,14,0,17,0,30,,28379,14,0,17,0,70,,28380,14,0,17,0,30,,28381,14,0,17,0,70,,28382,14,0,17,0,30,,28383,14,0,17,0,70,,28384,14,0,17,0,30,,28385,14,0,17,0,70,,28386,14,0,17,0,100,,28387,14,0,17,0,100,,28388,14,0,17,0,100,,28389,14,0,17,0
721501,'1351',716,,28390,14,0,17,0,30,,28391,14,0,17,0,70,,28392,14,0,17,0,30,,28393,14,0,17,0,70,,28394,14,0,17,0,30,,28395,14,0,17,0,70,,28396,14,0,17,0,30,,28397,14,0,17,0,70,,28398,14,0,17,0,30,,28399,14,0,17,0,70,,28400,14,0,17,0,30,,28401,14,0,17,0,70,,28402,14,0,17,0,30,,28403,14,0,17,0,70,,28404,14,0,17,0,30,,28405,14,0,17,0,70,,28406,14,0,17,0,30,,28407,14,0,17,0,70,,28408,14,0,17,0,30,,28409,14,0,17,0,70,,28410,14,0,17,0,30,,28411,14,0,17,0,70,,28412,14,0,17,0,30,,28413,14,0,17,0,70,,28414,14,0,17,0,100,,28415,14,0,17,0,100,,28416,14,0,17,0,100,,28417,14,0,17,0
721501,'1352',716,,28418,14,0,17,0,30,,28419,14,0,17,0,70,,28420,14,0,17,0,30,,28421,14,0,17,0,70,,28422,14,0,17,0,30,,28423,14,0,17,0,70,,28424,14,0,17,0,30,,28425,14,0,17,0,70,,28426,14,0,17,0,30,,28427,14,0,17,0,70,,28428,14,0,17,0,30,,28429,14,0,17,0,70,,28430,14,0,17,0,30,,28431,14,0,17,0,70,,28432,14,0,17,0,30,,28433,14,0,17,0,70,,28434,14,0,17,0,30,,28435,14,0,17,0,70,,28436,14,0,17,0,30,,28437,14,0,17,0,70,,28438,14,0,17,0,30,,28439,14,0,17,0,70,,28440,14,0,17,0,30,,28441,14,0,17,0,70,,28442,14,0,17,0,100,,28443,14,0,17,0,100,,28444,14,0,17,0,100,,28445,14,0,17,0
721501,'1353',716,,28446,14,0,17,0,30,,28447,14,0,17,0,70,,28448,14,0,17,0,30,,28449,14,0,17,0,70,,28450,14,0,17,0,30,,28451,14,0,17,0,70,,28452,14,0,17,0,30,,28453,14,0,17,0,70,,28454,14,0,17,0,30,,28455,14,0,17,0,70,,28456,14,0,17,0,30,,28457,14,0,17,0,70,,28458,14,0,17,0,30,,28459,14,0,17,0,70,,28460,14,0,17,0,30,,28461,14,0,17,0,70,,28462,14,0,17,0,30,,28463,14,0,17,0,70,,28464,14,0,17,0,30,,28465,14,0,17,0,70,,28466,14,0,17,0,30,,28467,14,0,17,0,70,,28468,14,0,17,0,30,,28469,14,0,17,0,70,,28470,14,0,17,0,100,,28471,14,0,17,0,100,,28472,14,0,17,0,100,,28473,14,0,17,0
721501,'1354',716,,28474,14,0,17,0,30,,28475,14,0,17,0,70,,28476,14,0,17,0,30,,28477,14,0,17,0,70,,28478,14,0,17,0,30,,28479,14,0,17,0,70,,28480,14,0,17,0,30,,28481,14,0,17,0,70,,28482,14,0,17,0,30,,28483,14,0,17,0,70,,28484,14,0,17,0,30,,28485,14,0,17,0,70,,28486,14,0,17,0,30,,28487,14,0,17,0,70,,28488,14,0,17,0,30,,28489,14,0,17,0,70,,28490,14,0,17,0,30,,28491,14,0,17,0,70,,28492,14,0,17,0,30,,28493,14,0,17,0,70,,28494,14,0,17,0,30,,28495,14,0,17,0,70,,28496,14,0,17,0,30,,28497,14,0,17,0,70,,28498,14,0,17,0,100,,28499,14,0,17,0,100,,28500,14,0,17,0,100,,28501,14,0,17,0
