2000,'1341',918,,17300,4,,,0
2000,'1342',618,,17316,4,,,0
2000,'1343',543,,17356,4,,,0
2000,'1344',543,,17404,4,,,0
2000,'1345',543,,17452,4,,,0
2000,'1346',543,,17500,4,,,0
2000,'1347',543,,17548,4,,,0
2001,'1341',1003,,17601,72,,,0,45,,17600,72,,,0,85,,17599,72,,,0,85,,17598,72,,,0,85,,17597,72,,,0,45,,17596,72,,,0,85,,17595,72,,,0,85,,17594,72,,,0,85,,17593,72,,,0,45,,17592,72,,,0,86,,17591,72,,,0,84,,17590,72,,,0,85,,17589,72,,,0,45,,17588,72,,,0,85,,17587,72,,,0
2001,'1342',703,,17619,72,,,0,45,,17620,72,,,0,85,,17621,72,,,0,85,,17622,72,,,0,38,,17602,72,,,0,70,,17603,72,,,0,30,,17604,72,,,0,70,,17605,72,,,0,80,,17606,72,,,0,30,,17607,72,,,0,70,,17608,72,,,0,30,,17609,72,,,0,80,,17610,72,,,0,30,,17611,72,,,0,70,,17612,72,,,0,30,,17613,72,,,0,80,,17614,72,,,0,30,,17615,72,,,0,70,,17616,72,,,0,30,,17617,72,,,0,80,,17618,72,,,0,77,,17623,72,,,0,45,,17624,72,,,0,85,,17625,72,,,0,85,,17626,72,,,0,85,,17627,72,,,0,45,,17628,72,,,0,85,,17629,72,,,0,85,,17630,72,,,0,85,,17631,72,,,0
2001,'1343',643,,17632,72,,,0,60,,17633,72,,,0,20,,17634,72,,,0,20,,17635,72,,,0,60,,17636,72,,,0,20,,17637,72,,,0,20,,17638,72,,,0,60,,17639,72,,,0,20,,17640,72,,,0,20,,17641,72,,,0,60,,17642,72,,,0,20,,17643,72,,,0,20,,17644,72,,,0,60,,17645,72,,,0,20,,17646,72,,,0,20,,17647,72,,,0,60,,17648,72,,,0,20,,17649,72,,,0,20,,17650,72,,,0,60,,17651,72,,,0,20,,17652,72,,,0,20,,17653,72,,,0,60,,17654,72,,,0,20,,17655,72,,,0,20,,17656,72,,,0,60,,17657,72,,,0,20,,17658,72,,,0,20,,17659,72,,,0,60,,17660,72,,,0,20,,17661,72,,,0,20,,17662,72,,,0,60,,17663,72,,,0,20,,17664,72,,,0,20,,17665,72,,,0,60,,17666,72,,,0,20,,17667,72,,,0,20,,17668,72,,,0,60,,17669,72,,,0,45,,17670,72,,,0,85,,17671,72,,,0,85,,17672,72,,,0,85,,17673,72,,,0,45,,17674,72,,,0,85,,17675,72,,,0,85,,17676,72,,,0,85,,17677,72,,,0,45,,17678,72,,,0
2001,'1344',643,,17679,72,,,0,60,,17680,72,,,0,20,,17681,72,,,0,20,,17682,72,,,0,60,,17683,72,,,0,20,,17684,72,,,0,20,,17685,72,,,0,60,,17686,72,,,0,20,,17687,72,,,0,20,,17688,72,,,0,60,,17689,72,,,0,20,,17690,72,,,0,20,,17691,72,,,0,60,,17692,72,,,0,20,,17693,72,,,0,20,,17694,72,,,0,60,,17695,72,,,0,20,,17696,72,,,0,20,,17697,72,,,0,60,,17698,72,,,0,20,,17699,72,,,0,20,,17700,72,,,0,60,,17701,72,,,0,20,,17702,72,,,0,20,,17703,72,,,0,60,,17704,72,,,0,20,,17705,72,,,0,20,,17706,72,,,0,60,,17707,72,,,0,20,,17708,72,,,0,20,,17709,72,,,0,60,,17710,72,,,0,20,,17711,72,,,0,20,,17712,72,,,0,60,,17713,72,,,0,20,,17714,72,,,0,20,,17715,72,,,0,60,,17716,72,,,0,45,,17717,72,,,0,85,,17718,72,,,0,85,,17719,72,,,0,85,,17720,72,,,0,45,,17721,72,,,0,85,,17722,72,,,0,85,,17723,72,,,0,85,,17724,72,,,0,45,,17725,72,,,0
2001,'1345',643,,17726,72,,,0,60,,17727,72,,,0,20,,17728,72,,,0,20,,17729,72,,,0,60,,17730,72,,,0,20,,17731,72,,,0,20,,17732,72,,,0,60,,17733,72,,,0,20,,17734,72,,,0,20,,17735,72,,,0,60,,17736,72,,,0,20,,17737,72,,,0,20,,17738,72,,,0,60,,17739,72,,,0,20,,17740,72,,,0,20,,17741,72,,,0,60,,17742,72,,,0,20,,17743,72,,,0,20,,17744,72,,,0,60,,17745,72,,,0,20,,17746,72,,,0,20,,17747,72,,,0,60,,17748,72,,,0,20,,17749,72,,,0,20,,17750,72,,,0,60,,17751,72,,,0,20,,17752,72,,,0,20,,17753,72,,,0,60,,17754,72,,,0,20,,17755,72,,,0,20,,17756,72,,,0,60,,17757,72,,,0,20,,17758,72,,,0,20,,17759,72,,,0,60,,17760,72,,,0,20,,17761,72,,,0,20,,17762,72,,,0,60,,17763,72,,,0,45,,17764,72,,,0,85,,17765,72,,,0,85,,17766,72,,,0,85,,17767,72,,,0,45,,17768,72,,,0,85,,17769,72,,,0,85,,17770,72,,,0,85,,17771,72,,,0,45,,17772,72,,,0
2001,'1346',643,,17773,72,,,0,60,,17774,72,,,0,20,,17775,72,,,0,20,,17776,72,,,0,60,,17777,72,,,0,20,,17778,72,,,0,20,,17779,72,,,0,60,,17780,72,,,0,20,,17781,72,,,0,20,,17782,72,,,0,60,,17783,72,,,0,20,,17784,72,,,0,20,,17785,72,,,0,60,,17786,72,,,0,20,,17787,72,,,0,20,,17788,72,,,0,60,,17789,72,,,0,20,,17790,72,,,0,20,,17791,72,,,0,60,,17792,72,,,0,20,,17793,72,,,0,20,,17794,72,,,0,60,,17795,72,,,0,20,,17796,72,,,0,20,,17797,72,,,0,60,,17798,72,,,0,20,,17799,72,,,0,20,,17800,72,,,0,60,,17801,72,,,0,20,,17802,72,,,0,20,,17803,72,,,0,60,,17804,72,,,0,20,,17805,72,,,0,20,,17806,72,,,0,60,,17807,72,,,0,20,,17808,72,,,0,20,,17809,72,,,0,60,,17810,72,,,0,45,,17811,72,,,0,85,,17812,72,,,0,85,,17813,72,,,0,85,,17814,72,,,0,45,,17815,72,,,0,85,,17816,72,,,0,85,,17817,72,,,0,85,,17818,72,,,0,45,,17819,72,,,0
2001,'1347',643,,17820,72,,,0,60,,17821,72,,,0,20,,17822,72,,,0,20,,17823,72,,,0,60,,17824,72,,,0,20,,17825,72,,,0,20,,17826,72,,,0,60,,17827,72,,,0,20,,17828,72,,,0,20,,17829,72,,,0,60,,17830,72,,,0,20,,17831,72,,,0,20,,17832,72,,,0,60,,17833,72,,,0,20,,17834,72,,,0,20,,17835,72,,,0,60,,17836,72,,,0,20,,17837,72,,,0,20,,17838,72,,,0,60,,17839,72,,,0,20,,17840,72,,,0,20,,17841,72,,,0,60,,17842,72,,,0,20,,17843,72,,,0,20,,17844,72,,,0,60,,17845,72,,,0,20,,17846,72,,,0,20,,17847,72,,,0,60,,17848,72,,,0,20,,17849,72,,,0,20,,17850,72,,,0,60,,17851,72,,,0,20,,17852,72,,,0,20,,17853,72,,,0,60,,17854,72,,,0,20,,17855,72,,,0,20,,17856,72,,,0,60,,17857,72,,,0,45,,17858,72,,,0,85,,17859,72,,,0,85,,17860,72,,,0,85,,17861,72,,,0,45,,17862,72,,,0,85,,17863,72,,,0,85,,17864,72,,,0,85,,17865,72,,,0,45,,17866,72,,,0
