721303,'1348',841,,27587,8,0,15,0,80,,27586,8,0,15,0,80,,27585,8,0,15,0,40,,27584,8,0,15,0,80,,27583,8,0,15,0,80,,27582,8,0,15,0,40,,27581,8,0,15,0,80,,27580,8,0,15,0,80,,27579,8,0,15,0,40,,27578,8,0,15,0,80,,27577,8,0,15,0,80,,27576,8,0,15,0,40,,27575,8,0,15,0,80,,27574,8,0,15,0,80,,27573,8,0,15,0,40,,27572,8,0,15,0,80,,27589,8,0,15,0,80,,27588,8,0,15,0
721303,'1349',641,,27590,8,0,15,0,80,,27591,8,0,15,0,80,,27592,8,0,15,0,40,,27593,8,0,15,0,80,,27594,8,0,15,0,80,,27595,8,0,15,0,40,,27596,8,0,15,0,80,,27597,8,0,15,0,80,,27598,8,0,15,0,20,,27599,8,0,15,0,20,,27600,8,0,15,0,60,,27601,8,0,15,0,20,,27602,8,0,15,0,20,,27603,8,0,15,0,60,,27604,8,0,15,0,20,,27605,8,0,15,0,20,,27606,8,0,15,0,60,,27607,8,0,15,0,20,,27608,8,0,15,0,20,,27609,8,0,15,0,60,,27610,8,0,15,0,20,,27611,8,0,15,0,20,,27612,8,0,15,0,60,,27613,8,0,15,0,20,,27614,8,0,15,0,20,,27615,8,0,15,0,60,,27616,8,0,15,0,20,,27617,8,0,15,0,20,,27618,8,0,15,0,80,,27619,8,0,15,0,80,,27620,8,0,15,0,40,,27621,8,0,15,0,80,,27622,8,0,15,0,80,,27623,8,0,15,0,40,,27624,8,0,15,0,80,,27625,8,0,15,0
721303,'1350',616,,27626,8,0,15,0,85,,27627,8,0,15,0,20,,27628,8,0,15,0,25,,27629,8,0,15,0,60,,27630,8,0,15,0,25,,27631,8,0,15,0,20,,27632,8,0,15,0,65,,27633,8,0,15,0,20,,27634,8,0,15,0,65,,27635,8,0,15,0,20,,27636,8,0,15,0,25,,27637,8,0,15,0,60,,27638,8,0,15,0,25,,27639,8,0,15,0,20,,27640,8,0,15,0,65,,27641,8,0,15,0,20,,27642,8,0,15,0,65,,27643,8,0,15,0,20,,27644,8,0,15,0,25,,27645,8,0,15,0,60,,27646,8,0,15,0,25,,27647,8,0,15,0,20,,27648,8,0,15,0,65,,27649,8,0,15,0,20,,27650,8,0,15,0,65,,27651,8,0,15,0,20,,27652,8,0,15,0,25,,27653,8,0,15,0,60,,27654,8,0,15,0,25,,27655,8,0,15,0,20,,27656,8,0,15,0,65,,27657,8,0,15,0,20,,27658,8,0,15,0,69,,27659,8,0,15,0,36,,27660,8,0,15,0,80,,27661,8,0,15,0,80,,27666,8,0,15,0,40,,27665,8,0,15,0,80,,27664,8,0,15,0,80,,27663,8,0,15,0,40,,27662,8,0,15,0
721303,'1351',616,,27667,8,0,15,0,85,,27668,8,0,15,0,20,,27669,8,0,15,0,25,,27670,8,0,15,0,60,,27671,8,0,15,0,25,,27672,8,0,15,0,20,,27673,8,0,15,0,65,,27674,8,0,15,0,20,,27675,8,0,15,0,65,,27676,8,0,15,0,20,,27677,8,0,15,0,25,,27678,8,0,15,0,60,,27679,8,0,15,0,25,,27680,8,0,15,0,20,,27681,8,0,15,0,65,,27682,8,0,15,0,20,,27683,8,0,15,0,65,,27684,8,0,15,0,20,,27685,8,0,15,0,25,,27686,8,0,15,0,60,,27687,8,0,15,0,25,,27688,8,0,15,0,20,,27689,8,0,15,0,65,,27690,8,0,15,0,20,,27691,8,0,15,0,65,,27692,8,0,15,0,20,,27693,8,0,15,0,25,,27694,8,0,15,0,60,,27695,8,0,15,0,25,,27696,8,0,15,0,20,,27697,8,0,15,0,65,,27698,8,0,15,0,20,,27699,8,0,15,0,69,,27700,8,0,15,0,36,,27701,8,0,15,0,80,,27702,8,0,15,0,80,,27707,8,0,15,0,40,,27706,8,0,15,0,80,,27705,8,0,15,0,80,,27704,8,0,15,0,40,,27703,8,0,15,0
721303,'1352',616,,27708,8,0,15,0,85,,27709,8,0,15,0,20,,27710,8,0,15,0,25,,27711,8,0,15,0,60,,27712,8,0,15,0,25,,27713,8,0,15,0,20,,27714,8,0,15,0,65,,27715,8,0,15,0,20,,27716,8,0,15,0,65,,27717,8,0,15,0,20,,27718,8,0,15,0,25,,27719,8,0,15,0,60,,27720,8,0,15,0,25,,27721,8,0,15,0,20,,27722,8,0,15,0,65,,27723,8,0,15,0,20,,27724,8,0,15,0,65,,27725,8,0,15,0,20,,27726,8,0,15,0,25,,27727,8,0,15,0,60,,27728,8,0,15,0,25,,27729,8,0,15,0,20,,27730,8,0,15,0,65,,27731,8,0,15,0,20,,27732,8,0,15,0,65,,27733,8,0,15,0,20,,27734,8,0,15,0,25,,27735,8,0,15,0,60,,27736,8,0,15,0,25,,27737,8,0,15,0,20,,27738,8,0,15,0,65,,27739,8,0,15,0,20,,27740,8,0,15,0,69,,27741,8,0,15,0,36,,27742,8,0,15,0,80,,27743,8,0,15,0,80,,27748,8,0,15,0,40,,27747,8,0,15,0,80,,27746,8,0,15,0,80,,27745,8,0,15,0,40,,27744,8,0,15,0
721303,'1353',616,,27749,8,0,15,0,85,,27750,8,0,15,0,20,,27751,8,0,15,0,25,,27752,8,0,15,0,60,,27753,8,0,15,0,25,,27754,8,0,15,0,20,,27755,8,0,15,0,65,,27756,8,0,15,0,20,,27757,8,0,15,0,65,,27758,8,0,15,0,20,,27759,8,0,15,0,25,,27760,8,0,15,0,60,,27761,8,0,15,0,25,,27762,8,0,15,0,20,,27763,8,0,15,0,65,,27764,8,0,15,0,20,,27765,8,0,15,0,65,,27766,8,0,15,0,20,,27767,8,0,15,0,25,,27768,8,0,15,0,60,,27769,8,0,15,0,25,,27770,8,0,15,0,20,,27771,8,0,15,0,65,,27772,8,0,15,0,20,,27773,8,0,15,0,65,,27774,8,0,15,0,20,,27775,8,0,15,0,25,,27776,8,0,15,0,60,,27777,8,0,15,0,25,,27778,8,0,15,0,20,,27779,8,0,15,0,65,,27780,8,0,15,0,20,,27781,8,0,15,0,69,,27782,8,0,15,0,36,,27783,8,0,15,0,80,,27784,8,0,15,0,80,,27789,8,0,15,0,40,,27788,8,0,15,0,80,,27787,8,0,15,0,80,,27786,8,0,15,0,40,,27785,8,0,15,0
721303,'1354',616,,27790,8,0,15,0,85,,27791,8,0,15,0,20,,27792,8,0,15,0,25,,27793,8,0,15,0,60,,27794,8,0,15,0,25,,27795,8,0,15,0,20,,27796,8,0,15,0,65,,27797,8,0,15,0,20,,27798,8,0,15,0,65,,27799,8,0,15,0,20,,27800,8,0,15,0,25,,27801,8,0,15,0,60,,27802,8,0,15,0,25,,27803,8,0,15,0,20,,27804,8,0,15,0,65,,27805,8,0,15,0,20,,27806,8,0,15,0,65,,27807,8,0,15,0,20,,27808,8,0,15,0,25,,27809,8,0,15,0,60,,27810,8,0,15,0,25,,27811,8,0,15,0,20,,27812,8,0,15,0,65,,27813,8,0,15,0,20,,27814,8,0,15,0,65,,27815,8,0,15,0,20,,27816,8,0,15,0,25,,27817,8,0,15,0,60,,27818,8,0,15,0,25,,27819,8,0,15,0,20,,27820,8,0,15,0,65,,27821,8,0,15,0,20,,27822,8,0,15,0,69,,27823,8,0,15,0,36,,27824,8,0,15,0,80,,27825,8,0,15,0,80,,27830,8,0,15,0,40,,27829,8,0,15,0,80,,27828,8,0,15,0,80,,27827,8,0,15,0,40,,27826,8,0,15,0
721502,'1350',723,,28532,6,0,16,0
721502,'1351',723,,28561,6,0,16,0
721502,'1352',723,,28590,6,0,16,0
721502,'1353',723,,28619,6,0,16,0
721502,'1354',723,,28648,6,0,16,0
