1600,'1341',1039,,14490,8,,,0,70,,14491,8,,,0,45,,14493,8,,,0,70,,14492,8,,,0,30,,14489,8,,,0,70,,14488,8,,,0,30,,14487,8,,,0,70,,14486,8,,,0,30,,14485,8,,,0,70,,14484,8,,,0,30,,14483,8,,,0,70,,14482,8,,,0,30,,14481,8,,,0,60,,14480,8,,,0,10,,14479,8,,,0,30,,14478,8,,,0,60,,14477,8,,,0,10,,14476,8,,,0,30,,14475,8,,,0,70,,14474,8,,,0,30,,14473,8,,,0
1600,'1342',725,,14494,8,,,0,30,,14495,8,,,0,70,,14496,8,,,0,30,,14497,8,,,0,70,,14498,8,,,0,30,,14499,8,,,0,70,,14500,8,,,0,30,,14501,8,,,0,60,,14502,8,,,0,20,,14503,8,,,0,20,,14504,8,,,0,60,,14505,8,,,0,20,,14506,8,,,0,20,,14507,8,,,0,60,,14508,8,,,0,20,,14509,8,,,0,20,,14510,8,,,0,60,,14511,8,,,0,20,,14512,8,,,0,20,,14513,8,,,0,60,,14514,8,,,0,20,,14515,8,,,0,20,,14516,8,,,0,60,,14517,8,,,0,20,,14518,8,,,0,20,,14519,8,,,0,60,,14520,8,,,0,20,,14521,8,,,0,20,,14522,8,,,0,60,,14523,8,,,0,5,,14524,8,,,0,15,,14525,8,,,0,20,,14526,8,,,0,70,,14527,8,,,0,30,,14528,8,,,0,70,,14529,8,,,0,30,,14530,8,,,0,70,,14531,8,,,0,30,,14532,8,,,0,100,,14533,8,,,0
1600,'1343',634,,14534,8,,,0,75,,14577,8,,,0,30,,14535,8,,,0,20,,14536,8,,,0,60,,14537,8,,,0,20,,14538,8,,,0,20,,14539,8,,,0,60,,14540,8,,,0,20,,14541,8,,,0,20,,14542,8,,,0,60,,14543,8,,,0,20,,14544,8,,,0,20,,14545,8,,,0,60,,14546,8,,,0,20,,14547,8,,,0,20,,14548,8,,,0,60,,14549,8,,,0,20,,14550,8,,,0,20,,14551,8,,,0,60,,14552,8,,,0,20,,14553,8,,,0,20,,14554,8,,,0,60,,14555,8,,,0,20,,14556,8,,,0,20,,14557,8,,,0,60,,14558,8,,,0,20,,14559,8,,,0,20,,14560,8,,,0,60,,14561,8,,,0,20,,14562,8,,,0,20,,14563,8,,,0,60,,14564,8,,,0,20,,14565,8,,,0,20,,14566,8,,,0,60,,14567,8,,,0,20,,14568,8,,,0,15,,14569,8,,,0,70,,14570,8,,,0,30,,14571,8,,,0,70,,14572,8,,,0,30,,14573,8,,,0,70,,14574,8,,,0,30,,14575,8,,,0,100,,14576,8,,,0
1600,'1344',634,,14578,8,,,0,75,,14621,8,,,0,30,,14579,8,,,0,20,,14580,8,,,0,60,,14581,8,,,0,20,,14582,8,,,0,20,,14583,8,,,0,60,,14584,8,,,0,20,,14585,8,,,0,20,,14586,8,,,0,60,,14587,8,,,0,20,,14588,8,,,0,20,,14589,8,,,0,60,,14590,8,,,0,20,,14591,8,,,0,20,,14592,8,,,0,60,,14593,8,,,0,20,,14594,8,,,0,20,,14595,8,,,0,60,,14596,8,,,0,20,,14597,8,,,0,20,,14598,8,,,0,60,,14599,8,,,0,20,,14600,8,,,0,20,,14601,8,,,0,60,,14602,8,,,0,20,,14603,8,,,0,20,,14604,8,,,0,60,,14605,8,,,0,20,,14606,8,,,0,20,,14607,8,,,0,60,,14608,8,,,0,20,,14609,8,,,0,20,,14610,8,,,0,60,,14611,8,,,0,20,,14612,8,,,0,15,,14613,8,,,0,70,,14614,8,,,0,30,,14615,8,,,0,70,,14616,8,,,0,30,,14617,8,,,0,70,,14618,8,,,0,30,,14619,8,,,0,100,,14620,8,,,0
1600,'1345',634,,14622,8,,,0,75,,14665,8,,,0,30,,14623,8,,,0,20,,14624,8,,,0,60,,14625,8,,,0,20,,14626,8,,,0,20,,14627,8,,,0,60,,14628,8,,,0,20,,14629,8,,,0,20,,14630,8,,,0,60,,14631,8,,,0,20,,14632,8,,,0,20,,14633,8,,,0,60,,14634,8,,,0,20,,14635,8,,,0,20,,14636,8,,,0,60,,14637,8,,,0,20,,14638,8,,,0,20,,14639,8,,,0,60,,14640,8,,,0,20,,14641,8,,,0,20,,14642,8,,,0,60,,14643,8,,,0,20,,14644,8,,,0,20,,14645,8,,,0,60,,14646,8,,,0,20,,14647,8,,,0,20,,14648,8,,,0,60,,14649,8,,,0,20,,14650,8,,,0,20,,14651,8,,,0,60,,14652,8,,,0,20,,14653,8,,,0,20,,14654,8,,,0,60,,14655,8,,,0,20,,14656,8,,,0,15,,14657,8,,,0,70,,14658,8,,,0,30,,14659,8,,,0,70,,14660,8,,,0,30,,14661,8,,,0,70,,14662,8,,,0,30,,14663,8,,,0,100,,14664,8,,,0
1600,'1346',634,,14666,8,,,0,75,,14709,8,,,0,30,,14667,8,,,0,20,,14668,8,,,0,60,,14669,8,,,0,20,,14670,8,,,0,20,,14671,8,,,0,60,,14672,8,,,0,20,,14673,8,,,0,20,,14674,8,,,0,60,,14675,8,,,0,20,,14676,8,,,0,20,,14677,8,,,0,60,,14678,8,,,0,20,,14679,8,,,0,20,,14680,8,,,0,60,,14681,8,,,0,20,,14682,8,,,0,20,,14683,8,,,0,60,,14684,8,,,0,20,,14685,8,,,0,20,,14686,8,,,0,60,,14687,8,,,0,20,,14688,8,,,0,20,,14689,8,,,0,60,,14690,8,,,0,20,,14691,8,,,0,20,,14692,8,,,0,60,,14693,8,,,0,20,,14694,8,,,0,20,,14695,8,,,0,60,,14696,8,,,0,20,,14697,8,,,0,20,,14698,8,,,0,60,,14699,8,,,0,20,,14700,8,,,0,15,,14701,8,,,0,70,,14702,8,,,0,30,,14703,8,,,0,70,,14704,8,,,0,30,,14705,8,,,0,70,,14706,8,,,0,30,,14707,8,,,0,100,,14708,8,,,0
1600,'1347',634,,14710,8,,,0,75,,14753,8,,,0,30,,14711,8,,,0,20,,14712,8,,,0,60,,14713,8,,,0,20,,14714,8,,,0,20,,14715,8,,,0,60,,14716,8,,,0,20,,14717,8,,,0,20,,14718,8,,,0,60,,14719,8,,,0,20,,14720,8,,,0,20,,14721,8,,,0,60,,14722,8,,,0,20,,14723,8,,,0,20,,14724,8,,,0,60,,14725,8,,,0,20,,14726,8,,,0,20,,14727,8,,,0,60,,14728,8,,,0,20,,14729,8,,,0,20,,14730,8,,,0,60,,14731,8,,,0,20,,14732,8,,,0,20,,14733,8,,,0,60,,14734,8,,,0,20,,14735,8,,,0,20,,14736,8,,,0,60,,14737,8,,,0,20,,14738,8,,,0,20,,14739,8,,,0,60,,14740,8,,,0,20,,14741,8,,,0,20,,14742,8,,,0,60,,14743,8,,,0,20,,14744,8,,,0,15,,14745,8,,,0,70,,14746,8,,,0,30,,14747,8,,,0,70,,14748,8,,,0,30,,14749,8,,,0,70,,14750,8,,,0,30,,14751,8,,,0,100,,14752,8,,,0
721403,'1341',950,,20895,24,0,15,0,150,,20894,24,0,15,0,110,,20893,24,0,15,0,110,,20892,24,0,15,0,110,,20891,24,0,15,0,110,,20890,24,0,15,0,110,,20889,24,0,15,0,150,,20888,24,0,15,0
721403,'1342',850,,20896,24,0,15,0,150,,20897,24,0,15,0,110,,20898,24,0,15,0,110,,20899,24,0,15,0,113,,20900,24,0,15,0,115,,20901,24,0,15,0,85,,20902,24,0,15,0,85,,20903,24,0,15,0,85,,20904,24,0,15,0,45,,20905,24,0,15,0,85,,20906,24,0,15,0,85,,20907,24,0,15,0,85,,20908,24,0,15,0
721403,'1343',718,,20909,24,0,15,0,100,,20910,24,0,15,0,85,,20911,24,0,15,0,45,,20912,24,0,15,0,85,,20913,24,0,15,0,85,,20914,24,0,15,0,85,,20915,24,0,15,0,45,,20916,24,0,15,0,85,,20917,24,0,15,0,85,,20918,24,0,15,0,85,,20919,24,0,15,0,45,,20920,24,0,15,0,85,,20921,24,0,15,0,85,,20922,24,0,15,0,85,,20923,24,0,15,0,45,,20924,24,0,15,0,85,,20925,24,0,15,0,85,,20926,24,0,15,0,85,,20927,24,0,15,0,45,,20928,24,0,15,0
721403,'1344',718,,20929,24,0,15,0,100,,20930,24,0,15,0,85,,20931,24,0,15,0,45,,20932,24,0,15,0,85,,20933,24,0,15,0,85,,20934,24,0,15,0,85,,20935,24,0,15,0,45,,20936,24,0,15,0,85,,20937,24,0,15,0,85,,20938,24,0,15,0,85,,20939,24,0,15,0,45,,20940,24,0,15,0,85,,20941,24,0,15,0,85,,20942,24,0,15,0,85,,20943,24,0,15,0,45,,20944,24,0,15,0,85,,20945,24,0,15,0,85,,20946,24,0,15,0,85,,20947,24,0,15,0,45,,20948,24,0,15,0
721403,'1345',718,,20949,24,0,15,0,100,,20950,24,0,15,0,85,,20951,24,0,15,0,45,,20952,24,0,15,0,85,,20953,24,0,15,0,85,,20954,24,0,15,0,85,,20955,24,0,15,0,45,,20956,24,0,15,0,85,,20957,24,0,15,0,85,,20958,24,0,15,0,85,,20959,24,0,15,0,45,,20960,24,0,15,0,85,,20961,24,0,15,0,85,,20962,24,0,15,0,85,,20963,24,0,15,0,45,,20964,24,0,15,0,85,,20965,24,0,15,0,85,,20966,24,0,15,0,85,,20967,24,0,15,0,45,,20968,24,0,15,0
721403,'1346',718,,20969,24,0,15,0,100,,20970,24,0,15,0,85,,20971,24,0,15,0,45,,20972,24,0,15,0,85,,20973,24,0,15,0,85,,20974,24,0,15,0,85,,20975,24,0,15,0,45,,20976,24,0,15,0,85,,20977,24,0,15,0,85,,20978,24,0,15,0,85,,20979,24,0,15,0,45,,20980,24,0,15,0,85,,20981,24,0,15,0,85,,20982,24,0,15,0,85,,20983,24,0,15,0,45,,20984,24,0,15,0,85,,20985,24,0,15,0,85,,20986,24,0,15,0,85,,20987,24,0,15,0,45,,20988,24,0,15,0
721403,'1347',718,,20989,24,0,15,0,100,,20990,24,0,15,0,85,,20991,24,0,15,0,45,,20992,24,0,15,0,85,,20993,24,0,15,0,85,,20994,24,0,15,0,85,,20995,24,0,15,0,45,,20996,24,0,15,0,85,,20997,24,0,15,0,85,,20998,24,0,15,0,85,,20999,24,0,15,0,45,,21000,24,0,15,0,85,,21001,24,0,15,0,85,,21002,24,0,15,0,85,,21003,24,0,15,0,45,,21004,24,0,15,0,85,,21005,24,0,15,0,85,,21006,24,0,15,0,85,,21007,24,0,15,0,45,,21008,24,0,15,0
