721303,'1327',853,,5949,23,0,6,0,80,,5948,23,0,6,0,80,,5947,23,0,6,0,40,,5946,23,0,6,0,80,,5945,23,0,6,0,80,,5944,23,0,6,0,40,,5943,23,0,6,0,80,,5942,23,0,6,0,80,,5941,23,0,6,0,40,,5940,23,0,6,0,80,,5939,23,0,6,0,80,,5938,23,0,6,0,40,,5937,23,0,6,0,80,,5936,23,0,6,0,80,,5935,23,0,6,0,40,,5934,23,0,6,0,80,,5933,23,0,6,0,80,,5932,23,0,6,0
721303,'1328',653,,5950,23,0,6,0,80,,5951,23,0,6,0,80,,5952,23,0,6,0,40,,5953,23,0,6,0,80,,5954,23,0,6,0,80,,5955,23,0,6,0,40,,5956,23,0,6,0,80,,5957,23,0,6,0,80,,5958,23,0,6,0,20,,5959,23,0,6,0,20,,5960,23,0,6,0,60,,5961,23,0,6,0,20,,5962,23,0,6,0,20,,5963,23,0,6,0,60,,5964,23,0,6,0,20,,5965,23,0,6,0,20,,5966,23,0,6,0,60,,5967,23,0,6,0,20,,5968,23,0,6,0,20,,5969,23,0,6,0,60,,5970,23,0,6,0,20,,5971,23,0,6,0,20,,5972,23,0,6,0,60,,5973,23,0,6,0,20,,5974,23,0,6,0,20,,5975,23,0,6,0,60,,5976,23,0,6,0,20,,5977,23,0,6,0,20,,5978,23,0,6,0,80,,5979,23,0,6,0,80,,5980,23,0,6,0,40,,5981,23,0,6,0,80,,5982,23,0,6,0,80,,5983,23,0,6,0,40,,5984,23,0,6,0,80,,5985,23,0,6,0
721303,'1329',632,,5986,24,0,6,0,85,,5987,24,0,6,0,20,,5988,24,0,6,0,65,,5989,24,0,6,0,20,,5990,24,0,6,0,25,,5991,24,0,6,0,60,,5992,24,0,6,0,25,,5993,24,0,6,0,20,,5994,24,0,6,0,65,,5995,24,0,6,0,20,,5996,24,0,6,0,65,,5997,24,0,6,0,20,,5998,24,0,6,0,25,,5999,24,0,6,0,60,,6000,24,0,6,0,25,,6001,24,0,6,0,20,,6002,24,0,6,0,65,,6003,24,0,6,0,20,,6004,24,0,6,0,65,,6005,24,0,6,0,20,,6006,24,0,6,0,25,,6007,24,0,6,0,60,,6008,24,0,6,0,25,,6009,24,0,6,0,20,,6010,24,0,6,0,65,,6011,24,0,6,0,20,,6012,24,0,6,0,65,,6013,24,0,6,0,20,,6014,24,0,6,0,25,,6015,24,0,6,0,60,,6016,24,0,6,0,25,,6017,24,0,6,0,20,,6018,24,0,6,0,66,,6019,24,0,6,0,35,,6020,23,0,6,0,80,,6021,23,0,6,0,80,,6022,23,0,6,0,40,,6023,23,0,6,0,80,,6024,23,0,6,0,80,,6025,23,0,6,0,40,,6026,23,0,6,0
721303,'1330',632,,6027,24,0,6,0,85,,6028,24,0,6,0,20,,6029,24,0,6,0,65,,6030,24,0,6,0,20,,6031,24,0,6,0,25,,6032,24,0,6,0,60,,6033,24,0,6,0,25,,6034,24,0,6,0,20,,6035,24,0,6,0,65,,6036,24,0,6,0,20,,6037,24,0,6,0,65,,6038,24,0,6,0,20,,6039,24,0,6,0,25,,6040,24,0,6,0,60,,6041,24,0,6,0,25,,6042,24,0,6,0,20,,6043,24,0,6,0,65,,6044,24,0,6,0,20,,6045,24,0,6,0,65,,6046,24,0,6,0,20,,6047,24,0,6,0,25,,6048,24,0,6,0,60,,6049,24,0,6,0,25,,6050,24,0,6,0,20,,6051,24,0,6,0,65,,6052,24,0,6,0,20,,6053,24,0,6,0,65,,6054,24,0,6,0,20,,6055,24,0,6,0,25,,6056,24,0,6,0,60,,6057,24,0,6,0,25,,6058,24,0,6,0,20,,6059,24,0,6,0,66,,6060,24,0,6,0,35,,6061,23,0,6,0,80,,6062,23,0,6,0,80,,6063,23,0,6,0,40,,6064,23,0,6,0,80,,6065,23,0,6,0,80,,6066,23,0,6,0,40,,6067,23,0,6,0
721303,'1331',632,,6068,24,0,6,0,85,,6069,24,0,6,0,20,,6070,24,0,6,0,65,,6071,24,0,6,0,20,,6072,24,0,6,0,25,,6073,24,0,6,0,60,,6074,24,0,6,0,25,,6075,24,0,6,0,20,,6076,24,0,6,0,65,,6077,24,0,6,0,20,,6078,24,0,6,0,65,,6079,24,0,6,0,20,,6080,24,0,6,0,25,,6081,24,0,6,0,60,,6082,24,0,6,0,25,,6083,24,0,6,0,20,,6084,24,0,6,0,65,,6085,24,0,6,0,20,,6086,24,0,6,0,65,,6087,24,0,6,0,20,,6088,24,0,6,0,25,,6089,24,0,6,0,60,,6090,24,0,6,0,25,,6091,24,0,6,0,20,,6092,24,0,6,0,65,,6093,24,0,6,0,20,,6094,24,0,6,0,65,,6095,24,0,6,0,20,,6096,24,0,6,0,25,,6097,24,0,6,0,60,,6098,24,0,6,0,25,,6099,24,0,6,0,20,,6100,24,0,6,0,66,,6101,24,0,6,0,35,,6102,23,0,6,0,80,,6103,23,0,6,0,80,,6104,23,0,6,0,40,,6105,23,0,6,0,80,,6106,23,0,6,0,80,,6107,23,0,6,0,40,,6108,23,0,6,0
721303,'1332',632,,6109,24,0,6,0,85,,6110,24,0,6,0,20,,6111,24,0,6,0,65,,6112,24,0,6,0,20,,6113,24,0,6,0,25,,6114,24,0,6,0,60,,6115,24,0,6,0,25,,6116,24,0,6,0,20,,6117,24,0,6,0,65,,6118,24,0,6,0,20,,6119,24,0,6,0,65,,6120,24,0,6,0,20,,6121,24,0,6,0,25,,6122,24,0,6,0,60,,6123,24,0,6,0,25,,6124,24,0,6,0,20,,6125,24,0,6,0,65,,6126,24,0,6,0,20,,6127,24,0,6,0,65,,6128,24,0,6,0,20,,6129,24,0,6,0,25,,6130,24,0,6,0,60,,6131,24,0,6,0,25,,6132,24,0,6,0,20,,6133,24,0,6,0,65,,6134,24,0,6,0,20,,6135,24,0,6,0,65,,6136,24,0,6,0,20,,6137,24,0,6,0,25,,6138,24,0,6,0,60,,6139,24,0,6,0,25,,6140,24,0,6,0,20,,6141,24,0,6,0,66,,6142,24,0,6,0,35,,6143,23,0,6,0,80,,6144,23,0,6,0,80,,6145,23,0,6,0,40,,6146,23,0,6,0,80,,6147,23,0,6,0,80,,6148,23,0,6,0,40,,6149,23,0,6,0
721303,'1333',632,,6150,24,0,6,0,85,,6151,24,0,6,0,20,,6152,24,0,6,0,65,,6153,24,0,6,0,20,,6154,24,0,6,0,25,,6155,24,0,6,0,60,,6156,24,0,6,0,25,,6157,24,0,6,0,20,,6158,24,0,6,0,65,,6159,24,0,6,0,20,,6160,24,0,6,0,65,,6161,24,0,6,0,20,,6162,24,0,6,0,25,,6163,24,0,6,0,60,,6164,24,0,6,0,25,,6165,24,0,6,0,20,,6166,24,0,6,0,65,,6167,24,0,6,0,20,,6168,24,0,6,0,65,,6169,24,0,6,0,20,,6170,24,0,6,0,25,,6171,24,0,6,0,60,,6172,24,0,6,0,25,,6173,24,0,6,0,20,,6174,24,0,6,0,65,,6175,24,0,6,0,20,,6176,24,0,6,0,65,,6177,24,0,6,0,20,,6178,24,0,6,0,25,,6179,24,0,6,0,60,,6180,24,0,6,0,25,,6181,24,0,6,0,20,,6182,24,0,6,0,66,,6183,24,0,6,0,35,,6184,23,0,6,0,80,,6185,23,0,6,0,80,,6186,23,0,6,0,40,,6187,23,0,6,0,80,,6188,23,0,6,0,80,,6189,23,0,6,0,40,,6190,23,0,6,0
722502,'1329',619,,7127,49,0,7,0,100,,7128,49,0,7,0,100,,7129,49,0,7,0,100,,7130,49,0,7,0,100,,7131,49,0,7,0,100,,7132,49,0,7,0,100,,7133,49,0,7,0,100,,7134,49,0,7,0,100,,7135,49,0,7,0,100,,7136,49,0,7,0,100,,7137,49,0,7,0,100,,7138,49,0,7,0,100,,7139,49,0,7,0,100,,7140,49,0,7,0,100,,7141,49,0,7,0,100,,7142,49,0,7,0,100,,7143,49,0,7,0,100,,7144,49,0,7,0
722502,'1330',619,,7145,49,0,7,0,100,,7146,49,0,7,0,100,,7147,49,0,7,0,100,,7148,49,0,7,0,100,,7149,49,0,7,0,100,,7150,49,0,7,0,100,,7151,49,0,7,0,100,,7152,49,0,7,0,100,,7153,49,0,7,0,100,,7154,49,0,7,0,100,,7155,49,0,7,0,100,,7156,49,0,7,0,100,,7157,49,0,7,0,100,,7158,49,0,7,0,100,,7159,49,0,7,0,100,,7160,49,0,7,0,100,,7161,49,0,7,0,100,,7162,49,0,7,0
722502,'1331',619,,7163,49,0,7,0,100,,7164,49,0,7,0,100,,7165,49,0,7,0,100,,7166,49,0,7,0,100,,7167,49,0,7,0,100,,7168,49,0,7,0,100,,7169,49,0,7,0,100,,7170,49,0,7,0,100,,7171,49,0,7,0,100,,7172,49,0,7,0,100,,7173,49,0,7,0,100,,7174,49,0,7,0,100,,7175,49,0,7,0,100,,7176,49,0,7,0,100,,7177,49,0,7,0,100,,7178,49,0,7,0,100,,7179,49,0,7,0,100,,7180,49,0,7,0
722502,'1332',619,,7181,49,0,7,0,100,,7182,49,0,7,0,100,,7183,49,0,7,0,100,,7184,49,0,7,0,100,,7185,49,0,7,0,100,,7186,49,0,7,0,100,,7187,49,0,7,0,100,,7188,49,0,7,0,100,,7189,49,0,7,0,100,,7190,49,0,7,0,100,,7191,49,0,7,0,100,,7192,49,0,7,0,100,,7193,49,0,7,0,100,,7194,49,0,7,0,100,,7195,49,0,7,0,100,,7196,49,0,7,0,100,,7197,49,0,7,0,100,,7198,49,0,7,0
722502,'1333',619,,7199,49,0,7,0,100,,7200,49,0,7,0,100,,7201,49,0,7,0,100,,7202,49,0,7,0,100,,7203,49,0,7,0,100,,7204,49,0,7,0,100,,7205,49,0,7,0,100,,7206,49,0,7,0,100,,7207,49,0,7,0,100,,7208,49,0,7,0,100,,7209,49,0,7,0,100,,7210,49,0,7,0,100,,7211,49,0,7,0,100,,7212,49,0,7,0,100,,7213,49,0,7,0,100,,7214,49,0,7,0,100,,7215,49,0,7,0,100,,7216,49,0,7,0
