721203,'1355',948,,34348,4,0,15,0,85,,34347,4,0,15,0,85,,34346,4,0,15,0,85,,34345,4,0,15,0,45,,34344,4,0,15,0,85,,34343,4,0,15,0,85,,34342,4,0,15,0,85,,34341,4,0,15,0,45,,34340,4,0,15,0,85,,34339,4,0,15,0,85,,34338,4,0,15,0,85,,34337,4,0,15,0,45,,34336,4,0,15,0,85,,34335,4,0,15,0
721203,'1356',648,,34349,4,0,15,0,85,,34350,4,0,15,0,85,,34351,4,0,15,0,85,,34352,4,0,15,0,45,,34353,4,0,15,0,85,,34354,4,0,15,0,70,,34355,4,0,15,0,30,,34356,4,0,15,0,70,,34357,4,0,15,0,30,,34358,4,0,15,0,70,,34359,4,0,15,0,30,,34360,4,0,15,0,70,,34361,4,0,15,0,30,,34362,4,0,15,0,70,,34363,4,0,15,0,30,,34364,4,0,15,0,70,,34365,4,0,15,0,30,,34366,4,0,15,0,70,,34367,4,0,15,0,30,,34368,4,0,15,0,70,,34369,4,0,15,0,30,,34370,4,0,15,0,85,,34371,4,0,15,0,85,,34372,4,0,15,0,45,,34373,4,0,15,0,85,,34374,4,0,15,0,85,,34375,4,0,15,0,85,,34376,4,0,15,0
721203,'1357',618,,34377,4,0,15,0,30,,34378,4,0,15,0,70,,34379,4,0,15,0,30,,34380,4,0,15,0,55,,34381,4,0,15,0,15,,34382,4,0,15,0,15,,34383,4,0,15,0,15,,34384,4,0,15,0,70,,34385,4,0,15,0,30,,34386,4,0,15,0,70,,34387,4,0,15,0,30,,34388,4,0,15,0,70,,34389,4,0,15,0,30,,34390,4,0,15,0,70,,34391,4,0,15,0,30,,34392,4,0,15,0,70,,34393,4,0,15,0,30,,34394,4,0,15,0,70,,34395,4,0,15,0,30,,34396,4,0,15,0,55,,34397,4,0,15,0,15,,34398,4,0,15,0,15,,34399,4,0,15,0,15,,34400,4,0,15,0,70,,34401,4,0,15,0,30,,34402,4,0,15,0,70,,34403,4,0,15,0,30,,34404,4,0,15,0,70,,34405,4,0,15,0,30,,34406,4,0,15,0,85,,34407,4,0,15,0,85,,34408,4,0,15,0,85,,34409,4,0,15,0,45,,34410,4,0,15,0,85,,34411,4,0,15,0,85,,34412,4,0,15,0
721203,'1358',618,,34413,4,0,15,0,30,,34414,4,0,15,0,70,,34415,4,0,15,0,30,,34416,4,0,15,0,55,,34417,4,0,15,0,15,,34418,4,0,15,0,15,,34419,4,0,15,0,15,,34420,4,0,15,0,70,,34421,4,0,15,0,30,,34422,4,0,15,0,70,,34423,4,0,15,0,30,,34424,4,0,15,0,70,,34425,4,0,15,0,30,,34426,4,0,15,0,70,,34427,4,0,15,0,30,,34428,4,0,15,0,70,,34429,4,0,15,0,30,,34430,4,0,15,0,70,,34431,4,0,15,0,30,,34432,4,0,15,0,55,,34433,4,0,15,0,15,,34434,4,0,15,0,15,,34435,4,0,15,0,15,,34436,4,0,15,0,70,,34437,4,0,15,0,30,,34438,4,0,15,0,70,,34439,4,0,15,0,30,,34440,4,0,15,0,70,,34441,4,0,15,0,30,,34442,4,0,15,0,85,,34443,4,0,15,0,85,,34444,4,0,15,0,85,,34445,4,0,15,0,45,,34446,4,0,15,0,85,,34447,4,0,15,0,85,,34448,4,0,15,0
721203,'1359',618,,34449,4,0,15,0,30,,34450,4,0,15,0,70,,34451,4,0,15,0,30,,34452,4,0,15,0,55,,34453,4,0,15,0,15,,34454,4,0,15,0,15,,34455,4,0,15,0,15,,34456,4,0,15,0,70,,34457,4,0,15,0,30,,34458,4,0,15,0,70,,34459,4,0,15,0,30,,34460,4,0,15,0,70,,34461,4,0,15,0,30,,34462,4,0,15,0,70,,34463,4,0,15,0,30,,34464,4,0,15,0,70,,34465,4,0,15,0,30,,34466,4,0,15,0,70,,34467,4,0,15,0,30,,34468,4,0,15,0,55,,34469,4,0,15,0,15,,34470,4,0,15,0,15,,34471,4,0,15,0,15,,34472,4,0,15,0,70,,34473,4,0,15,0,30,,34474,4,0,15,0,70,,34475,4,0,15,0,30,,34476,4,0,15,0,70,,34477,4,0,15,0,30,,34478,4,0,15,0,85,,34479,4,0,15,0,85,,34480,4,0,15,0,85,,34481,4,0,15,0,45,,34482,4,0,15,0,85,,34483,4,0,15,0,85,,34484,4,0,15,0
721203,'1360',618,,34485,4,0,15,0,30,,34486,4,0,15,0,70,,34487,4,0,15,0,30,,34488,4,0,15,0,55,,34489,4,0,15,0,15,,34490,4,0,15,0,15,,34491,4,0,15,0,15,,34492,4,0,15,0,70,,34493,4,0,15,0,30,,34494,4,0,15,0,70,,34495,4,0,15,0,30,,34496,4,0,15,0,70,,34497,4,0,15,0,30,,34498,4,0,15,0,70,,34499,4,0,15,0,30,,34500,4,0,15,0,70,,34501,4,0,15,0,30,,34502,4,0,15,0,70,,34503,4,0,15,0,30,,34504,4,0,15,0,55,,34505,4,0,15,0,15,,34506,4,0,15,0,15,,34507,4,0,15,0,15,,34508,4,0,15,0,70,,34509,4,0,15,0,30,,34510,4,0,15,0,70,,34511,4,0,15,0,30,,34512,4,0,15,0,70,,34513,4,0,15,0,30,,34514,4,0,15,0,85,,34515,4,0,15,0,85,,34516,4,0,15,0,85,,34517,4,0,15,0,45,,34518,4,0,15,0,85,,34519,4,0,15,0,85,,34520,4,0,15,0
721203,'1361',618,,34521,4,0,15,0,30,,34522,4,0,15,0,70,,34523,4,0,15,0,30,,34524,4,0,15,0,55,,34525,4,0,15,0,15,,34526,4,0,15,0,15,,34527,4,0,15,0,15,,34528,4,0,15,0,70,,34529,4,0,15,0,30,,34530,4,0,15,0,70,,34531,4,0,15,0,30,,34532,4,0,15,0,70,,34533,4,0,15,0,30,,34534,4,0,15,0,70,,34535,4,0,15,0,30,,34536,4,0,15,0,70,,34537,4,0,15,0,30,,34538,4,0,15,0,70,,34539,4,0,15,0,30,,34540,4,0,15,0,55,,34541,4,0,15,0,15,,34542,4,0,15,0,15,,34543,4,0,15,0,15,,34544,4,0,15,0,70,,34545,4,0,15,0,30,,34546,4,0,15,0,70,,34547,4,0,15,0,30,,34548,4,0,15,0,70,,34549,4,0,15,0,30,,34550,4,0,15,0,85,,34551,4,0,15,0,85,,34552,4,0,15,0,85,,34553,4,0,15,0,45,,34554,4,0,15,0,85,,34555,4,0,15,0,85,,34556,4,0,15,0
721501,'1355',937,,35544,30,0,17,0,100,,35543,30,0,17,0,100,,35542,30,0,17,0,100,,35541,30,0,17,0,100,,35540,30,0,17,0,100,,35539,30,0,17,0,100,,35538,30,0,17,0,100,,35537,30,0,17,0,100,,35536,30,0,17,0,100,,35535,30,0,17,0,100,,35534,30,0,17,0
721501,'1356',737,,35545,30,0,17,0,100,,35546,30,0,17,0,100,,35547,30,0,17,0,100,,35548,30,0,17,0,100,,35549,30,0,17,0,100,,35550,30,0,17,0,70,,35551,30,0,17,0,30,,35552,30,0,17,0,70,,35553,30,0,17,0,30,,35554,30,0,17,0,70,,35555,30,0,17,0,30,,35556,30,0,17,0,70,,35557,30,0,17,0,30,,35558,30,0,17,0,70,,35559,30,0,17,0,30,,35560,30,0,17,0,70,,35561,30,0,17,0,30,,35562,30,0,17,0,100,,35563,30,0,17,0
721501,'1357',737,,35564,30,0,17,0,70,,35565,30,0,17,0,30,,35566,30,0,17,0,70,,35567,30,0,17,0,30,,35568,30,0,17,0,70,,35569,30,0,17,0,30,,35570,30,0,17,0,70,,35571,30,0,17,0,30,,35572,30,0,17,0,70,,35573,30,0,17,0,30,,35574,30,0,17,0,70,,35575,30,0,17,0,30,,35576,30,0,17,0,70,,35577,30,0,17,0,30,,35578,30,0,17,0,70,,35579,30,0,17,0,30,,35580,30,0,17,0,70,,35581,30,0,17,0,30,,35582,30,0,17,0,70,,35583,30,0,17,0,30,,35584,30,0,17,0,70,,35585,30,0,17,0,30,,35586,30,0,17,0,70,,35587,30,0,17,0,30,,35588,30,0,17,0,100,,35589,30,0,17,0,100,,35590,30,0,17,0,100,,35591,30,0,17,0
721501,'1358',737,,35592,30,0,17,0,70,,35593,30,0,17,0,30,,35594,30,0,17,0,70,,35595,30,0,17,0,30,,35596,30,0,17,0,70,,35597,30,0,17,0,30,,35598,30,0,17,0,70,,35599,30,0,17,0,30,,35600,30,0,17,0,70,,35601,30,0,17,0,30,,35602,30,0,17,0,70,,35603,30,0,17,0,30,,35604,30,0,17,0,70,,35605,30,0,17,0,30,,35606,30,0,17,0,70,,35607,30,0,17,0,30,,35608,30,0,17,0,70,,35609,30,0,17,0,30,,35610,30,0,17,0,70,,35611,30,0,17,0,30,,35612,30,0,17,0,70,,35613,30,0,17,0,30,,35614,30,0,17,0,70,,35615,30,0,17,0,30,,35616,30,0,17,0,100,,35617,30,0,17,0,100,,35618,30,0,17,0,100,,35619,30,0,17,0
721501,'1359',737,,35620,30,0,17,0,70,,35621,30,0,17,0,30,,35622,30,0,17,0,70,,35623,30,0,17,0,30,,35624,30,0,17,0,70,,35625,30,0,17,0,30,,35626,30,0,17,0,70,,35627,30,0,17,0,30,,35628,30,0,17,0,70,,35629,30,0,17,0,30,,35630,30,0,17,0,70,,35631,30,0,17,0,30,,35632,30,0,17,0,70,,35633,30,0,17,0,30,,35634,30,0,17,0,70,,35635,30,0,17,0,30,,35636,30,0,17,0,70,,35637,30,0,17,0,30,,35638,30,0,17,0,70,,35639,30,0,17,0,30,,35640,30,0,17,0,70,,35641,30,0,17,0,30,,35642,30,0,17,0,70,,35643,30,0,17,0,30,,35644,30,0,17,0,100,,35645,30,0,17,0,100,,35646,30,0,17,0,100,,35647,30,0,17,0
721501,'1360',737,,35648,30,0,17,0,70,,35649,30,0,17,0,30,,35650,30,0,17,0,70,,35651,30,0,17,0,30,,35652,30,0,17,0,70,,35653,30,0,17,0,30,,35654,30,0,17,0,70,,35655,30,0,17,0,30,,35656,30,0,17,0,70,,35657,30,0,17,0,30,,35658,30,0,17,0,70,,35659,30,0,17,0,30,,35660,30,0,17,0,70,,35661,30,0,17,0,30,,35662,30,0,17,0,70,,35663,30,0,17,0,30,,35664,30,0,17,0,70,,35665,30,0,17,0,30,,35666,30,0,17,0,70,,35667,30,0,17,0,30,,35668,30,0,17,0,70,,35669,30,0,17,0,30,,35670,30,0,17,0,70,,35671,30,0,17,0,30,,35672,30,0,17,0,100,,35673,30,0,17,0,100,,35674,30,0,17,0,100,,35675,30,0,17,0
721501,'1361',737,,35676,30,0,17,0,70,,35677,30,0,17,0,30,,35678,30,0,17,0,70,,35679,30,0,17,0,30,,35680,30,0,17,0,70,,35681,30,0,17,0,30,,35682,30,0,17,0,70,,35683,30,0,17,0,30,,35684,30,0,17,0,70,,35685,30,0,17,0,30,,35686,30,0,17,0,70,,35687,30,0,17,0,30,,35688,30,0,17,0,70,,35689,30,0,17,0,30,,35690,30,0,17,0,70,,35691,30,0,17,0,30,,35692,30,0,17,0,70,,35693,30,0,17,0,30,,35694,30,0,17,0,70,,35695,30,0,17,0,30,,35696,30,0,17,0,70,,35697,30,0,17,0,30,,35698,30,0,17,0,70,,35699,30,0,17,0,30,,35700,30,0,17,0,100,,35701,30,0,17,0,100,,35702,30,0,17,0,100,,35703,30,0,17,0
