2801,'1349',824,,25195,16,,,0,110,,25196,16,,,0,110,,25197,16,,,0,110,,25198,16,,,0,150,,25199,16,,,0,110,,25200,16,,,0,110,,25201,16,,,0,110,,25202,16,,,0,110,,25203,16,,,0,110,,25204,16,,,0
2801,'1350',649,,25205,16,,,0,75,,25206,16,,,0,35,,25207,16,,,0,75,,25208,16,,,0,75,,25209,16,,,0,35,,25210,16,,,0,75,,25211,16,,,0,35,,25212,16,,,0,75,,25213,16,,,0,75,,25214,16,,,0,35,,25215,16,,,0,75,,25216,16,,,0,35,,25217,16,,,0,75,,25218,16,,,0,35,,25219,16,,,0,75,,25220,16,,,0,75,,25221,16,,,0,35,,25222,16,,,0,75,,25223,16,,,0,35,,25224,16,,,0,75,,25225,16,,,0,75,,25226,16,,,0,35,,25227,16,,,0
2801,'1351',649,,25228,16,,,0,75,,25229,16,,,0,35,,25230,16,,,0,75,,25231,16,,,0,75,,25232,16,,,0,35,,25233,16,,,0,75,,25234,16,,,0,35,,25235,16,,,0,75,,25236,16,,,0,75,,25237,16,,,0,35,,25238,16,,,0,75,,25239,16,,,0,35,,25240,16,,,0,75,,25241,16,,,0,35,,25242,16,,,0,75,,25243,16,,,0,75,,25244,16,,,0,35,,25245,16,,,0,75,,25246,16,,,0,35,,25247,16,,,0,75,,25248,16,,,0,75,,25249,16,,,0,35,,25250,16,,,0
2801,'1352',649,,25251,16,,,0,75,,25252,16,,,0,35,,25253,16,,,0,75,,25254,16,,,0,75,,25255,16,,,0,35,,25256,16,,,0,75,,25257,16,,,0,35,,25258,16,,,0,75,,25259,16,,,0,75,,25260,16,,,0,35,,25261,16,,,0,75,,25262,16,,,0,35,,25263,16,,,0,75,,25264,16,,,0,35,,25265,16,,,0,75,,25266,16,,,0,75,,25267,16,,,0,35,,25268,16,,,0,75,,25269,16,,,0,35,,25270,16,,,0,75,,25271,16,,,0,75,,25272,16,,,0,35,,25273,16,,,0
2801,'1353',649,,25274,16,,,0,75,,25275,16,,,0,35,,25276,16,,,0,75,,25277,16,,,0,75,,25278,16,,,0,35,,25279,16,,,0,75,,25280,16,,,0,35,,25281,16,,,0,75,,25282,16,,,0,75,,25283,16,,,0,35,,25284,16,,,0,75,,25285,16,,,0,35,,25286,16,,,0,75,,25287,16,,,0,35,,25288,16,,,0,75,,25289,16,,,0,75,,25290,16,,,0,35,,25291,16,,,0,75,,25292,16,,,0,35,,25293,16,,,0,75,,25294,16,,,0,75,,25295,16,,,0,35,,25296,16,,,0
2801,'1354',649,,25297,16,,,0,75,,25298,16,,,0,35,,25299,16,,,0,75,,25300,16,,,0,75,,25301,16,,,0,35,,25302,16,,,0,75,,25303,16,,,0,35,,25304,16,,,0,75,,25305,16,,,0,75,,25306,16,,,0,35,,25307,16,,,0,75,,25308,16,,,0,35,,25309,16,,,0,75,,25310,16,,,0,35,,25311,16,,,0,75,,25312,16,,,0,75,,25313,16,,,0,35,,25314,16,,,0,75,,25315,16,,,0,35,,25316,16,,,0,75,,25317,16,,,0,75,,25318,16,,,0,35,,25319,16,,,0
722501,'1350',554,,28677,42,0,17,0,160,,28678,42,0,17,0,100,,28679,42,0,17,0,100,,28680,42,0,17,0,100,,28681,42,0,17,0,100,,28682,42,0,17,0,100,,28683,42,0,17,0,100,,28684,42,0,17,0,100,,28685,42,0,17,0,100,,28686,42,0,17,0,100,,28687,42,0,17,0,100,,28688,42,0,17,0,100,,28689,42,0,17,0,100,,28690,42,0,17,0,100,,28691,42,0,17,0,100,,28692,42,0,17,0,100,,28693,42,0,17,0,100,,28694,42,0,17,0
722501,'1351',554,,28695,42,0,17,0,160,,28696,42,0,17,0,100,,28697,42,0,17,0,100,,28698,42,0,17,0,100,,28699,42,0,17,0,100,,28700,42,0,17,0,100,,28701,42,0,17,0,100,,28702,42,0,17,0,100,,28703,42,0,17,0,100,,28704,42,0,17,0,100,,28705,42,0,17,0,100,,28706,42,0,17,0,100,,28707,42,0,17,0,100,,28708,42,0,17,0,100,,28709,42,0,17,0,100,,28710,42,0,17,0,100,,28711,42,0,17,0,100,,28712,42,0,17,0
722501,'1352',554,,28713,42,0,17,0,160,,28714,42,0,17,0,100,,28715,42,0,17,0,100,,28716,42,0,17,0,100,,28717,42,0,17,0,100,,28718,42,0,17,0,100,,28719,42,0,17,0,100,,28720,42,0,17,0,100,,28721,42,0,17,0,100,,28722,42,0,17,0,100,,28723,42,0,17,0,100,,28724,42,0,17,0,100,,28725,42,0,17,0,100,,28726,42,0,17,0,100,,28727,42,0,17,0,100,,28728,42,0,17,0,100,,28729,42,0,17,0,100,,28730,42,0,17,0
722501,'1353',554,,28731,42,0,17,0,160,,28732,42,0,17,0,100,,28733,42,0,17,0,100,,28734,42,0,17,0,100,,28735,42,0,17,0,100,,28736,42,0,17,0,100,,28737,42,0,17,0,100,,28738,42,0,17,0,100,,28739,42,0,17,0,100,,28740,42,0,17,0,100,,28741,42,0,17,0,100,,28742,42,0,17,0,100,,28743,42,0,17,0,100,,28744,42,0,17,0,100,,28745,42,0,17,0,100,,28746,42,0,17,0,100,,28747,42,0,17,0,100,,28748,42,0,17,0
722501,'1354',554,,28749,42,0,17,0,160,,28750,42,0,17,0,100,,28751,42,0,17,0,100,,28752,42,0,17,0,100,,28753,42,0,17,0,100,,28754,42,0,17,0,100,,28755,42,0,17,0,100,,28756,42,0,17,0,100,,28757,42,0,17,0,100,,28758,42,0,17,0,100,,28759,42,0,17,0,100,,28760,42,0,17,0,100,,28761,42,0,17,0,100,,28762,42,0,17,0,100,,28763,42,0,17,0,100,,28764,42,0,17,0,100,,28765,42,0,17,0,100,,28766,42,0,17,0
