721304,'1355',824,,35050,42,0,14,0,80,,35049,42,0,14,0,40,,35048,42,0,14,0,80,,35047,42,0,14,0,80,,35046,42,0,14,0,40,,35045,42,0,14,0,80,,35044,42,0,14,0,80,,35043,42,0,14,0,40,,35042,42,0,14,0,80,,35041,42,0,14,0,80,,35040,42,0,14,0,40,,35039,42,0,14,0,80,,35038,42,0,14,0,80,,35037,42,0,14,0,40,,35036,42,0,14,0,80,,35035,42,0,14,0,80,,35034,42,0,14,0,40,,35033,42,0,14,0
721304,'1356',624,,35051,42,0,14,0,80,,35052,42,0,14,0,40,,35053,42,0,14,0,80,,35054,42,0,14,0,80,,35055,42,0,14,0,40,,35056,42,0,14,0,80,,35057,42,0,14,0,80,,35058,42,0,14,0,40,,35059,42,0,14,0,60,,35060,42,0,14,0,20,,35061,42,0,14,0,20,,35062,42,0,14,0,60,,35063,42,0,14,0,20,,35064,42,0,14,0,20,,35065,42,0,14,0,60,,35066,42,0,14,0,20,,35067,42,0,14,0,20,,35068,42,0,14,0,60,,35069,42,0,14,0,20,,35070,42,0,14,0,20,,35071,42,0,14,0,60,,35072,42,0,14,0,20,,35073,42,0,14,0,20,,35074,42,0,14,0,60,,35075,42,0,14,0,20,,35076,42,0,14,0,20,,35077,42,0,14,0,60,,35078,42,0,14,0,20,,35079,42,0,14,0,80,,35080,42,0,14,0,40,,35081,42,0,14,0,80,,35082,42,0,14,0,80,,35083,42,0,14,0,40,,35084,42,0,14,0,80,,35085,42,0,14,0,80,,35086,42,0,14,0
721304,'1357',558,,35087,42,0,14,0,85,,35088,42,0,14,0,60,,35089,42,0,14,0,25,,35090,42,0,14,0,20,,35091,42,0,14,0,65,,35092,42,0,14,0,20,,35093,42,0,14,0,25,,35094,42,0,14,0,60,,35095,42,0,14,0,25,,35096,42,0,14,0,60,,35097,42,0,14,0,25,,35098,42,0,14,0,20,,35099,42,0,14,0,65,,35100,42,0,14,0,20,,35101,42,0,14,0,25,,35102,42,0,14,0,60,,35103,42,0,14,0,25,,35104,42,0,14,0,60,,35105,42,0,14,0,25,,35106,42,0,14,0,20,,35107,42,0,14,0,65,,35108,42,0,14,0,20,,35109,42,0,14,0,25,,35110,42,0,14,0,60,,35111,42,0,14,0,25,,35112,42,0,14,0,60,,35113,42,0,14,0,25,,35114,42,0,14,0,20,,35115,42,0,14,0,65,,35116,42,0,14,0,20,,35117,42,0,14,0,25,,35118,42,0,14,0,60,,35119,42,0,14,0,30,,35120,42,0,14,0,76,,35121,42,0,14,0,80,,35122,42,0,14,0,40,,35123,42,0,14,0,80,,35124,42,0,14,0,80,,35125,42,0,14,0,40,,35126,42,0,14,0,80,,35127,42,0,14,0
721304,'1358',558,,35128,42,0,14,0,85,,35129,42,0,14,0,60,,35130,42,0,14,0,25,,35131,42,0,14,0,20,,35132,42,0,14,0,65,,35133,42,0,14,0,20,,35134,42,0,14,0,25,,35135,42,0,14,0,60,,35136,42,0,14,0,25,,35137,42,0,14,0,60,,35138,42,0,14,0,25,,35139,42,0,14,0,20,,35140,42,0,14,0,65,,35141,42,0,14,0,20,,35142,42,0,14,0,25,,35143,42,0,14,0,60,,35144,42,0,14,0,25,,35145,42,0,14,0,60,,35146,42,0,14,0,25,,35147,42,0,14,0,20,,35148,42,0,14,0,65,,35149,42,0,14,0,20,,35150,42,0,14,0,25,,35151,42,0,14,0,60,,35152,42,0,14,0,25,,35153,42,0,14,0,60,,35154,42,0,14,0,25,,35155,42,0,14,0,20,,35156,42,0,14,0,65,,35157,42,0,14,0,20,,35158,42,0,14,0,25,,35159,42,0,14,0,60,,35160,42,0,14,0,30,,35161,42,0,14,0,76,,35162,42,0,14,0,80,,35163,42,0,14,0,40,,35164,42,0,14,0,80,,35165,42,0,14,0,80,,35166,42,0,14,0,40,,35167,42,0,14,0,80,,35168,42,0,14,0
721304,'1359',558,,35169,42,0,14,0,85,,35170,42,0,14,0,60,,35171,42,0,14,0,25,,35172,42,0,14,0,20,,35173,42,0,14,0,65,,35174,42,0,14,0,20,,35175,42,0,14,0,25,,35176,42,0,14,0,60,,35177,42,0,14,0,25,,35178,42,0,14,0,60,,35179,42,0,14,0,25,,35180,42,0,14,0,20,,35181,42,0,14,0,65,,35182,42,0,14,0,20,,35183,42,0,14,0,25,,35184,42,0,14,0,60,,35185,42,0,14,0,25,,35186,42,0,14,0,60,,35187,42,0,14,0,25,,35188,42,0,14,0,20,,35189,42,0,14,0,65,,35190,42,0,14,0,20,,35191,42,0,14,0,25,,35192,42,0,14,0,60,,35193,42,0,14,0,25,,35194,42,0,14,0,60,,35195,42,0,14,0,25,,35196,42,0,14,0,20,,35197,42,0,14,0,65,,35198,42,0,14,0,20,,35199,42,0,14,0,25,,35200,42,0,14,0,60,,35201,42,0,14,0,30,,35202,42,0,14,0,76,,35203,42,0,14,0,80,,35204,42,0,14,0,40,,35205,42,0,14,0,80,,35206,42,0,14,0,80,,35207,42,0,14,0,40,,35208,42,0,14,0,80,,35209,42,0,14,0
721304,'1360',558,,35210,42,0,14,0,85,,35211,42,0,14,0,60,,35212,42,0,14,0,25,,35213,42,0,14,0,20,,35214,42,0,14,0,65,,35215,42,0,14,0,20,,35216,42,0,14,0,25,,35217,42,0,14,0,60,,35218,42,0,14,0,25,,35219,42,0,14,0,60,,35220,42,0,14,0,25,,35221,42,0,14,0,20,,35222,42,0,14,0,65,,35223,42,0,14,0,20,,35224,42,0,14,0,25,,35225,42,0,14,0,60,,35226,42,0,14,0,25,,35227,42,0,14,0,60,,35228,42,0,14,0,25,,35229,42,0,14,0,20,,35230,42,0,14,0,65,,35231,42,0,14,0,20,,35232,42,0,14,0,25,,35233,42,0,14,0,60,,35234,42,0,14,0,25,,35235,42,0,14,0,60,,35236,42,0,14,0,25,,35237,42,0,14,0,20,,35238,42,0,14,0,65,,35239,42,0,14,0,20,,35240,42,0,14,0,25,,35241,42,0,14,0,60,,35242,42,0,14,0,30,,35243,42,0,14,0,76,,35244,42,0,14,0,80,,35245,42,0,14,0,40,,35246,42,0,14,0,80,,35247,42,0,14,0,80,,35248,42,0,14,0,40,,35249,42,0,14,0,80,,35250,42,0,14,0
721304,'1361',558,,35251,42,0,14,0,85,,35252,42,0,14,0,60,,35253,42,0,14,0,25,,35254,42,0,14,0,20,,35255,42,0,14,0,65,,35256,42,0,14,0,20,,35257,42,0,14,0,25,,35258,42,0,14,0,60,,35259,42,0,14,0,25,,35260,42,0,14,0,60,,35261,42,0,14,0,25,,35262,42,0,14,0,20,,35263,42,0,14,0,65,,35264,42,0,14,0,20,,35265,42,0,14,0,25,,35266,42,0,14,0,60,,35267,42,0,14,0,25,,35268,42,0,14,0,60,,35269,42,0,14,0,25,,35270,42,0,14,0,20,,35271,42,0,14,0,65,,35272,42,0,14,0,20,,35273,42,0,14,0,25,,35274,42,0,14,0,60,,35275,42,0,14,0,25,,35276,42,0,14,0,60,,35277,42,0,14,0,25,,35278,42,0,14,0,20,,35279,42,0,14,0,65,,35280,42,0,14,0,20,,35281,42,0,14,0,25,,35282,42,0,14,0,60,,35283,42,0,14,0,30,,35284,42,0,14,0,76,,35285,42,0,14,0,80,,35286,42,0,14,0,40,,35287,42,0,14,0,80,,35288,42,0,14,0,80,,35289,42,0,14,0,40,,35290,42,0,14,0,80,,35291,42,0,14,0
722600,'1357',726,,36062,13,,,0,84,,36059,13,,,0,690,,36060,14,,,0,42,,36061,14,,,0
722600,'1358',726,,36066,13,,,0,84,,36063,13,,,0,690,,36064,14,,,0,42,,36065,14,,,0
722600,'1359',726,,36070,13,,,0,84,,36067,13,,,0,690,,36068,14,,,0,42,,36069,14,,,0
722600,'1360',726,,36074,13,,,0,84,,36071,13,,,0,690,,36072,14,,,0,42,,36073,14,,,0
722600,'1361',726,,36078,13,,,0,84,,36075,13,,,0,690,,36076,14,,,0,42,,36077,14,,,0
