1901,'1348',916,,24297,19,,,0,100,,24296,19,,,0,100,,24295,19,,,0,100,,24294,19,,,0,100,,24305,19,,,0,100,,24302,19,,,0,100,,24301,19,,,0,100,,24300,19,,,0,100,,24299,19,,,0,100,,24298,19,,,0,100,,24304,19,,,0,100,,24303,19,,,0
1901,'1349',816,,24306,19,,,0,100,,24307,19,,,0,100,,24308,19,,,0,30,,24309,19,,,0,70,,24310,19,,,0,30,,24311,19,,,0,70,,24312,19,,,0,30,,24313,19,,,0,70,,24314,19,,,0,30,,24315,19,,,0,70,,24316,19,,,0,30,,24317,19,,,0,70,,24318,19,,,0,30,,24319,19,,,0,70,,24320,19,,,0,30,,24321,19,,,0,70,,24322,19,,,0,30,,24323,19,,,0,70,,24324,19,,,0,30,,24325,19,,,0,70,,24326,19,,,0,30,,24327,19,,,0,70,,24328,19,,,0,100,,24329,19,,,0,100,,24330,19,,,0,100,,24331,19,,,0
1901,'1350',616,,24332,19,,,0,30,,24333,19,,,0,70,,24334,19,,,0,30,,24335,19,,,0,70,,24336,19,,,0,30,,24337,19,,,0,70,,24338,19,,,0,30,,24339,19,,,0,70,,24340,19,,,0,30,,24341,19,,,0,70,,24342,19,,,0,30,,24343,19,,,0,70,,24344,19,,,0,30,,24345,19,,,0,70,,24346,19,,,0,30,,24347,19,,,0,70,,24348,19,,,0,30,,24349,19,,,0,70,,24350,19,,,0,30,,24351,19,,,0,70,,24352,19,,,0,30,,24353,19,,,0,70,,24354,19,,,0,30,,24355,19,,,0,70,,24356,19,,,0,30,,24357,19,,,0,70,,24358,19,,,0,30,,24359,19,,,0,70,,24360,19,,,0,30,,24361,19,,,0,70,,24362,19,,,0,30,,24363,19,,,0,100,,24364,19,,,0,100,,24365,19,,,0
1901,'1351',616,,24366,19,,,0,30,,24367,19,,,0,70,,24368,19,,,0,30,,24369,19,,,0,70,,24370,19,,,0,30,,24371,19,,,0,70,,24372,19,,,0,30,,24373,19,,,0,70,,24374,19,,,0,30,,24375,19,,,0,70,,24376,19,,,0,30,,24377,19,,,0,70,,24378,19,,,0,30,,24379,19,,,0,70,,24380,19,,,0,30,,24381,19,,,0,70,,24382,19,,,0,30,,24383,19,,,0,70,,24384,19,,,0,30,,24385,19,,,0,70,,24386,19,,,0,30,,24387,19,,,0,70,,24388,19,,,0,30,,24389,19,,,0,70,,24390,19,,,0,30,,24391,19,,,0,70,,24392,19,,,0,30,,24393,19,,,0,70,,24394,19,,,0,30,,24395,19,,,0,70,,24396,19,,,0,30,,24397,19,,,0,100,,24398,19,,,0,100,,24399,19,,,0
1901,'1352',616,,24400,19,,,0,30,,24401,19,,,0,70,,24402,19,,,0,30,,24403,19,,,0,70,,24404,19,,,0,30,,24405,19,,,0,70,,24406,19,,,0,30,,24407,19,,,0,70,,24408,19,,,0,30,,24409,19,,,0,70,,24410,19,,,0,30,,24411,19,,,0,70,,24412,19,,,0,30,,24413,19,,,0,70,,24414,19,,,0,30,,24415,19,,,0,70,,24416,19,,,0,30,,24417,19,,,0,70,,24418,19,,,0,30,,24419,19,,,0,70,,24420,19,,,0,30,,24421,19,,,0,70,,24422,19,,,0,30,,24423,19,,,0,70,,24424,19,,,0,30,,24425,19,,,0,70,,24426,19,,,0,30,,24427,19,,,0,70,,24428,19,,,0,30,,24429,19,,,0,70,,24430,19,,,0,30,,24431,19,,,0,100,,24432,19,,,0,100,,24433,19,,,0
1901,'1353',616,,24434,19,,,0,30,,24435,19,,,0,70,,24436,19,,,0,30,,24437,19,,,0,70,,24438,19,,,0,30,,24439,19,,,0,70,,24440,19,,,0,30,,24441,19,,,0,70,,24442,19,,,0,30,,24443,19,,,0,70,,24444,19,,,0,30,,24445,19,,,0,70,,24446,19,,,0,30,,24447,19,,,0,70,,24448,19,,,0,30,,24449,19,,,0,70,,24450,19,,,0,30,,24451,19,,,0,70,,24452,19,,,0,30,,24453,19,,,0,70,,24454,19,,,0,30,,24455,19,,,0,70,,24456,19,,,0,30,,24457,19,,,0,70,,24458,19,,,0,30,,24459,19,,,0,70,,24460,19,,,0,30,,24461,19,,,0,70,,24462,19,,,0,30,,24463,19,,,0,70,,24464,19,,,0,30,,24465,19,,,0,100,,24466,19,,,0,100,,24467,19,,,0
1901,'1354',616,,24468,19,,,0,30,,24469,19,,,0,70,,24470,19,,,0,30,,24471,19,,,0,70,,24472,19,,,0,30,,24473,19,,,0,70,,24474,19,,,0,30,,24475,19,,,0,70,,24476,19,,,0,30,,24477,19,,,0,70,,24478,19,,,0,30,,24479,19,,,0,70,,24480,19,,,0,30,,24481,19,,,0,70,,24482,19,,,0,30,,24483,19,,,0,70,,24484,19,,,0,30,,24485,19,,,0,70,,24486,19,,,0,30,,24487,19,,,0,70,,24488,19,,,0,30,,24489,19,,,0,70,,24490,19,,,0,30,,24491,19,,,0,70,,24492,19,,,0,30,,24493,19,,,0,70,,24494,19,,,0,30,,24495,19,,,0,70,,24496,19,,,0,30,,24497,19,,,0,70,,24498,19,,,0,30,,24499,19,,,0,100,,24500,19,,,0,100,,24501,19,,,0
552200,'1350',656,,25874,13,0,9,0,70,,25875,13,0,9,0,30,,25876,13,0,9,0,70,,25877,13,0,9,0,30,,25878,13,0,9,0,70,,25879,13,0,9,0,30,,25880,13,0,9,0,70,,25881,13,0,9,0,30,,25882,13,0,9,0,70,,25883,13,0,9,0,30,,25884,13,0,9,0,70,,25885,13,0,9,0,30,,25886,13,0,9,0,70,,25887,13,0,9,0,30,,25888,13,0,9,0,70,,25889,13,0,9,0,30,,25890,13,0,9,0,70,,25891,13,0,9,0,30,,25892,13,0,9,0,70,,25893,13,0,9,0,30,,25894,13,0,9,0,70,,25895,13,0,9,0,30,,25896,13,0,9,0
552200,'1351',656,,25897,13,0,9,0,70,,25898,13,0,9,0,30,,25899,13,0,9,0,70,,25900,13,0,9,0,30,,25901,13,0,9,0,70,,25902,13,0,9,0,30,,25903,13,0,9,0,70,,25904,13,0,9,0,30,,25905,13,0,9,0,70,,25906,13,0,9,0,30,,25907,13,0,9,0,70,,25908,13,0,9,0,30,,25909,13,0,9,0,70,,25910,13,0,9,0,30,,25911,13,0,9,0,70,,25912,13,0,9,0,30,,25913,13,0,9,0,70,,25914,13,0,9,0,30,,25915,13,0,9,0,70,,25916,13,0,9,0,30,,25917,13,0,9,0,70,,25918,13,0,9,0,30,,25919,13,0,9,0
552200,'1352',656,,25920,13,0,9,0,70,,25921,13,0,9,0,30,,25922,13,0,9,0,70,,25923,13,0,9,0,30,,25924,13,0,9,0,70,,25925,13,0,9,0,30,,25926,13,0,9,0,70,,25927,13,0,9,0,30,,25928,13,0,9,0,70,,25929,13,0,9,0,30,,25930,13,0,9,0,70,,25931,13,0,9,0,30,,25932,13,0,9,0,70,,25933,13,0,9,0,30,,25934,13,0,9,0,70,,25935,13,0,9,0,30,,25936,13,0,9,0,70,,25937,13,0,9,0,30,,25938,13,0,9,0,70,,25939,13,0,9,0,30,,25940,13,0,9,0,70,,25941,13,0,9,0,30,,25942,13,0,9,0
552200,'1353',656,,25943,13,0,9,0,70,,25944,13,0,9,0,30,,25945,13,0,9,0,70,,25946,13,0,9,0,30,,25947,13,0,9,0,70,,25948,13,0,9,0,30,,25949,13,0,9,0,70,,25950,13,0,9,0,30,,25951,13,0,9,0,70,,25952,13,0,9,0,30,,25953,13,0,9,0,70,,25954,13,0,9,0,30,,25955,13,0,9,0,70,,25956,13,0,9,0,30,,25957,13,0,9,0,70,,25958,13,0,9,0,30,,25959,13,0,9,0,70,,25960,13,0,9,0,30,,25961,13,0,9,0,70,,25962,13,0,9,0,30,,25963,13,0,9,0,70,,25964,13,0,9,0,30,,25965,13,0,9,0
552200,'1354',656,,25966,13,0,9,0,70,,25967,13,0,9,0,30,,25968,13,0,9,0,70,,25969,13,0,9,0,30,,25970,13,0,9,0,70,,25971,13,0,9,0,30,,25972,13,0,9,0,70,,25973,13,0,9,0,30,,25974,13,0,9,0,70,,25975,13,0,9,0,30,,25976,13,0,9,0,70,,25977,13,0,9,0,30,,25978,13,0,9,0,70,,25979,13,0,9,0,30,,25980,13,0,9,0,70,,25981,13,0,9,0,30,,25982,13,0,9,0,70,,25983,13,0,9,0,30,,25984,13,0,9,0,70,,25985,13,0,9,0,30,,25986,13,0,9,0,70,,25987,13,0,9,0,30,,25988,13,0,9,0
