722501,'1357',541,,35879,34,0,17,0,160,,35880,34,0,17,0,100,,35881,34,0,17,0,100,,35882,34,0,17,0,100,,35883,34,0,17,0,100,,35884,34,0,17,0,100,,35885,34,0,17,0,100,,35886,34,0,17,0,100,,35887,34,0,17,0,100,,35888,34,0,17,0,100,,35889,34,0,17,0,100,,35890,34,0,17,0,100,,35891,34,0,17,0,100,,35892,34,0,17,0,100,,35893,34,0,17,0,100,,35894,34,0,17,0,100,,35895,34,0,17,0,100,,35896,34,0,17,0
722501,'1358',541,,35897,34,0,17,0,160,,35898,34,0,17,0,100,,35899,34,0,17,0,100,,35900,34,0,17,0,100,,35901,34,0,17,0,100,,35902,34,0,17,0,100,,35903,34,0,17,0,100,,35904,34,0,17,0,100,,35905,34,0,17,0,100,,35906,34,0,17,0,100,,35907,34,0,17,0,100,,35908,34,0,17,0,100,,35909,34,0,17,0,100,,35910,34,0,17,0,100,,35911,34,0,17,0,100,,35912,34,0,17,0,100,,35913,34,0,17,0,100,,35914,34,0,17,0
722501,'1359',541,,35915,34,0,17,0,160,,35916,34,0,17,0,100,,35917,34,0,17,0,100,,35918,34,0,17,0,100,,35919,34,0,17,0,100,,35920,34,0,17,0,100,,35921,34,0,17,0,100,,35922,34,0,17,0,100,,35923,34,0,17,0,100,,35924,34,0,17,0,100,,35925,34,0,17,0,100,,35926,34,0,17,0,100,,35927,34,0,17,0,100,,35928,34,0,17,0,100,,35929,34,0,17,0,100,,35930,34,0,17,0,100,,35931,34,0,17,0,100,,35932,34,0,17,0
722501,'1360',541,,35933,34,0,17,0,160,,35934,34,0,17,0,100,,35935,34,0,17,0,100,,35936,34,0,17,0,100,,35937,34,0,17,0,100,,35938,34,0,17,0,100,,35939,34,0,17,0,100,,35940,34,0,17,0,100,,35941,34,0,17,0,100,,35942,34,0,17,0,100,,35943,34,0,17,0,100,,35944,34,0,17,0,100,,35945,34,0,17,0,100,,35946,34,0,17,0,100,,35947,34,0,17,0,100,,35948,34,0,17,0,100,,35949,34,0,17,0,100,,35950,34,0,17,0
722501,'1361',541,,35951,34,0,17,0,160,,35952,34,0,17,0,100,,35953,34,0,17,0,100,,35954,34,0,17,0,100,,35955,34,0,17,0,100,,35956,34,0,17,0,100,,35957,34,0,17,0,100,,35958,34,0,17,0,100,,35959,34,0,17,0,100,,35960,34,0,17,0,100,,35961,34,0,17,0,100,,35962,34,0,17,0,100,,35963,34,0,17,0,100,,35964,34,0,17,0,100,,35965,34,0,17,0,100,,35966,34,0,17,0,100,,35967,34,0,17,0,100,,35968,34,0,17,0
722502,'1357',552,,35969,17,0,16,0,100,,35970,17,0,16,0,100,,35971,17,0,16,0,100,,35972,17,0,16,0,100,,35973,17,0,16,0,100,,35974,17,0,16,0,100,,35975,17,0,16,0,100,,35976,17,0,16,0,100,,35977,17,0,16,0,100,,35978,17,0,16,0,100,,35979,17,0,16,0,100,,35980,17,0,16,0,100,,35981,17,0,16,0,100,,35982,17,0,16,0,100,,35983,17,0,16,0,100,,35984,17,0,16,0,100,,35985,17,0,16,0,100,,35986,17,0,16,0
722502,'1358',552,,35987,17,0,16,0,100,,35988,17,0,16,0,100,,35989,17,0,16,0,100,,35990,17,0,16,0,100,,35991,17,0,16,0,100,,35992,17,0,16,0,100,,35993,17,0,16,0,100,,35994,17,0,16,0,100,,35995,17,0,16,0,100,,35996,17,0,16,0,100,,35997,17,0,16,0,100,,35998,17,0,16,0,100,,35999,17,0,16,0,100,,36000,17,0,16,0,100,,36001,17,0,16,0,100,,36002,17,0,16,0,100,,36003,17,0,16,0,100,,36004,17,0,16,0
722502,'1359',552,,36005,17,0,16,0,100,,36006,17,0,16,0,100,,36007,17,0,16,0,100,,36008,17,0,16,0,100,,36009,17,0,16,0,100,,36010,17,0,16,0,100,,36011,17,0,16,0,100,,36012,17,0,16,0,100,,36013,17,0,16,0,100,,36014,17,0,16,0,100,,36015,17,0,16,0,100,,36016,17,0,16,0,100,,36017,17,0,16,0,100,,36018,17,0,16,0,100,,36019,17,0,16,0,100,,36020,17,0,16,0,100,,36021,17,0,16,0,100,,36022,17,0,16,0
722502,'1360',552,,36023,17,0,16,0,100,,36024,17,0,16,0,100,,36025,17,0,16,0,100,,36026,17,0,16,0,100,,36027,17,0,16,0,100,,36028,17,0,16,0,100,,36029,17,0,16,0,100,,36030,17,0,16,0,100,,36031,17,0,16,0,100,,36032,17,0,16,0,100,,36033,17,0,16,0,100,,36034,17,0,16,0,100,,36035,17,0,16,0,100,,36036,17,0,16,0,100,,36037,17,0,16,0,100,,36038,17,0,16,0,100,,36039,17,0,16,0,100,,36040,17,0,16,0
722502,'1361',552,,36041,17,0,16,0,100,,36042,17,0,16,0,100,,36043,17,0,16,0,100,,36044,17,0,16,0,100,,36045,17,0,16,0,100,,36046,17,0,16,0,100,,36047,17,0,16,0,100,,36048,17,0,16,0,100,,36049,17,0,16,0,100,,36050,17,0,16,0,100,,36051,17,0,16,0,100,,36052,17,0,16,0,100,,36053,17,0,16,0,100,,36054,17,0,16,0,100,,36055,17,0,16,0,100,,36056,17,0,16,0,100,,36057,17,0,16,0,100,,36058,17,0,16,0
