'1106',2400,83200,4,'',0,10000,4,'',0,10000,4,'',0,10000,4,'',0,10000,4,'',0,10000,4,'',0,10000,4,'',0,10000,4,'',0,10000,4,'',0,10000,4,'',0,10000,4,'',0,10000,4,'',0
'1106',2401,83400,0,'TunnelBus',0,10000,0,'TunnelBus',0,10000,0,'TunnelBus',0,10000,0,'TunnelBus',0,10000,0,'TunnelBus',0,10000,0,'TunnelBus',0,10000,0,'TunnelBus',0,10000,0,'TunnelBus',0,10000,0,'TunnelBus',0,10000,0,'TunnelBus',0,10000,0,'TunnelBus',0,10000,0,'TunnelBus',0
'1107',2400,63200,4,'',0,10000,4,'',0,10000,4,'',0,10000,4,'',0,10000,4,'',0,10000,4,'',0,10000,4,'',0,10000,4,'',0,10000,4,'',0,10000,4,'',0,10000,4,'',0,10000,4,'',0,10000,4,'',0,10000,4,'',0,10000,4,'',0,10000,4,'',0
'1107',2401,63400,0,'TunnelBus',0,10000,0,'TunnelBus',0,10000,0,'TunnelBus',0,10000,0,'TunnelBus',0,10000,0,'TunnelBus',0,10000,0,'TunnelBus',0,10000,0,'TunnelBus',0,10000,0,'TunnelBus',0,10000,0,'TunnelBus',0,10000,0,'TunnelBus',0,10000,0,'TunnelBus',0,10000,0,'TunnelBus',0,10000,0,'TunnelBus',0,10000,0,'TunnelBus',0,10000,0,'TunnelBus',0,10000,0,'TunnelBus',0
'1108',2400,83200,4,'',0,10000,4,'',0,10000,4,'',0,10000,4,'',0,10000,4,'',0,10000,4,'',0,10000,4,'',0,10000,4,'',0,10000,4,'',0,10000,4,'',0,10000,4,'',0,10000,4,'',0
'1108',2401,83400,0,'TunnelBus',0,10000,0,'TunnelBus',0,10000,0,'TunnelBus',0,10000,0,'TunnelBus',0,10000,0,'TunnelBus',0,10000,0,'TunnelBus',0,10000,0,'TunnelBus',0,10000,0,'TunnelBus',0,10000,0,'TunnelBus',0,10000,0,'TunnelBus',0,10000,0,'TunnelBus',0,10000,0,'TunnelBus',0
'1109',2400,63200,4,'',0,10000,4,'',0,10000,4,'',0,10000,4,'',0,10000,4,'',0,10000,4,'',0,10000,4,'',0,10000,4,'',0,10000,4,'',0,10000,4,'',0,10000,4,'',0,10000,4,'',0,10000,4,'',0,10000,4,'',0,10000,4,'',0,10000,4,'',0
'1109',2401,63400,0,'TunnelBus',0,10000,0,'TunnelBus',0,10000,0,'TunnelBus',0,10000,0,'TunnelBus',0,10000,0,'TunnelBus',0,10000,0,'TunnelBus',0,10000,0,'TunnelBus',0,10000,0,'TunnelBus',0,10000,0,'TunnelBus',0,10000,0,'TunnelBus',0,10000,0,'TunnelBus',0,10000,0,'TunnelBus',0,10000,0,'TunnelBus',0,10000,0,'TunnelBus',0,10000,0,'TunnelBus',0,10000,0,'TunnelBus',0
'1110',2400,63200,4,'',0,10000,4,'',0,10000,4,'',0,10000,4,'',0,10000,4,'',0,10000,4,'',0,10000,4,'',0,10000,4,'',0,10000,4,'',0,10000,4,'',0,10000,4,'',0,10000,4,'',0,10000,4,'',0,10000,4,'',0,10000,4,'',0,10000,4,'',0
'1110',2401,63400,0,'TunnelBus',0,10000,0,'TunnelBus',0,10000,0,'TunnelBus',0,10000,0,'TunnelBus',0,10000,0,'TunnelBus',0,10000,0,'TunnelBus',0,10000,0,'TunnelBus',0,10000,0,'TunnelBus',0,10000,0,'TunnelBus',0,10000,0,'TunnelBus',0,10000,0,'TunnelBus',0,10000,0,'TunnelBus',0,10000,0,'TunnelBus',0,10000,0,'TunnelBus',0,10000,0,'TunnelBus',0,10000,0,'TunnelBus',0
'1111',2400,63200,4,'',0,10000,4,'',0,10000,4,'',0,10000,4,'',0,10000,4,'',0,10000,4,'',0,10000,4,'',0,10000,4,'',0,10000,4,'',0,10000,4,'',0,10000,4,'',0,10000,4,'',0,10000,4,'',0,10000,4,'',0,10000,4,'',0,10000,4,'',0
'1111',2401,63400,0,'TunnelBus',0,10000,0,'TunnelBus',0,10000,0,'TunnelBus',0,10000,0,'TunnelBus',0,10000,0,'TunnelBus',0,10000,0,'TunnelBus',0,10000,0,'TunnelBus',0,10000,0,'TunnelBus',0,10000,0,'TunnelBus',0,10000,0,'TunnelBus',0,10000,0,'TunnelBus',0,10000,0,'TunnelBus',0,10000,0,'TunnelBus',0,10000,0,'TunnelBus',0,10000,0,'TunnelBus',0,10000,0,'TunnelBus',0
'1112',2400,63200,4,'',0,10000,4,'',0,10000,4,'',0,10000,4,'',0,10000,4,'',0,10000,4,'',0,10000,4,'',0,10000,4,'',0,10000,4,'',0,10000,4,'',0,10000,4,'',0,10000,4,'',0,10000,4,'',0,10000,4,'',0,10000,4,'',0,10000,4,'',0
'1112',2401,63400,0,'TunnelBus',0,10000,0,'TunnelBus',0,10000,0,'TunnelBus',0,10000,0,'TunnelBus',0,10000,0,'TunnelBus',0,10000,0,'TunnelBus',0,10000,0,'TunnelBus',0,10000,0,'TunnelBus',0,10000,0,'TunnelBus',0,10000,0,'TunnelBus',0,10000,0,'TunnelBus',0,10000,0,'TunnelBus',0,10000,0,'TunnelBus',0,10000,0,'TunnelBus',0,10000,0,'TunnelBus',0,10000,0,'TunnelBus',0
'1113',2400,63200,4,'',0,10000,4,'',0,10000,4,'',0,10000,4,'',0,10000,4,'',0,10000,4,'',0,10000,4,'',0,10000,4,'',0,10000,4,'',0,10000,4,'',0,10000,4,'',0,10000,4,'',0,10000,4,'',0,10000,4,'',0,10000,4,'',0,10000,4,'',0
'1113',2401,63400,0,'TunnelBus',0,10000,0,'TunnelBus',0,10000,0,'TunnelBus',0,10000,0,'TunnelBus',0,10000,0,'TunnelBus',0,10000,0,'TunnelBus',0,10000,0,'TunnelBus',0,10000,0,'TunnelBus',0,10000,0,'TunnelBus',0,10000,0,'TunnelBus',0,10000,0,'TunnelBus',0,10000,0,'TunnelBus',0,10000,0,'TunnelBus',0,10000,0,'TunnelBus',0,10000,0,'TunnelBus',0,10000,0,'TunnelBus',0
