'1160',463601,85600,0,'605',0,48000,0,'605',0,17000,0,'605',0,24500,0,'605',0
'1161',463601,72600,0,'605',0,63000,0,'605',0,17000,0,'605',0,30000,0,'605',0
'1162',463601,85600,0,'605',0,48000,0,'605',0,17000,0,'605',0,24500,0,'605',0
'1163',463601,62600,0,'605',0,73000,0,'605',0,47000,0,'605',0,13000,0,'605',0
'1164',463601,62600,0,'605',0,73000,0,'605',0,47000,0,'605',0,13000,0,'605',0
'1165',463601,62600,0,'605',0,73000,0,'605',0,47000,0,'605',0,13000,0,'605',0
'1166',463601,62600,0,'605',0,73000,0,'605',0,47000,0,'605',0,13000,0,'605',0
'1167',463601,62600,0,'605',0,73000,0,'605',0,47000,0,'605',0,13000,0,'605',0
'1168',463601,85600,0,'605',0,48000,0,'605',0,41500,0,'605',0
'1169',463601,92600,0,'605',0,30000,0,'605',0,30000,0,'605',0
'1170',463601,85600,0,'605',0,48000,0,'605',0,41500,0,'605',0
