'1138',463600,91500,0,'605',0,44000,0,'605',0,17000,0,'605',0,28500,0,'605',0
'1139',463600,74500,0,'605',0,67000,0,'605',0,13000,0,'605',0,30000,0,'605',0
'1140',463600,91500,0,'605',0,44000,0,'605',0,17000,0,'605',0,28500,0,'605',0
'1141',463600,64500,0,'605',0,77000,0,'605',0,43000,0,'605',0,17000,0,'605',0
'1142',463600,64500,0,'605',0,77000,0,'605',0,43000,0,'605',0,17000,0,'605',0
'1143',463600,64500,0,'605',0,77000,0,'605',0,43000,0,'605',0,17000,0,'605',0
'1144',463600,64500,0,'605',0,77000,0,'605',0,43000,0,'605',0,17000,0,'605',0
'1145',463600,64500,0,'605',0,77000,0,'605',0,43000,0,'605',0,17000,0,'605',0
'1146',463600,91500,0,'605',0,44000,0,'605',0,45500,0,'605',0
'1147',463600,94500,0,'605',0,30000,0,'605',0,30000,0,'605',0
'1148',463600,91500,0,'605',0,44000,0,'605',0,45500,0,'605',0
