'1306',643504,91700,0,'S',0,10000,0,'S',0,3000,0,'S',0,7000,0,'S',0,3000,0,'S',0,7000,0,'S',0,3000,0,'S',0,7000,0,'S',0,3000,0,'S',0,7000,0,'S',0,3000,0,'S',0,7000,0,'S',0,3000,0,'S',0,7000,0,'S',0,3000,0,'S',0,7000,0,'S',0,3000,0,'S',0,7000,0,'S',0,3000,0,'S',0,7000,0,'S',0
'1307',643504,71700,0,'S',0,10000,0,'S',0,10000,0,'S',0,3000,0,'S',0,7000,0,'S',0,3000,0,'S',0,7000,0,'S',0,3000,0,'S',0,7000,0,'S',0,3000,0,'S',0,7000,0,'S',0,3000,0,'S',0,7000,0,'S',0,3000,0,'S',0,7000,0,'S',0,3000,0,'S',0,7000,0,'S',0,3000,0,'S',0,7000,0,'S',0,3000,0,'S',0,7000,0,'S',0,3000,0,'S',0,7000,0,'S',0,3000,0,'S',0,7000,0,'S',0,10000,0,'S',0,10000,0,'S',0
'1308',643504,61700,0,'S',0,3000,0,'S',0,6000,0,'S',0,1500,0,'S',0,1500,0,'S',0,1500,0,'S',0,5500,0,'S',0,1500,0,'S',0,1500,0,'S',0,1500,0,'S',0,5300,0,'S',0,1700,0,'S',0,2000,0,'S',0,6000,0,'S',0,2000,0,'S',0,2000,0,'S',0,6000,0,'S',0,2000,0,'S',0,2000,0,'S',0,6000,0,'S',0,2000,0,'S',0,2000,0,'S',0,6000,0,'S',0,2000,0,'S',0,2000,0,'S',0,6000,0,'S',0,2000,0,'S',0,2000,0,'S',0,1000,0,'S',0,5000,0,'S',0,2000,0,'S',0,1000,0,'S',0,1000,0,'S',0,6000,0,'S',0,1000,0,'S',0,1000,0,'S',0,2000,0,'S',0,6000,0,'S',0,2000,0,'S',0,2000,0,'S',0,6000,0,'S',0,2000,0,'S',0,2000,0,'S',0,6000,0,'S',0,1500,0,'S',0,3000,0,'S',0,7000,0,'S',0,3000,0,'S',0,7000,0,'S',0,3000,0,'S',0,7000,0,'S',0,3000,0,'S',0,7000,0,'S',0
'1309',643504,61700,0,'S',0,3000,0,'S',0,6000,0,'S',0,1500,0,'S',0,1500,0,'S',0,1500,0,'S',0,5500,0,'S',0,1500,0,'S',0,1500,0,'S',0,1500,0,'S',0,5300,0,'S',0,1700,0,'S',0,2000,0,'S',0,6000,0,'S',0,2000,0,'S',0,2000,0,'S',0,6000,0,'S',0,2000,0,'S',0,2000,0,'S',0,6000,0,'S',0,2000,0,'S',0,2000,0,'S',0,6000,0,'S',0,2000,0,'S',0,2000,0,'S',0,6000,0,'S',0,2000,0,'S',0,2000,0,'S',0,1000,0,'S',0,5000,0,'S',0,2000,0,'S',0,1000,0,'S',0,1000,0,'S',0,6000,0,'S',0,1000,0,'S',0,1000,0,'S',0,2000,0,'S',0,6000,0,'S',0,2000,0,'S',0,2000,0,'S',0,6000,0,'S',0,2000,0,'S',0,2000,0,'S',0,6000,0,'S',0,1500,0,'S',0,3000,0,'S',0,7000,0,'S',0,3000,0,'S',0,7000,0,'S',0,3000,0,'S',0,7000,0,'S',0,3000,0,'S',0,7000,0,'S',0
'1310',643504,61700,0,'S',0,3000,0,'S',0,6000,0,'S',0,1500,0,'S',0,1500,0,'S',0,1500,0,'S',0,5500,0,'S',0,1500,0,'S',0,1500,0,'S',0,1500,0,'S',0,5300,0,'S',0,1700,0,'S',0,2000,0,'S',0,6000,0,'S',0,2000,0,'S',0,2000,0,'S',0,6000,0,'S',0,2000,0,'S',0,2000,0,'S',0,6000,0,'S',0,2000,0,'S',0,2000,0,'S',0,6000,0,'S',0,2000,0,'S',0,2000,0,'S',0,6000,0,'S',0,2000,0,'S',0,2000,0,'S',0,1000,0,'S',0,5000,0,'S',0,2000,0,'S',0,1000,0,'S',0,1000,0,'S',0,6000,0,'S',0,1000,0,'S',0,1000,0,'S',0,2000,0,'S',0,6000,0,'S',0,2000,0,'S',0,2000,0,'S',0,6000,0,'S',0,2000,0,'S',0,2000,0,'S',0,6000,0,'S',0,1500,0,'S',0,3000,0,'S',0,7000,0,'S',0,3000,0,'S',0,7000,0,'S',0,3000,0,'S',0,7000,0,'S',0,3000,0,'S',0,7000,0,'S',0
'1311',643504,61700,0,'S',0,3000,0,'S',0,6000,0,'S',0,1500,0,'S',0,1500,0,'S',0,1500,0,'S',0,5500,0,'S',0,1500,0,'S',0,1500,0,'S',0,1500,0,'S',0,5300,0,'S',0,1700,0,'S',0,2000,0,'S',0,6000,0,'S',0,2000,0,'S',0,2000,0,'S',0,6000,0,'S',0,2000,0,'S',0,2000,0,'S',0,6000,0,'S',0,2000,0,'S',0,2000,0,'S',0,6000,0,'S',0,2000,0,'S',0,2000,0,'S',0,6000,0,'S',0,2000,0,'S',0,2000,0,'S',0,1000,0,'S',0,5000,0,'S',0,2000,0,'S',0,1000,0,'S',0,1000,0,'S',0,6000,0,'S',0,1000,0,'S',0,1000,0,'S',0,2000,0,'S',0,6000,0,'S',0,2000,0,'S',0,2000,0,'S',0,6000,0,'S',0,2000,0,'S',0,2000,0,'S',0,6000,0,'S',0,1500,0,'S',0,3000,0,'S',0,7000,0,'S',0,3000,0,'S',0,7000,0,'S',0,3000,0,'S',0,7000,0,'S',0,3000,0,'S',0,7000,0,'S',0
'1312',643504,61700,0,'S',0,3000,0,'S',0,6000,0,'S',0,1500,0,'S',0,1500,0,'S',0,1500,0,'S',0,5500,0,'S',0,1500,0,'S',0,1500,0,'S',0,1500,0,'S',0,5300,0,'S',0,1700,0,'S',0,2000,0,'S',0,6000,0,'S',0,2000,0,'S',0,2000,0,'S',0,6000,0,'S',0,2000,0,'S',0,2000,0,'S',0,6000,0,'S',0,2000,0,'S',0,2000,0,'S',0,6000,0,'S',0,2000,0,'S',0,2000,0,'S',0,6000,0,'S',0,2000,0,'S',0,2000,0,'S',0,1000,0,'S',0,5000,0,'S',0,2000,0,'S',0,1000,0,'S',0,1000,0,'S',0,6000,0,'S',0,1000,0,'S',0,1000,0,'S',0,2000,0,'S',0,6000,0,'S',0,2000,0,'S',0,2000,0,'S',0,6000,0,'S',0,2000,0,'S',0,2000,0,'S',0,6000,0,'S',0,1500,0,'S',0,3000,0,'S',0,7000,0,'S',0,3000,0,'S',0,7000,0,'S',0,3000,0,'S',0,7000,0,'S',0,3000,0,'S',0,7000,0,'S',0
'1306',647704,91200,0,'S',0,10000,0,'S',0,3000,0,'S',0,7000,0,'S',0,3000,0,'S',0,7000,0,'S',0,3000,0,'S',0,7000,0,'S',0,3000,0,'S',0,7000,0,'S',0,3000,0,'S',0,7000,0,'S',0,3000,0,'S',0,7000,0,'S',0,3000,0,'S',0,7000,0,'S',0,3000,0,'S',0,7000,0,'S',0,10000,0,'S',0
'1307',647704,81200,0,'S',0,10000,0,'S',0,3000,0,'S',0,7000,0,'S',0,3000,0,'S',0,7000,0,'S',0,3000,0,'S',0,7000,0,'S',0,3000,0,'S',0,7000,0,'S',0,3000,0,'S',0,7000,0,'S',0,3000,0,'S',0,7000,0,'S',0,3000,0,'S',0,7000,0,'S',0,3000,0,'S',0,7000,0,'S',0,3000,0,'S',0,7000,0,'S',0,3000,0,'S',0,7000,0,'S',0,3000,0,'S',0,7000,0,'S',0,10000,0,'S',0,10000,0,'S',0
'1308',647704,61200,0,'S',0,10000,0,'S',0,3000,0,'S',0,7000,0,'S',0,3000,0,'S',0,7000,0,'S',0,3000,0,'S',0,7000,0,'S',0,3000,0,'S',0,7000,0,'S',0,3000,0,'S',0,7000,0,'S',0,3000,0,'S',0,7000,0,'S',0,3000,0,'S',0,7000,0,'S',0,3000,0,'S',0,7000,0,'S',0,3000,0,'S',0,7000,0,'S',0,3000,0,'S',0,7000,0,'S',0,3000,0,'S',0,7000,0,'S',0,3000,0,'S',0,7000,0,'S',0,3000,0,'S',0,7000,0,'S',0,3000,0,'S',0,7000,0,'S',0,10000,0,'S',0,10000,0,'S',0
'1309',647704,61200,0,'S',0,10000,0,'S',0,3000,0,'S',0,7000,0,'S',0,3000,0,'S',0,7000,0,'S',0,3000,0,'S',0,7000,0,'S',0,3000,0,'S',0,7000,0,'S',0,3000,0,'S',0,7000,0,'S',0,3000,0,'S',0,7000,0,'S',0,3000,0,'S',0,7000,0,'S',0,3000,0,'S',0,7000,0,'S',0,3000,0,'S',0,7000,0,'S',0,3000,0,'S',0,7000,0,'S',0,3000,0,'S',0,7000,0,'S',0,3000,0,'S',0,7000,0,'S',0,3000,0,'S',0,7000,0,'S',0,3000,0,'S',0,7000,0,'S',0,10000,0,'S',0,10000,0,'S',0
'1310',647704,61200,0,'S',0,10000,0,'S',0,3000,0,'S',0,7000,0,'S',0,3000,0,'S',0,7000,0,'S',0,3000,0,'S',0,7000,0,'S',0,3000,0,'S',0,7000,0,'S',0,3000,0,'S',0,7000,0,'S',0,3000,0,'S',0,7000,0,'S',0,3000,0,'S',0,7000,0,'S',0,3000,0,'S',0,7000,0,'S',0,3000,0,'S',0,7000,0,'S',0,3000,0,'S',0,7000,0,'S',0,3000,0,'S',0,7000,0,'S',0,3000,0,'S',0,7000,0,'S',0,3000,0,'S',0,7000,0,'S',0,3000,0,'S',0,7000,0,'S',0,10000,0,'S',0,10000,0,'S',0
'1311',647704,61200,0,'S',0,10000,0,'S',0,3000,0,'S',0,7000,0,'S',0,3000,0,'S',0,7000,0,'S',0,3000,0,'S',0,7000,0,'S',0,3000,0,'S',0,7000,0,'S',0,3000,0,'S',0,7000,0,'S',0,3000,0,'S',0,7000,0,'S',0,3000,0,'S',0,7000,0,'S',0,3000,0,'S',0,7000,0,'S',0,3000,0,'S',0,7000,0,'S',0,3000,0,'S',0,7000,0,'S',0,3000,0,'S',0,7000,0,'S',0,3000,0,'S',0,7000,0,'S',0,3000,0,'S',0,7000,0,'S',0,3000,0,'S',0,7000,0,'S',0,10000,0,'S',0,10000,0,'S',0
'1312',647704,61200,0,'S',0,10000,0,'S',0,3000,0,'S',0,7000,0,'S',0,3000,0,'S',0,7000,0,'S',0,3000,0,'S',0,7000,0,'S',0,3000,0,'S',0,7000,0,'S',0,3000,0,'S',0,7000,0,'S',0,3000,0,'S',0,7000,0,'S',0,3000,0,'S',0,7000,0,'S',0,3000,0,'S',0,7000,0,'S',0,3000,0,'S',0,7000,0,'S',0,3000,0,'S',0,7000,0,'S',0,3000,0,'S',0,7000,0,'S',0,3000,0,'S',0,7000,0,'S',0,3000,0,'S',0,7000,0,'S',0,3000,0,'S',0,7000,0,'S',0,10000,0,'S',0,10000,0,'S',0
