261200,'1328',900,,3802,1,0,12 13,0,900,,3803,1,0,12 13,0
261200,'1329',630,,3804,1,0,12 13,0,700,,3805,1,0,12 13,0,500,,3806,1,0,12 13,0
261200,'1330',630,,3807,1,0,12 13,0,700,,3808,1,0,12 13,0,500,,3809,1,0,12 13,0
261200,'1331',630,,3810,1,0,12 13,0,700,,3811,1,0,12 13,0,500,,3812,1,0,12 13,0
261200,'1332',630,,3813,1,0,12 13,0,700,,3814,1,0,12 13,0,500,,3815,1,0,12 13,0
261200,'1333',630,,3816,1,0,12 13,0,700,,3817,1,0,12 13,0,500,,3818,1,0,12 13,0
261201,'1328',855,,3819,4,4,,0,900,,3820,4,4,,0
261201,'1329',625,,3821,4,4,,0,700,,3822,4,4,,0,500,,3823,4,4,,0
261201,'1330',625,,3824,4,4,,0,700,,3825,4,4,,0,500,,3826,4,4,,0
261201,'1331',625,,3827,4,4,,0,700,,3828,4,4,,0,500,,3829,4,4,,0
261201,'1332',625,,3830,4,4,,0,700,,3831,4,4,,0,500,,3832,4,4,,0
261201,'1333',625,,3833,4,4,,0,700,,3834,4,4,,0,500,,3835,4,4,,0
