'1149',463601,90900,0,'605',0,44000,0,'605',0,17000,0,'605',0,28500,0,'605',0
'1150',463601,73900,0,'605',0,67000,0,'605',0,13000,0,'605',0,30000,0,'605',0
'1151',463601,90900,0,'605',0,44000,0,'605',0,17000,0,'605',0,28500,0,'605',0
'1152',463601,63900,0,'605',0,77000,0,'605',0,43000,0,'605',0,17000,0,'605',0
'1153',463601,63900,0,'605',0,77000,0,'605',0,43000,0,'605',0,17000,0,'605',0
'1154',463601,63900,0,'605',0,77000,0,'605',0,43000,0,'605',0,17000,0,'605',0
'1155',463601,63900,0,'605',0,77000,0,'605',0,43000,0,'605',0,17000,0,'605',0
'1156',463601,63900,0,'605',0,77000,0,'605',0,43000,0,'605',0,17000,0,'605',0
'1157',463601,90900,0,'605',0,44000,0,'605',0,45500,0,'605',0
'1158',463601,93900,0,'605',0,30000,0,'605',0,30000,0,'605',0
'1159',463601,90900,0,'605',0,44000,0,'605',0,45500,0,'605',0
