1601,'1327',1018,,7517,,,0,30,,7516,,,0,85,,7515,,,0,70,,7514,,,0,30,,7513,,,0,70,,7512,,,0,30,,7511,,,0,70,,7510,,,0,30,,7509,,,0,70,,7508,,,0,30,,7507,,,0,70,,7506,,,0,30,,7505,,,0,70,,7504,,,0,30,,7503,,,0,16,,7498,,,0,54,,7502,,,0,30,,7501,,,0,70,,7500,,,0,30,,7499,,,0
1601,'1328',701,,7518,,,0,30,,7519,,,0,70,,7520,,,0,30,,7521,,,0,70,,7522,,,0,30,,7523,,,0,70,,7524,,,0,30,,7525,,,0,20,,7526,,,0,60,,7527,,,0,20,,7528,,,0,20,,7529,,,0,60,,7530,,,0,20,,7531,,,0,20,,7532,,,0,60,,7533,,,0,20,,7534,,,0,20,,7535,,,0,60,,7536,,,0,20,,7537,,,0,20,,7538,,,0,60,,7539,,,0,20,,7540,,,0,20,,7541,,,0,60,,7542,,,0,20,,7543,,,0,20,,7544,,,0,60,,7545,,,0,20,,7546,,,0,20,,7547,,,0,60,,7548,,,0,22,,7549,,,0,70,,7550,,,0,30,,7551,,,0,70,,7552,,,0,30,,7553,,,0,70,,7554,,,0,30,,7555,,,0,100,,7556,,,0
1601,'1329',612,,7557,,,0,37,,7558,,,0,70,,7559,,,0,20,,7560,,,0,20,,7561,,,0,60,,7562,,,0,20,,7563,,,0,20,,7564,,,0,60,,7565,,,0,20,,7566,,,0,20,,7567,,,0,60,,7568,,,0,20,,7569,,,0,20,,7570,,,0,60,,7571,,,0,20,,7572,,,0,20,,7573,,,0,60,,7574,,,0,20,,7575,,,0,20,,7576,,,0,60,,7577,,,0,20,,7578,,,0,20,,7579,,,0,60,,7580,,,0,20,,7581,,,0,20,,7582,,,0,60,,7583,,,0,20,,7584,,,0,20,,7585,,,0,60,,7586,,,0,20,,7587,,,0,20,,7588,,,0,60,,7589,,,0,20,,7590,,,0,20,,7591,,,0,60,,7592,,,0,15,,7593,,,0,70,,7594,,,0,30,,7595,,,0,70,,7596,,,0,30,,7597,,,0,70,,7598,,,0,30,,7599,,,0,100,,7600,,,0,100,,7601,,,0
1601,'1330',612,,7602,,,0,37,,7603,,,0,70,,7604,,,0,20,,7605,,,0,20,,7606,,,0,60,,7607,,,0,20,,7608,,,0,20,,7609,,,0,60,,7610,,,0,20,,7611,,,0,20,,7612,,,0,60,,7613,,,0,20,,7614,,,0,20,,7615,,,0,60,,7616,,,0,20,,7617,,,0,20,,7618,,,0,60,,7619,,,0,20,,7620,,,0,20,,7621,,,0,60,,7622,,,0,20,,7623,,,0,20,,7624,,,0,60,,7625,,,0,20,,7626,,,0,20,,7627,,,0,60,,7628,,,0,20,,7629,,,0,20,,7630,,,0,60,,7631,,,0,20,,7632,,,0,20,,7633,,,0,60,,7634,,,0,20,,7635,,,0,20,,7636,,,0,60,,7637,,,0,15,,7638,,,0,70,,7639,,,0,30,,7640,,,0,70,,7641,,,0,30,,7642,,,0,70,,7643,,,0,30,,7644,,,0,100,,7645,,,0,100,,7646,,,0
1601,'1331',612,,7647,,,0,37,,7648,,,0,70,,7649,,,0,20,,7650,,,0,20,,7651,,,0,60,,7652,,,0,20,,7653,,,0,20,,7654,,,0,60,,7655,,,0,20,,7656,,,0,20,,7657,,,0,60,,7658,,,0,20,,7659,,,0,20,,7660,,,0,60,,7661,,,0,20,,7662,,,0,20,,7663,,,0,60,,7664,,,0,20,,7665,,,0,20,,7666,,,0,60,,7667,,,0,20,,7668,,,0,20,,7669,,,0,60,,7670,,,0,20,,7671,,,0,20,,7672,,,0,60,,7673,,,0,20,,7674,,,0,20,,7675,,,0,60,,7676,,,0,20,,7677,,,0,20,,7678,,,0,60,,7679,,,0,20,,7680,,,0,20,,7681,,,0,60,,7682,,,0,15,,7683,,,0,70,,7684,,,0,30,,7685,,,0,70,,7686,,,0,30,,7687,,,0,70,,7688,,,0,30,,7689,,,0,100,,7690,,,0,100,,7691,,,0
1601,'1332',612,,7692,,,0,37,,7693,,,0,70,,7694,,,0,20,,7695,,,0,20,,7696,,,0,60,,7697,,,0,20,,7698,,,0,20,,7699,,,0,60,,7700,,,0,20,,7701,,,0,20,,7702,,,0,60,,7703,,,0,20,,7704,,,0,20,,7705,,,0,60,,7706,,,0,20,,7707,,,0,20,,7708,,,0,60,,7709,,,0,20,,7710,,,0,20,,7711,,,0,60,,7712,,,0,20,,7713,,,0,20,,7714,,,0,60,,7715,,,0,20,,7716,,,0,20,,7717,,,0,60,,7718,,,0,20,,7719,,,0,20,,7720,,,0,60,,7721,,,0,20,,7722,,,0,20,,7723,,,0,60,,7724,,,0,20,,7725,,,0,20,,7726,,,0,60,,7727,,,0,15,,7728,,,0,70,,7729,,,0,30,,7730,,,0,70,,7731,,,0,30,,7732,,,0,70,,7733,,,0,30,,7734,,,0,100,,7735,,,0,100,,7736,,,0
1601,'1333',612,,7737,,,0,37,,7738,,,0,70,,7739,,,0,20,,7740,,,0,20,,7741,,,0,60,,7742,,,0,20,,7743,,,0,20,,7744,,,0,60,,7745,,,0,20,,7746,,,0,20,,7747,,,0,60,,7748,,,0,20,,7749,,,0,20,,7750,,,0,60,,7751,,,0,20,,7752,,,0,20,,7753,,,0,60,,7754,,,0,20,,7755,,,0,20,,7756,,,0,60,,7757,,,0,20,,7758,,,0,20,,7759,,,0,60,,7760,,,0,20,,7761,,,0,20,,7762,,,0,60,,7763,,,0,20,,7764,,,0,20,,7765,,,0,60,,7766,,,0,20,,7767,,,0,20,,7768,,,0,60,,7769,,,0,20,,7770,,,0,20,,7771,,,0,60,,7772,,,0,15,,7773,,,0,70,,7774,,,0,30,,7775,,,0,70,,7776,,,0,30,,7777,,,0,70,,7778,,,0,30,,7779,,,0,100,,7780,,,0,100,,7781,,,0
1701,'1327',725,,8300,,,0,100,,8299,,,0,100,,8298,,,0,106,,8297,,,0,80,,8296,,,0,40,,8295,,,0,80,,8294,,,0,80,,8293,,,0,40,,8292,,,0,80,,8291,,,0,80,,8290,,,0,40,,8289,,,0,80,,8288,,,0,80,,8287,,,0,40,,8286,,,0,80,,8285,,,0,80,,8284,,,0,40,,8283,,,0
1701,'1328',601,,8301,,,0,30,,8302,,,0,70,,8303,,,0,30,,8304,,,0,70,,8305,,,0,30,,8306,,,0,70,,8307,,,0,30,,8323,,,0,70,,8324,,,0,30,,8325,,,0,20,,8326,,,0,60,,8327,,,0,20,,8328,,,0,20,,8329,,,0,60,,8330,,,0,20,,8331,,,0,20,,8332,,,0,60,,8333,,,0,20,,8334,,,0,20,,8335,,,0,60,,8336,,,0,20,,8337,,,0,20,,8338,,,0,60,,8339,,,0,20,,8340,,,0,20,,8341,,,0,60,,8342,,,0,20,,8343,,,0,20,,8344,,,0,60,,8345,,,0,20,,8308,,,0,20,,8346,,,0,60,,8347,,,0,20,,8309,,,0,70,,8310,,,0,30,,8311,,,0,70,,8312,,,0,30,,8313,,,0,70,,8314,,,0,30,,8315,,,0,70,,8316,,,0,30,,8317,,,0,70,,8318,,,0,30,,8319,,,0,70,,8320,,,0,30,,8321,,,0,70,,8322,,,0
1701,'1329',559,,8348,,,0,70,,8349,,,0,15,,8350,,,0,15,,8351,,,0,55,,8352,,,0,15,,8353,,,0,10,,8354,,,0,10,,8355,,,0,10,,8356,,,0,50,,8357,,,0,10,,8358,,,0,10,,8359,,,0,10,,8360,,,0,10,,8361,,,0,10,,8362,,,0,50,,8363,,,0,10,,8364,,,0,10,,8365,,,0,10,,8366,,,0,10,,8367,,,0,10,,8368,,,0,50,,8369,,,0,10,,8370,,,0,10,,8371,,,0,10,,8372,,,0,10,,8373,,,0,10,,8374,,,0,50,,8375,,,0,10,,8376,,,0,10,,8377,,,0,10,,8378,,,0,10,,8379,,,0,10,,8380,,,0,50,,8381,,,0,10,,8382,,,0,10,,8383,,,0,10,,8384,,,0,10,,8385,,,0,10,,8386,,,0,50,,8387,,,0,10,,8388,,,0,10,,8389,,,0,10,,8390,,,0,10,,8391,,,0,10,,8392,,,0,50,,8393,,,0,10,,8394,,,0,10,,8395,,,0,10,,8396,,,0,10,,8397,,,0,10,,8398,,,0,50,,8399,,,0,10,,8400,,,0,10,,8401,,,0,10,,8402,,,0,10,,8403,,,0,10,,8404,,,0,50,,8405,,,0,10,,8406,,,0,10,,8407,,,0,10,,8408,,,0,10,,8409,,,0,10,,8410,,,0,50,,8411,,,0,10,,8412,,,0,10,,8413,,,0,10,,8414,,,0,10,,8415,,,0,10,,8416,,,0,50,,8417,,,0,10,,8418,,,0,10,,8419,,,0,15,,8420,,,0,15,,8421,,,0,55,,8422,,,0,15,,8423,,,0,30,,8424,,,0,70,,8425,,,0,30,,8426,,,0,70,,8427,,,0,30,,8428,,,0,70,,8429,,,0,30,,8430,,,0,70,,8431,,,0,30,,8432,,,0,70,,8433,,,0,30,,8434,,,0
1701,'1330',559,,8435,,,0,70,,8436,,,0,15,,8437,,,0,15,,8438,,,0,55,,8439,,,0,15,,8440,,,0,10,,8441,,,0,10,,8442,,,0,10,,8443,,,0,50,,8444,,,0,10,,8445,,,0,10,,8446,,,0,10,,8447,,,0,10,,8448,,,0,10,,8449,,,0,50,,8450,,,0,10,,8451,,,0,10,,8452,,,0,10,,8453,,,0,10,,8454,,,0,10,,8455,,,0,50,,8456,,,0,10,,8457,,,0,10,,8458,,,0,10,,8459,,,0,10,,8460,,,0,10,,8461,,,0,50,,8462,,,0,10,,8463,,,0,10,,8464,,,0,10,,8465,,,0,10,,8466,,,0,10,,8467,,,0,50,,8468,,,0,10,,8469,,,0,10,,8470,,,0,10,,8471,,,0,10,,8472,,,0,10,,8473,,,0,50,,8474,,,0,10,,8475,,,0,10,,8476,,,0,10,,8477,,,0,10,,8478,,,0,10,,8479,,,0,50,,8480,,,0,10,,8481,,,0,10,,8482,,,0,10,,8483,,,0,10,,8484,,,0,10,,8485,,,0,50,,8486,,,0,10,,8487,,,0,10,,8488,,,0,10,,8489,,,0,10,,8490,,,0,10,,8491,,,0,50,,8492,,,0,10,,8493,,,0,10,,8494,,,0,10,,8495,,,0,10,,8496,,,0,10,,8497,,,0,50,,8498,,,0,10,,8499,,,0,10,,8500,,,0,10,,8501,,,0,10,,8502,,,0,10,,8503,,,0,50,,8504,,,0,10,,8505,,,0,10,,8506,,,0,15,,8507,,,0,15,,8508,,,0,55,,8509,,,0,15,,8510,,,0,30,,8511,,,0,70,,8512,,,0,30,,8513,,,0,70,,8514,,,0,30,,8515,,,0,70,,8516,,,0,30,,8517,,,0,70,,8518,,,0,30,,8519,,,0,70,,8520,,,0,30,,8521,,,0
1701,'1331',559,,8522,,,0,70,,8523,,,0,15,,8524,,,0,15,,8525,,,0,55,,8526,,,0,15,,8527,,,0,10,,8528,,,0,10,,8529,,,0,10,,8530,,,0,50,,8531,,,0,10,,8532,,,0,10,,8533,,,0,10,,8534,,,0,10,,8535,,,0,10,,8536,,,0,50,,8537,,,0,10,,8538,,,0,10,,8539,,,0,10,,8540,,,0,10,,8541,,,0,10,,8542,,,0,50,,8543,,,0,10,,8544,,,0,10,,8545,,,0,10,,8546,,,0,10,,8547,,,0,10,,8548,,,0,50,,8549,,,0,10,,8550,,,0,10,,8551,,,0,10,,8552,,,0,10,,8553,,,0,10,,8554,,,0,50,,8555,,,0,10,,8556,,,0,10,,8557,,,0,10,,8558,,,0,10,,8559,,,0,10,,8560,,,0,50,,8561,,,0,10,,8562,,,0,10,,8563,,,0,10,,8564,,,0,10,,8565,,,0,10,,8566,,,0,50,,8567,,,0,10,,8568,,,0,10,,8569,,,0,10,,8570,,,0,10,,8571,,,0,10,,8572,,,0,50,,8573,,,0,10,,8574,,,0,10,,8575,,,0,10,,8576,,,0,10,,8577,,,0,10,,8578,,,0,50,,8579,,,0,10,,8580,,,0,10,,8581,,,0,10,,8582,,,0,10,,8583,,,0,10,,8584,,,0,50,,8585,,,0,10,,8586,,,0,10,,8587,,,0,10,,8588,,,0,10,,8589,,,0,10,,8590,,,0,50,,8591,,,0,10,,8592,,,0,10,,8593,,,0,15,,8594,,,0,15,,8595,,,0,55,,8596,,,0,15,,8597,,,0,30,,8598,,,0,70,,8599,,,0,30,,8600,,,0,70,,8601,,,0,30,,8602,,,0,70,,8603,,,0,30,,8604,,,0,70,,8605,,,0,30,,8606,,,0,70,,8607,,,0,30,,8608,,,0
1701,'1332',559,,8609,,,0,70,,8610,,,0,15,,8611,,,0,15,,8612,,,0,55,,8613,,,0,15,,8614,,,0,10,,8615,,,0,10,,8616,,,0,10,,8617,,,0,50,,8618,,,0,10,,8619,,,0,10,,8620,,,0,10,,8621,,,0,10,,8622,,,0,10,,8623,,,0,50,,8624,,,0,10,,8625,,,0,10,,8626,,,0,10,,8627,,,0,10,,8628,,,0,10,,8629,,,0,50,,8630,,,0,10,,8631,,,0,10,,8632,,,0,10,,8633,,,0,10,,8634,,,0,10,,8635,,,0,50,,8636,,,0,10,,8637,,,0,10,,8638,,,0,10,,8639,,,0,10,,8640,,,0,10,,8641,,,0,50,,8642,,,0,10,,8643,,,0,10,,8644,,,0,10,,8645,,,0,10,,8646,,,0,10,,8647,,,0,50,,8648,,,0,10,,8649,,,0,10,,8650,,,0,10,,8651,,,0,10,,8652,,,0,10,,8653,,,0,50,,8654,,,0,10,,8655,,,0,10,,8656,,,0,10,,8657,,,0,10,,8658,,,0,10,,8659,,,0,50,,8660,,,0,10,,8661,,,0,10,,8662,,,0,10,,8663,,,0,10,,8664,,,0,10,,8665,,,0,50,,8666,,,0,10,,8667,,,0,10,,8668,,,0,10,,8669,,,0,10,,8670,,,0,10,,8671,,,0,50,,8672,,,0,10,,8673,,,0,10,,8674,,,0,10,,8675,,,0,10,,8676,,,0,10,,8677,,,0,50,,8678,,,0,10,,8679,,,0,10,,8680,,,0,15,,8681,,,0,15,,8682,,,0,55,,8683,,,0,15,,8684,,,0,30,,8685,,,0,70,,8686,,,0,30,,8687,,,0,70,,8688,,,0,30,,8689,,,0,70,,8690,,,0,30,,8691,,,0,70,,8692,,,0,30,,8693,,,0,70,,8694,,,0,30,,8695,,,0
1701,'1333',559,,8696,,,0,70,,8697,,,0,15,,8698,,,0,15,,8699,,,0,55,,8700,,,0,15,,8701,,,0,10,,8702,,,0,10,,8703,,,0,10,,8704,,,0,50,,8705,,,0,10,,8706,,,0,10,,8707,,,0,10,,8708,,,0,10,,8709,,,0,10,,8710,,,0,50,,8711,,,0,10,,8712,,,0,10,,8713,,,0,10,,8714,,,0,10,,8715,,,0,10,,8716,,,0,50,,8717,,,0,10,,8718,,,0,10,,8719,,,0,10,,8720,,,0,10,,8721,,,0,10,,8722,,,0,50,,8723,,,0,10,,8724,,,0,10,,8725,,,0,10,,8726,,,0,10,,8727,,,0,10,,8728,,,0,50,,8729,,,0,10,,8730,,,0,10,,8731,,,0,10,,8732,,,0,10,,8733,,,0,10,,8734,,,0,50,,8735,,,0,10,,8736,,,0,10,,8737,,,0,10,,8738,,,0,10,,8739,,,0,10,,8740,,,0,50,,8741,,,0,10,,8742,,,0,10,,8743,,,0,10,,8744,,,0,10,,8745,,,0,10,,8746,,,0,50,,8747,,,0,10,,8748,,,0,10,,8749,,,0,10,,8750,,,0,10,,8751,,,0,10,,8752,,,0,50,,8753,,,0,10,,8754,,,0,10,,8755,,,0,10,,8756,,,0,10,,8757,,,0,10,,8758,,,0,50,,8759,,,0,10,,8760,,,0,10,,8761,,,0,10,,8762,,,0,10,,8763,,,0,10,,8764,,,0,50,,8765,,,0,10,,8766,,,0,10,,8767,,,0,15,,8768,,,0,15,,8769,,,0,55,,8770,,,0,15,,8771,,,0,30,,8772,,,0,70,,8773,,,0,30,,8774,,,0,70,,8775,,,0,30,,8776,,,0,70,,8777,,,0,30,,8778,,,0,70,,8779,,,0,30,,8780,,,0,70,,8781,,,0,30,,8782,,,0
