2000,'1355',1010,,31719,68,,,0,45,,31718,68,,,0,85,,31717,68,,,0,85,,31716,68,,,0,85,,31715,68,,,0,45,,31714,68,,,0,85,,31713,68,,,0,85,,31712,68,,,0,85,,31711,68,,,0,45,,31710,68,,,0,86,,31709,68,,,0,84,,31708,68,,,0,85,,31707,68,,,0,45,,31706,68,,,0,85,,31705,68,,,0
2000,'1356',714,,31720,68,,,0,45,,31721,68,,,0,85,,31722,68,,,0,85,,31723,68,,,0,15,,31724,68,,,0,70,,31725,68,,,0,40,,31726,68,,,0,70,,31727,68,,,0,30,,31728,68,,,0,70,,31729,68,,,0,80,,31730,68,,,0,30,,31731,68,,,0,70,,31732,68,,,0,30,,31733,68,,,0,80,,31734,68,,,0,30,,31735,68,,,0,70,,31736,68,,,0,30,,31737,68,,,0,80,,31738,68,,,0,30,,31739,68,,,0,70,,31740,68,,,0,30,,31741,68,,,0,80,,31742,68,,,0,75,,31743,68,,,0,45,,31744,68,,,0,85,,31745,68,,,0,85,,31746,68,,,0,85,,31747,68,,,0,45,,31748,68,,,0,85,,31749,68,,,0
2000,'1357',641,,31761,70,,,0,60,,31762,70,,,0,20,,31763,70,,,0,20,,31764,70,,,0,60,,31765,70,,,0,20,,31766,70,,,0,20,,31767,70,,,0,60,,31768,70,,,0,20,,31769,70,,,0,20,,31770,70,,,0,60,,31771,70,,,0,20,,31772,70,,,0,20,,31773,70,,,0,60,,31774,70,,,0,20,,31775,70,,,0,20,,31776,70,,,0,60,,31777,70,,,0,20,,31778,70,,,0,20,,31779,70,,,0,60,,31780,70,,,0,20,,31781,70,,,0,20,,31782,70,,,0,60,,31783,70,,,0,20,,31784,70,,,0,20,,31785,70,,,0,60,,31786,70,,,0,20,,31787,70,,,0,20,,31788,70,,,0,60,,31789,70,,,0,20,,31790,70,,,0,20,,31791,70,,,0,60,,31792,70,,,0,20,,31793,70,,,0,20,,31794,70,,,0,60,,31795,70,,,0,20,,31796,70,,,0,20,,31797,70,,,0,60,,31798,70,,,0,18,,31751,68,,,0,36,,31752,68,,,0,85,,31753,68,,,0,85,,31754,68,,,0,85,,31755,68,,,0,45,,31756,68,,,0,85,,31757,68,,,0,85,,31758,68,,,0,85,,31759,68,,,0
2000,'1358',641,,31809,70,,,0,60,,31810,70,,,0,20,,31811,70,,,0,20,,31812,70,,,0,60,,31813,70,,,0,20,,31814,70,,,0,20,,31815,70,,,0,60,,31816,70,,,0,20,,31817,70,,,0,20,,31818,70,,,0,60,,31819,70,,,0,20,,31820,70,,,0,20,,31821,70,,,0,60,,31822,70,,,0,20,,31823,70,,,0,20,,31824,70,,,0,60,,31825,70,,,0,20,,31826,70,,,0,20,,31827,70,,,0,60,,31828,70,,,0,20,,31829,70,,,0,20,,31830,70,,,0,60,,31831,70,,,0,20,,31832,70,,,0,20,,31833,70,,,0,60,,31834,70,,,0,20,,31835,70,,,0,20,,31836,70,,,0,60,,31837,70,,,0,20,,31838,70,,,0,20,,31839,70,,,0,60,,31840,70,,,0,20,,31841,70,,,0,20,,31842,70,,,0,60,,31843,70,,,0,20,,31844,70,,,0,20,,31845,70,,,0,60,,31846,70,,,0,18,,31799,68,,,0,36,,31800,68,,,0,85,,31801,68,,,0,85,,31802,68,,,0,85,,31803,68,,,0,45,,31804,68,,,0,85,,31805,68,,,0,85,,31806,68,,,0,85,,31807,68,,,0
2000,'1359',641,,31857,70,,,0,60,,31858,70,,,0,20,,31859,70,,,0,20,,31860,70,,,0,60,,31861,70,,,0,20,,31862,70,,,0,20,,31863,70,,,0,60,,31864,70,,,0,20,,31865,70,,,0,20,,31866,70,,,0,60,,31867,70,,,0,20,,31868,70,,,0,20,,31869,70,,,0,60,,31870,70,,,0,20,,31871,70,,,0,20,,31872,70,,,0,60,,31873,70,,,0,20,,31874,70,,,0,20,,31875,70,,,0,60,,31876,70,,,0,20,,31877,70,,,0,20,,31878,70,,,0,60,,31879,70,,,0,20,,31880,70,,,0,20,,31881,70,,,0,60,,31882,70,,,0,20,,31883,70,,,0,20,,31884,70,,,0,60,,31885,70,,,0,20,,31886,70,,,0,20,,31887,70,,,0,60,,31888,70,,,0,20,,31889,70,,,0,20,,31890,70,,,0,60,,31891,70,,,0,20,,31892,70,,,0,20,,31893,70,,,0,60,,31894,70,,,0,18,,31847,68,,,0,36,,31848,68,,,0,85,,31849,68,,,0,85,,31850,68,,,0,85,,31851,68,,,0,45,,31852,68,,,0,85,,31853,68,,,0,85,,31854,68,,,0,85,,31855,68,,,0
2000,'1360',641,,31905,70,,,0,60,,31906,70,,,0,20,,31907,70,,,0,20,,31908,70,,,0,60,,31909,70,,,0,20,,31910,70,,,0,20,,31911,70,,,0,60,,31912,70,,,0,20,,31913,70,,,0,20,,31914,70,,,0,60,,31915,70,,,0,20,,31916,70,,,0,20,,31917,70,,,0,60,,31918,70,,,0,20,,31919,70,,,0,20,,31920,70,,,0,60,,31921,70,,,0,20,,31922,70,,,0,20,,31923,70,,,0,60,,31924,70,,,0,20,,31925,70,,,0,20,,31926,70,,,0,60,,31927,70,,,0,20,,31928,70,,,0,20,,31929,70,,,0,60,,31930,70,,,0,20,,31931,70,,,0,20,,31932,70,,,0,60,,31933,70,,,0,20,,31934,70,,,0,20,,31935,70,,,0,60,,31936,70,,,0,20,,31937,70,,,0,20,,31938,70,,,0,60,,31939,70,,,0,20,,31940,70,,,0,20,,31941,70,,,0,60,,31942,70,,,0,18,,31895,68,,,0,36,,31896,68,,,0,85,,31897,68,,,0,85,,31898,68,,,0,85,,31899,68,,,0,45,,31900,68,,,0,85,,31901,68,,,0,85,,31902,68,,,0,85,,31903,68,,,0
2000,'1361',641,,31953,70,,,0,60,,31954,70,,,0,20,,31955,70,,,0,20,,31956,70,,,0,60,,31957,70,,,0,20,,31958,70,,,0,20,,31959,70,,,0,60,,31960,70,,,0,20,,31961,70,,,0,20,,31962,70,,,0,60,,31963,70,,,0,20,,31964,70,,,0,20,,31965,70,,,0,60,,31966,70,,,0,20,,31967,70,,,0,20,,31968,70,,,0,60,,31969,70,,,0,20,,31970,70,,,0,20,,31971,70,,,0,60,,31972,70,,,0,20,,31973,70,,,0,20,,31974,70,,,0,60,,31975,70,,,0,20,,31976,70,,,0,20,,31977,70,,,0,60,,31978,70,,,0,20,,31979,70,,,0,20,,31980,70,,,0,60,,31981,70,,,0,20,,31982,70,,,0,20,,31983,70,,,0,60,,31984,70,,,0,20,,31985,70,,,0,20,,31986,70,,,0,60,,31987,70,,,0,20,,31988,70,,,0,20,,31989,70,,,0,60,,31990,70,,,0,18,,31943,68,,,0,36,,31944,68,,,0,85,,31945,68,,,0,85,,31946,68,,,0,85,,31947,68,,,0,45,,31948,68,,,0,85,,31949,68,,,0,85,,31950,68,,,0,85,,31951,68,,,0
721403,'1355',958,,35299,36,0,15,0,150,,35298,36,0,15,0,110,,35297,36,0,15,0,110,,35296,36,0,15,0,110,,35295,36,0,15,0,110,,35294,36,0,15,0,110,,35293,36,0,15,0,150,,35292,36,0,15,0
721403,'1356',858,,35300,36,0,15,0,150,,35301,36,0,15,0,110,,35302,36,0,15,0,110,,35303,36,0,15,0,117,,35304,36,0,15,0,155,,35305,36,0,15,0,45,,35306,36,0,15,0,85,,35307,36,0,15,0,85,,35308,36,0,15,0,85,,35309,36,0,15,0,45,,35310,36,0,15,0,85,,35311,36,0,15,0,85,,35312,36,0,15,0
721403,'1357',730,,35313,36,0,15,0,100,,35314,36,0,15,0,85,,35315,36,0,15,0,85,,35316,36,0,15,0,45,,35317,36,0,15,0,85,,35318,36,0,15,0,85,,35319,36,0,15,0,85,,35320,36,0,15,0,45,,35321,36,0,15,0,85,,35322,36,0,15,0,85,,35323,36,0,15,0,85,,35324,36,0,15,0,45,,35325,36,0,15,0,85,,35326,36,0,15,0,85,,35327,36,0,15,0,85,,35328,36,0,15,0,45,,35329,36,0,15,0,85,,35330,36,0,15,0,85,,35331,36,0,15,0,85,,35332,36,0,15,0
721403,'1358',730,,35333,36,0,15,0,100,,35334,36,0,15,0,85,,35335,36,0,15,0,85,,35336,36,0,15,0,45,,35337,36,0,15,0,85,,35338,36,0,15,0,85,,35339,36,0,15,0,85,,35340,36,0,15,0,45,,35341,36,0,15,0,85,,35342,36,0,15,0,85,,35343,36,0,15,0,85,,35344,36,0,15,0,45,,35345,36,0,15,0,85,,35346,36,0,15,0,85,,35347,36,0,15,0,85,,35348,36,0,15,0,45,,35349,36,0,15,0,85,,35350,36,0,15,0,85,,35351,36,0,15,0,85,,35352,36,0,15,0
721403,'1359',730,,35353,36,0,15,0,100,,35354,36,0,15,0,85,,35355,36,0,15,0,85,,35356,36,0,15,0,45,,35357,36,0,15,0,85,,35358,36,0,15,0,85,,35359,36,0,15,0,85,,35360,36,0,15,0,45,,35361,36,0,15,0,85,,35362,36,0,15,0,85,,35363,36,0,15,0,85,,35364,36,0,15,0,45,,35365,36,0,15,0,85,,35366,36,0,15,0,85,,35367,36,0,15,0,85,,35368,36,0,15,0,45,,35369,36,0,15,0,85,,35370,36,0,15,0,85,,35371,36,0,15,0,85,,35372,36,0,15,0
721403,'1360',730,,35373,36,0,15,0,100,,35374,36,0,15,0,85,,35375,36,0,15,0,85,,35376,36,0,15,0,45,,35377,36,0,15,0,85,,35378,36,0,15,0,85,,35379,36,0,15,0,85,,35380,36,0,15,0,45,,35381,36,0,15,0,85,,35382,36,0,15,0,85,,35383,36,0,15,0,85,,35384,36,0,15,0,45,,35385,36,0,15,0,85,,35386,36,0,15,0,85,,35387,36,0,15,0,85,,35388,36,0,15,0,45,,35389,36,0,15,0,85,,35390,36,0,15,0,85,,35391,36,0,15,0,85,,35392,36,0,15,0
721403,'1361',730,,35393,36,0,15,0,100,,35394,36,0,15,0,85,,35395,36,0,15,0,85,,35396,36,0,15,0,45,,35397,36,0,15,0,85,,35398,36,0,15,0,85,,35399,36,0,15,0,85,,35400,36,0,15,0,45,,35401,36,0,15,0,85,,35402,36,0,15,0,85,,35403,36,0,15,0,85,,35404,36,0,15,0,45,,35405,36,0,15,0,85,,35406,36,0,15,0,85,,35407,36,0,15,0,85,,35408,36,0,15,0,45,,35409,36,0,15,0,85,,35410,36,0,15,0,85,,35411,36,0,15,0,85,,35412,36,0,15,0
