721304,'1348',824,,27831,41,0,14,0,80,,27832,41,0,14,0,40,,27833,41,0,14,0,80,,27834,41,0,14,0,80,,27835,41,0,14,0,40,,27836,41,0,14,0,80,,27837,41,0,14,0,80,,27838,41,0,14,0,40,,27839,41,0,14,0,80,,27840,41,0,14,0,80,,27841,41,0,14,0,40,,27842,41,0,14,0,80,,27843,41,0,14,0,80,,27844,41,0,14,0,40,,27845,41,0,14,0,80,,27846,41,0,14,0,80,,27847,41,0,14,0,40,,27848,41,0,14,0
721304,'1349',624,,27849,41,0,14,0,80,,27850,41,0,14,0,40,,27851,41,0,14,0,80,,27852,41,0,14,0,80,,27853,41,0,14,0,40,,27854,41,0,14,0,80,,27855,41,0,14,0,80,,27856,41,0,14,0,40,,27857,41,0,14,0,60,,27858,41,0,14,0,20,,27859,41,0,14,0,20,,27860,41,0,14,0,60,,27861,41,0,14,0,20,,27862,41,0,14,0,20,,27863,41,0,14,0,60,,27864,41,0,14,0,20,,27865,41,0,14,0,20,,27866,41,0,14,0,60,,27867,41,0,14,0,20,,27868,41,0,14,0,20,,27869,41,0,14,0,60,,27870,41,0,14,0,20,,27871,41,0,14,0,20,,27872,41,0,14,0,60,,27873,41,0,14,0,20,,27874,41,0,14,0,20,,27875,41,0,14,0,60,,27876,41,0,14,0,20,,27877,41,0,14,0,80,,27878,41,0,14,0,40,,27879,41,0,14,0,80,,27880,41,0,14,0,80,,27881,41,0,14,0,40,,27882,41,0,14,0,80,,27883,41,0,14,0,80,,27884,41,0,14,0
721304,'1350',558,,27893,41,0,14,0,85,,27892,41,0,14,0,60,,27891,41,0,14,0,25,,27890,41,0,14,0,20,,27889,41,0,14,0,65,,27888,41,0,14,0,20,,27887,41,0,14,0,25,,27886,41,0,14,0,60,,27885,41,0,14,0,25,,27894,41,0,14,0,60,,27895,41,0,14,0,25,,27896,41,0,14,0,20,,27897,41,0,14,0,65,,27898,41,0,14,0,20,,27899,41,0,14,0,25,,27900,41,0,14,0,60,,27901,41,0,14,0,25,,27902,41,0,14,0,60,,27903,41,0,14,0,25,,27904,41,0,14,0,20,,27905,41,0,14,0,65,,27906,41,0,14,0,20,,27907,41,0,14,0,25,,27908,41,0,14,0,60,,27909,41,0,14,0,25,,27910,41,0,14,0,60,,27911,41,0,14,0,25,,27912,41,0,14,0,20,,27913,41,0,14,0,65,,27914,41,0,14,0,20,,27915,41,0,14,0,25,,27916,41,0,14,0,60,,27917,41,0,14,0,30,,27918,41,0,14,0,76,,27919,41,0,14,0,80,,27920,41,0,14,0,40,,27921,41,0,14,0,80,,27922,41,0,14,0,80,,27923,41,0,14,0,40,,27924,41,0,14,0,80,,27925,41,0,14,0
721304,'1351',558,,27933,41,0,14,0,85,,27932,41,0,14,0,60,,27931,41,0,14,0,25,,27930,41,0,14,0,20,,27929,41,0,14,0,65,,27928,41,0,14,0,20,,27927,41,0,14,0,25,,27926,41,0,14,0,60,,27934,41,0,14,0,25,,27935,41,0,14,0,60,,27936,41,0,14,0,25,,27937,41,0,14,0,20,,27938,41,0,14,0,65,,27939,41,0,14,0,20,,27940,41,0,14,0,25,,27941,41,0,14,0,60,,27942,41,0,14,0,25,,27943,41,0,14,0,60,,27944,41,0,14,0,25,,27945,41,0,14,0,20,,27946,41,0,14,0,65,,27947,41,0,14,0,20,,27948,41,0,14,0,25,,27949,41,0,14,0,60,,27950,41,0,14,0,25,,27951,41,0,14,0,60,,27952,41,0,14,0,25,,27953,41,0,14,0,20,,27954,41,0,14,0,65,,27955,41,0,14,0,20,,27956,41,0,14,0,25,,27957,41,0,14,0,60,,27958,41,0,14,0,30,,27959,41,0,14,0,76,,27960,41,0,14,0,80,,27961,41,0,14,0,40,,27962,41,0,14,0,80,,27963,41,0,14,0,80,,27964,41,0,14,0,40,,27965,41,0,14,0,80,,27966,41,0,14,0
721304,'1352',558,,27974,41,0,14,0,85,,27973,41,0,14,0,60,,27972,41,0,14,0,25,,27971,41,0,14,0,20,,27970,41,0,14,0,65,,27969,41,0,14,0,20,,27968,41,0,14,0,25,,27967,41,0,14,0,60,,27975,41,0,14,0,25,,27976,41,0,14,0,60,,27977,41,0,14,0,25,,27978,41,0,14,0,20,,27979,41,0,14,0,65,,27980,41,0,14,0,20,,27981,41,0,14,0,25,,27982,41,0,14,0,60,,27983,41,0,14,0,25,,27984,41,0,14,0,60,,27985,41,0,14,0,25,,27986,41,0,14,0,20,,27987,41,0,14,0,65,,27988,41,0,14,0,20,,27989,41,0,14,0,25,,27990,41,0,14,0,60,,27991,41,0,14,0,25,,27992,41,0,14,0,60,,27993,41,0,14,0,25,,27994,41,0,14,0,20,,27995,41,0,14,0,65,,27996,41,0,14,0,20,,27997,41,0,14,0,25,,27998,41,0,14,0,60,,27999,41,0,14,0,30,,28000,41,0,14,0,76,,28001,41,0,14,0,80,,28002,41,0,14,0,40,,28003,41,0,14,0,80,,28004,41,0,14,0,80,,28005,41,0,14,0,40,,28006,41,0,14,0,80,,28007,41,0,14,0
721304,'1353',558,,28015,41,0,14,0,85,,28014,41,0,14,0,60,,28013,41,0,14,0,25,,28012,41,0,14,0,20,,28011,41,0,14,0,65,,28010,41,0,14,0,20,,28009,41,0,14,0,25,,28008,41,0,14,0,60,,28016,41,0,14,0,25,,28017,41,0,14,0,60,,28018,41,0,14,0,25,,28019,41,0,14,0,20,,28020,41,0,14,0,65,,28021,41,0,14,0,20,,28022,41,0,14,0,25,,28023,41,0,14,0,60,,28024,41,0,14,0,25,,28025,41,0,14,0,60,,28026,41,0,14,0,25,,28027,41,0,14,0,20,,28028,41,0,14,0,65,,28029,41,0,14,0,20,,28030,41,0,14,0,25,,28031,41,0,14,0,60,,28032,41,0,14,0,25,,28033,41,0,14,0,60,,28034,41,0,14,0,25,,28035,41,0,14,0,20,,28036,41,0,14,0,65,,28037,41,0,14,0,20,,28038,41,0,14,0,25,,28039,41,0,14,0,60,,28040,41,0,14,0,30,,28041,41,0,14,0,76,,28042,41,0,14,0,80,,28043,41,0,14,0,40,,28044,41,0,14,0,80,,28045,41,0,14,0,80,,28046,41,0,14,0,40,,28047,41,0,14,0,80,,28048,41,0,14,0
721304,'1354',558,,28056,41,0,14,0,85,,28055,41,0,14,0,60,,28054,41,0,14,0,25,,28053,41,0,14,0,20,,28052,41,0,14,0,65,,28051,41,0,14,0,20,,28050,41,0,14,0,25,,28049,41,0,14,0,60,,28057,41,0,14,0,25,,28058,41,0,14,0,60,,28059,41,0,14,0,25,,28060,41,0,14,0,20,,28061,41,0,14,0,65,,28062,41,0,14,0,20,,28063,41,0,14,0,25,,28064,41,0,14,0,60,,28065,41,0,14,0,25,,28066,41,0,14,0,60,,28067,41,0,14,0,25,,28068,41,0,14,0,20,,28069,41,0,14,0,65,,28070,41,0,14,0,20,,28071,41,0,14,0,25,,28072,41,0,14,0,60,,28073,41,0,14,0,25,,28074,41,0,14,0,60,,28075,41,0,14,0,25,,28076,41,0,14,0,20,,28077,41,0,14,0,65,,28078,41,0,14,0,20,,28079,41,0,14,0,25,,28080,41,0,14,0,60,,28081,41,0,14,0,30,,28082,41,0,14,0,76,,28083,41,0,14,0,80,,28084,41,0,14,0,40,,28085,41,0,14,0,80,,28086,41,0,14,0,80,,28087,41,0,14,0,40,,28088,41,0,14,0,80,,28089,41,0,14,0
722600,'1350',725,,28857,12,,,0,85,,28858,12,,,0,690,,28859,13,,,0,42,,28860,13,,,0
722600,'1351',725,,28861,12,,,0,85,,28862,12,,,0,690,,28863,13,,,0,42,,28864,13,,,0
722600,'1352',725,,28865,12,,,0,85,,28866,12,,,0,690,,28867,13,,,0,42,,28868,13,,,0
722600,'1353',725,,28869,12,,,0,85,,28870,12,,,0,690,,28871,13,,,0,42,,28872,13,,,0
722600,'1354',725,,28873,12,,,0,85,,28874,12,,,0,690,,28875,13,,,0,42,,28876,13,,,0
