400101,'1334',1011,,11258,3,0,11,0,35,,11257,3,0,11,0,75,,11256,3,0,11,0,35,,11255,3,0,11,0,75,,11254,3,0,11,0,75,,11253,3,0,11,0,35,,11252,3,0,11,0,75,,11251,3,0,11,0,35,,11250,3,0,11,0,75,,11249,3,0,11,0,75,,11248,3,0,11,0,35,,11247,3,0,11,0,75,,11246,3,0,11,0,35,,11245,3,0,11,0,75,,11244,3,0,11,0,35,,11243,3,0,11,0
400101,'1335',836,,11259,3,0,11,0,75,,11260,3,0,11,0,35,,11261,3,0,11,0,75,,11262,3,0,11,0,35,,11263,3,0,11,0,75,,11264,3,0,11,0,75,,11265,3,0,11,0,35,,11266,3,0,11,0,75,,11267,3,0,11,0,35,,11268,3,0,11,0,75,,11269,3,0,11,0,75,,11270,3,0,11,0,35,,11271,3,0,11,0,75,,11272,3,0,11,0,35,,11273,3,0,11,0,75,,11274,3,0,11,0,35,,11275,3,0,11,0,75,,11276,3,0,11,0,75,,11277,3,0,11,0,35,,11278,3,0,11,0
400101,'1336',736,,11279,3,0,11,0,75,,11280,3,0,11,0,35,,11281,3,0,11,0,75,,11282,3,0,11,0,35,,11283,3,0,11,0,75,,11284,3,0,11,0,75,,11285,3,0,11,0,35,,11286,3,0,11,0,75,,11287,3,0,11,0,35,,11288,3,0,11,0,75,,11289,3,0,11,0,75,,11290,3,0,11,0,35,,11291,3,0,11,0,75,,11292,3,0,11,0,35,,11293,3,0,11,0,75,,11294,3,0,11,0,35,,11295,3,0,11,0,75,,11296,3,0,11,0,75,,11297,3,0,11,0,35,,11298,3,0,11,0,75,,11299,3,0,11,0,35,,11300,3,0,11,0,75,,11301,3,0,11,0,75,,11302,3,0,11,0,35,,11303,3,0,11,0,75,,11304,3,0,11,0,35,,11305,3,0,11,0
400101,'1337',736,,11306,3,0,11,0,75,,11307,3,0,11,0,35,,11308,3,0,11,0,75,,11309,3,0,11,0,35,,11310,3,0,11,0,75,,11311,3,0,11,0,75,,11312,3,0,11,0,35,,11313,3,0,11,0,75,,11314,3,0,11,0,35,,11315,3,0,11,0,75,,11316,3,0,11,0,75,,11317,3,0,11,0,35,,11318,3,0,11,0,75,,11319,3,0,11,0,35,,11320,3,0,11,0,75,,11321,3,0,11,0,35,,11322,3,0,11,0,75,,11323,3,0,11,0,75,,11324,3,0,11,0,35,,11325,3,0,11,0,75,,11326,3,0,11,0,35,,11327,3,0,11,0,75,,11328,3,0,11,0,75,,11329,3,0,11,0,35,,11330,3,0,11,0,75,,11331,3,0,11,0,35,,11332,3,0,11,0
400101,'1338',736,,11333,3,0,11,0,75,,11334,3,0,11,0,35,,11335,3,0,11,0,75,,11336,3,0,11,0,35,,11337,3,0,11,0,75,,11338,3,0,11,0,75,,11339,3,0,11,0,35,,11340,3,0,11,0,75,,11341,3,0,11,0,35,,11342,3,0,11,0,75,,11343,3,0,11,0,75,,11344,3,0,11,0,35,,11345,3,0,11,0,75,,11346,3,0,11,0,35,,11347,3,0,11,0,75,,11348,3,0,11,0,35,,11349,3,0,11,0,75,,11350,3,0,11,0,75,,11351,3,0,11,0,35,,11352,3,0,11,0,75,,11353,3,0,11,0,35,,11354,3,0,11,0,75,,11355,3,0,11,0,75,,11356,3,0,11,0,35,,11357,3,0,11,0,75,,11358,3,0,11,0,35,,11359,3,0,11,0
400101,'1339',736,,11360,3,0,11,0,75,,11361,3,0,11,0,35,,11362,3,0,11,0,75,,11363,3,0,11,0,35,,11364,3,0,11,0,75,,11365,3,0,11,0,75,,11366,3,0,11,0,35,,11367,3,0,11,0,75,,11368,3,0,11,0,35,,11369,3,0,11,0,75,,11370,3,0,11,0,75,,11371,3,0,11,0,35,,11372,3,0,11,0,75,,11373,3,0,11,0,35,,11374,3,0,11,0,75,,11375,3,0,11,0,35,,11376,3,0,11,0,75,,11377,3,0,11,0,75,,11378,3,0,11,0,35,,11379,3,0,11,0,75,,11380,3,0,11,0,35,,11381,3,0,11,0,75,,11382,3,0,11,0,75,,11383,3,0,11,0,35,,11384,3,0,11,0,75,,11385,3,0,11,0,35,,11386,3,0,11,0
400101,'1340',736,,11387,3,0,11,0,75,,11388,3,0,11,0,35,,11389,3,0,11,0,75,,11390,3,0,11,0,35,,11391,3,0,11,0,75,,11392,3,0,11,0,75,,11393,3,0,11,0,35,,11394,3,0,11,0,75,,11395,3,0,11,0,35,,11396,3,0,11,0,75,,11397,3,0,11,0,75,,11398,3,0,11,0,35,,11399,3,0,11,0,75,,11400,3,0,11,0,35,,11401,3,0,11,0,75,,11402,3,0,11,0,35,,11403,3,0,11,0,75,,11404,3,0,11,0,75,,11405,3,0,11,0,35,,11406,3,0,11,0,75,,11407,3,0,11,0,35,,11408,3,0,11,0,75,,11409,3,0,11,0,75,,11410,3,0,11,0,35,,11411,3,0,11,0,75,,11412,3,0,11,0,35,,11413,3,0,11,0
721403,'1334',935,,13693,1,0,15,0,110,,13692,1,0,15,0,110,,13691,1,0,15,0,150,,13690,1,0,15,0,110,,13689,1,0,15,0,110,,13688,1,0,15,0,110,,13687,1,0,15,0,110,,13686,1,0,15,0
721403,'1335',835,,13694,1,0,15,0,110,,13695,1,0,15,0,110,,13696,1,0,15,0,150,,13697,1,0,15,0,110,,13698,1,0,15,0,115,,13699,1,0,15,0,85,,13700,1,0,15,0,85,,13701,1,0,15,0,45,,13702,1,0,15,0,85,,13703,1,0,15,0,85,,13704,1,0,15,0,85,,13705,1,0,15,0,45,,13706,1,0,15,0
721403,'1336',700,,13707,1,0,15,0,100,,13708,1,0,15,0,45,,13709,1,0,15,0,85,,13710,1,0,15,0,85,,13711,1,0,15,0,85,,13712,1,0,15,0,45,,13713,1,0,15,0,85,,13714,1,0,15,0,85,,13715,1,0,15,0,85,,13716,1,0,15,0,45,,13717,1,0,15,0,85,,13718,1,0,15,0,85,,13719,1,0,15,0,85,,13720,1,0,15,0,45,,13721,1,0,15,0,85,,13722,1,0,15,0,85,,13723,1,0,15,0,85,,13724,1,0,15,0,45,,13725,1,0,15,0,85,,13726,1,0,15,0
721403,'1337',700,,13727,1,0,15,0,100,,13728,1,0,15,0,45,,13729,1,0,15,0,85,,13730,1,0,15,0,85,,13731,1,0,15,0,85,,13732,1,0,15,0,45,,13733,1,0,15,0,85,,13734,1,0,15,0,85,,13735,1,0,15,0,85,,13736,1,0,15,0,45,,13737,1,0,15,0,85,,13738,1,0,15,0,85,,13739,1,0,15,0,85,,13740,1,0,15,0,45,,13741,1,0,15,0,85,,13742,1,0,15,0,85,,13743,1,0,15,0,85,,13744,1,0,15,0,45,,13745,1,0,15,0,85,,13746,1,0,15,0
721403,'1338',700,,13747,1,0,15,0,100,,13748,1,0,15,0,45,,13749,1,0,15,0,85,,13750,1,0,15,0,85,,13751,1,0,15,0,85,,13752,1,0,15,0,45,,13753,1,0,15,0,85,,13754,1,0,15,0,85,,13755,1,0,15,0,85,,13756,1,0,15,0,45,,13757,1,0,15,0,85,,13758,1,0,15,0,85,,13759,1,0,15,0,85,,13760,1,0,15,0,45,,13761,1,0,15,0,85,,13762,1,0,15,0,85,,13763,1,0,15,0,85,,13764,1,0,15,0,45,,13765,1,0,15,0,85,,13766,1,0,15,0
721403,'1339',700,,13767,1,0,15,0,100,,13768,1,0,15,0,45,,13769,1,0,15,0,85,,13770,1,0,15,0,85,,13771,1,0,15,0,85,,13772,1,0,15,0,45,,13773,1,0,15,0,85,,13774,1,0,15,0,85,,13775,1,0,15,0,85,,13776,1,0,15,0,45,,13777,1,0,15,0,85,,13778,1,0,15,0,85,,13779,1,0,15,0,85,,13780,1,0,15,0,45,,13781,1,0,15,0,85,,13782,1,0,15,0,85,,13783,1,0,15,0,85,,13784,1,0,15,0,45,,13785,1,0,15,0,85,,13786,1,0,15,0
721403,'1340',700,,13787,1,0,15,0,100,,13788,1,0,15,0,45,,13789,1,0,15,0,85,,13790,1,0,15,0,85,,13791,1,0,15,0,85,,13792,1,0,15,0,45,,13793,1,0,15,0,85,,13794,1,0,15,0,85,,13795,1,0,15,0,85,,13796,1,0,15,0,45,,13797,1,0,15,0,85,,13798,1,0,15,0,85,,13799,1,0,15,0,85,,13800,1,0,15,0,45,,13801,1,0,15,0,85,,13802,1,0,15,0,85,,13803,1,0,15,0,85,,13804,1,0,15,0,45,,13805,1,0,15,0,85,,13806,1,0,15,0
721404,'1334',935,,13814,49,4,,0,110,,13813,49,4,,0,110,,13812,49,4,,0,150,,13811,49,4,,0,110,,13810,49,4,,0,110,,13809,49,4,,0,110,,13808,49,4,,0,110,,13807,49,4,,0
721404,'1335',834,,13815,49,4,,0,110,,13816,49,4,,0,110,,13817,49,4,,0,150,,13818,49,4,,0,110,,13819,49,4,,0,113,,13820,49,4,,0,85,,13821,49,4,,0,45,,13822,49,4,,0,85,,13823,49,4,,0,85,,13824,49,4,,0,85,,13825,49,4,,0,46,,13826,49,4,,0,85,,13827,49,4,,0
721404,'1336',700,,13828,49,4,,0,57,,13829,49,4,,0,85,,13830,49,4,,0,85,,13831,49,4,,0,84,,13832,49,4,,0,45,,13833,49,4,,0,85,,13834,49,4,,0,85,,13835,49,4,,0,85,,13836,49,4,,0,45,,13837,49,4,,0,85,,13838,49,4,,0,85,,13839,49,4,,0,85,,13840,49,4,,0,45,,13841,49,4,,0,85,,13842,49,4,,0,85,,13843,49,4,,0,86,,13844,49,4,,0,45,,13845,49,4,,0,85,,13846,49,4,,0,85,,13847,49,4,,0
721404,'1337',700,,13848,49,4,,0,57,,13849,49,4,,0,85,,13850,49,4,,0,85,,13851,49,4,,0,84,,13852,49,4,,0,45,,13853,49,4,,0,85,,13854,49,4,,0,85,,13855,49,4,,0,85,,13856,49,4,,0,45,,13857,49,4,,0,85,,13858,49,4,,0,85,,13859,49,4,,0,85,,13860,49,4,,0,45,,13861,49,4,,0,85,,13862,49,4,,0,85,,13863,49,4,,0,86,,13864,49,4,,0,45,,13865,49,4,,0,85,,13866,49,4,,0,85,,13867,49,4,,0
721404,'1338',700,,13868,49,4,,0,57,,13869,49,4,,0,85,,13870,49,4,,0,85,,13871,49,4,,0,84,,13872,49,4,,0,45,,13873,49,4,,0,85,,13874,49,4,,0,85,,13875,49,4,,0,85,,13876,49,4,,0,45,,13877,49,4,,0,85,,13878,49,4,,0,85,,13879,49,4,,0,85,,13880,49,4,,0,45,,13881,49,4,,0,85,,13882,49,4,,0,85,,13883,49,4,,0,86,,13884,49,4,,0,45,,13885,49,4,,0,85,,13886,49,4,,0,85,,13887,49,4,,0
721404,'1339',700,,13888,49,4,,0,57,,13889,49,4,,0,85,,13890,49,4,,0,85,,13891,49,4,,0,84,,13892,49,4,,0,45,,13893,49,4,,0,85,,13894,49,4,,0,85,,13895,49,4,,0,85,,13896,49,4,,0,45,,13897,49,4,,0,85,,13898,49,4,,0,85,,13899,49,4,,0,85,,13900,49,4,,0,45,,13901,49,4,,0,85,,13902,49,4,,0,85,,13903,49,4,,0,86,,13904,49,4,,0,45,,13905,49,4,,0,85,,13906,49,4,,0,85,,13907,49,4,,0
721404,'1340',700,,13908,49,4,,0,57,,13909,49,4,,0,85,,13910,49,4,,0,85,,13911,49,4,,0,84,,13912,49,4,,0,45,,13913,49,4,,0,85,,13914,49,4,,0,85,,13915,49,4,,0,85,,13916,49,4,,0,45,,13917,49,4,,0,85,,13918,49,4,,0,85,,13919,49,4,,0,85,,13920,49,4,,0,45,,13921,49,4,,0,85,,13922,49,4,,0,85,,13923,49,4,,0,86,,13924,49,4,,0,45,,13925,49,4,,0,85,,13926,49,4,,0,85,,13927,49,4,,0
721501,'1334',947,,13938,41,0,17,0,100,,13937,41,0,17,0,100,,13936,41,0,17,0,100,,13935,41,0,17,0,100,,13934,41,0,17,0,100,,13933,41,0,17,0,100,,13932,41,0,17,0,100,,13931,41,0,17,0,100,,13930,41,0,17,0,100,,13929,41,0,17,0,100,,13928,41,0,17,0
721501,'1335',747,,13939,41,0,17,0,100,,13940,41,0,17,0,100,,13941,41,0,17,0,100,,13942,41,0,17,0,100,,13943,41,0,17,0,100,,13944,41,0,17,0,70,,13945,41,0,17,0,30,,13946,41,0,17,0,70,,13947,41,0,17,0,30,,13948,41,0,17,0,70,,13949,41,0,17,0,30,,13950,41,0,17,0,70,,13951,41,0,17,0,30,,13952,41,0,17,0,70,,13953,41,0,17,0,30,,13954,41,0,17,0,70,,13955,41,0,17,0,30,,13956,41,0,17,0,100,,13957,41,0,17,0
721501,'1336',747,,13958,41,0,17,0,70,,13959,41,0,17,0,30,,13960,41,0,17,0,70,,13961,41,0,17,0,30,,13962,41,0,17,0,70,,13963,41,0,17,0,30,,13964,41,0,17,0,70,,13965,41,0,17,0,30,,13966,41,0,17,0,70,,13967,41,0,17,0,30,,13968,41,0,17,0,70,,13969,41,0,17,0,30,,13970,41,0,17,0,70,,13971,41,0,17,0,30,,13972,41,0,17,0,70,,13973,41,0,17,0,30,,13974,41,0,17,0,70,,13975,41,0,17,0,30,,13976,41,0,17,0,70,,13977,41,0,17,0,30,,13978,41,0,17,0,70,,13979,41,0,17,0,30,,13980,41,0,17,0,70,,13981,41,0,17,0,30,,13982,41,0,17,0,100,,13983,41,0,17,0,100,,13984,41,0,17,0,100,,13985,41,0,17,0
721501,'1337',747,,13986,41,0,17,0,70,,13987,41,0,17,0,30,,13988,41,0,17,0,70,,13989,41,0,17,0,30,,13990,41,0,17,0,70,,13991,41,0,17,0,30,,13992,41,0,17,0,70,,13993,41,0,17,0,30,,13994,41,0,17,0,70,,13995,41,0,17,0,30,,13996,41,0,17,0,70,,13997,41,0,17,0,30,,13998,41,0,17,0,70,,13999,41,0,17,0,30,,14000,41,0,17,0,70,,14001,41,0,17,0,30,,14002,41,0,17,0,70,,14003,41,0,17,0,30,,14004,41,0,17,0,70,,14005,41,0,17,0,30,,14006,41,0,17,0,70,,14007,41,0,17,0,30,,14008,41,0,17,0,70,,14009,41,0,17,0,30,,14010,41,0,17,0,100,,14011,41,0,17,0,100,,14012,41,0,17,0,100,,14013,41,0,17,0
721501,'1338',747,,14014,41,0,17,0,70,,14015,41,0,17,0,30,,14016,41,0,17,0,70,,14017,41,0,17,0,30,,14018,41,0,17,0,70,,14019,41,0,17,0,30,,14020,41,0,17,0,70,,14021,41,0,17,0,30,,14022,41,0,17,0,70,,14023,41,0,17,0,30,,14024,41,0,17,0,70,,14025,41,0,17,0,30,,14026,41,0,17,0,70,,14027,41,0,17,0,30,,14028,41,0,17,0,70,,14029,41,0,17,0,30,,14030,41,0,17,0,70,,14031,41,0,17,0,30,,14032,41,0,17,0,70,,14033,41,0,17,0,30,,14034,41,0,17,0,70,,14035,41,0,17,0,30,,14036,41,0,17,0,70,,14037,41,0,17,0,30,,14038,41,0,17,0,100,,14039,41,0,17,0,100,,14040,41,0,17,0,100,,14041,41,0,17,0
721501,'1339',747,,14042,41,0,17,0,70,,14043,41,0,17,0,30,,14044,41,0,17,0,70,,14045,41,0,17,0,30,,14046,41,0,17,0,70,,14047,41,0,17,0,30,,14048,41,0,17,0,70,,14049,41,0,17,0,30,,14050,41,0,17,0,70,,14051,41,0,17,0,30,,14052,41,0,17,0,70,,14053,41,0,17,0,30,,14054,41,0,17,0,70,,14055,41,0,17,0,30,,14056,41,0,17,0,70,,14057,41,0,17,0,30,,14058,41,0,17,0,70,,14059,41,0,17,0,30,,14060,41,0,17,0,70,,14061,41,0,17,0,30,,14062,41,0,17,0,70,,14063,41,0,17,0,30,,14064,41,0,17,0,70,,14065,41,0,17,0,30,,14066,41,0,17,0,100,,14067,41,0,17,0,100,,14068,41,0,17,0,100,,14069,41,0,17,0
721501,'1340',747,,14070,41,0,17,0,70,,14071,41,0,17,0,30,,14072,41,0,17,0,70,,14073,41,0,17,0,30,,14074,41,0,17,0,70,,14075,41,0,17,0,30,,14076,41,0,17,0,70,,14077,41,0,17,0,30,,14078,41,0,17,0,70,,14079,41,0,17,0,30,,14080,41,0,17,0,70,,14081,41,0,17,0,30,,14082,41,0,17,0,70,,14083,41,0,17,0,30,,14084,41,0,17,0,70,,14085,41,0,17,0,30,,14086,41,0,17,0,70,,14087,41,0,17,0,30,,14088,41,0,17,0,70,,14089,41,0,17,0,30,,14090,41,0,17,0,70,,14091,41,0,17,0,30,,14092,41,0,17,0,70,,14093,41,0,17,0,30,,14094,41,0,17,0,100,,14095,41,0,17,0,100,,14096,41,0,17,0,100,,14097,41,0,17,0
722501,'1336',510,,14273,1,0,17,0,120,,14274,1,0,17,0,100,,14275,1,0,17,0,100,,14276,1,0,17,0,100,,14277,1,0,17,0,100,,14278,1,0,17,0,100,,14279,1,0,17,0,100,,14280,1,0,17,0,100,,14281,1,0,17,0,100,,14282,1,0,17,0,100,,14283,1,0,17,0,100,,14284,1,0,17,0,100,,14285,1,0,17,0,100,,14286,1,0,17,0,100,,14287,1,0,17,0,100,,14288,1,0,17,0,100,,14289,1,0,17,0,100,,14290,1,0,17,0
722501,'1337',510,,14291,1,0,17,0,120,,14292,1,0,17,0,100,,14293,1,0,17,0,100,,14294,1,0,17,0,100,,14295,1,0,17,0,100,,14296,1,0,17,0,100,,14297,1,0,17,0,100,,14298,1,0,17,0,100,,14299,1,0,17,0,100,,14300,1,0,17,0,100,,14301,1,0,17,0,100,,14302,1,0,17,0,100,,14303,1,0,17,0,100,,14304,1,0,17,0,100,,14305,1,0,17,0,100,,14306,1,0,17,0,100,,14307,1,0,17,0,100,,14308,1,0,17,0
722501,'1338',510,,14309,1,0,17,0,120,,14310,1,0,17,0,100,,14311,1,0,17,0,100,,14312,1,0,17,0,100,,14313,1,0,17,0,100,,14314,1,0,17,0,100,,14315,1,0,17,0,100,,14316,1,0,17,0,100,,14317,1,0,17,0,100,,14318,1,0,17,0,100,,14319,1,0,17,0,100,,14320,1,0,17,0,100,,14321,1,0,17,0,100,,14322,1,0,17,0,100,,14323,1,0,17,0,100,,14324,1,0,17,0,100,,14325,1,0,17,0,100,,14326,1,0,17,0
722501,'1339',510,,14327,1,0,17,0,120,,14328,1,0,17,0,100,,14329,1,0,17,0,100,,14330,1,0,17,0,100,,14331,1,0,17,0,100,,14332,1,0,17,0,100,,14333,1,0,17,0,100,,14334,1,0,17,0,100,,14335,1,0,17,0,100,,14336,1,0,17,0,100,,14337,1,0,17,0,100,,14338,1,0,17,0,100,,14339,1,0,17,0,100,,14340,1,0,17,0,100,,14341,1,0,17,0,100,,14342,1,0,17,0,100,,14343,1,0,17,0,100,,14344,1,0,17,0
722501,'1340',510,,14345,1,0,17,0,120,,14346,1,0,17,0,100,,14347,1,0,17,0,100,,14348,1,0,17,0,100,,14349,1,0,17,0,100,,14350,1,0,17,0,100,,14351,1,0,17,0,100,,14352,1,0,17,0,100,,14353,1,0,17,0,100,,14354,1,0,17,0,100,,14355,1,0,17,0,100,,14356,1,0,17,0,100,,14357,1,0,17,0,100,,14358,1,0,17,0,100,,14359,1,0,17,0,100,,14360,1,0,17,0,100,,14361,1,0,17,0,100,,14362,1,0,17,0
722502,'1336',628,,14363,60,4,,0,100,,14364,60,4,,0,100,,14365,60,4,,0,100,,14366,60,4,,0,100,,14367,60,4,,0,100,,14368,60,4,,0,100,,14369,60,4,,0,100,,14370,60,4,,0,100,,14371,60,4,,0,100,,14372,60,4,,0,100,,14373,60,4,,0,100,,14374,60,4,,0,100,,14375,60,4,,0,100,,14376,60,4,,0,100,,14377,60,4,,0,100,,14378,60,4,,0,100,,14379,60,4,,0,100,,14380,60,4,,0
722502,'1337',628,,14381,60,4,,0,100,,14382,60,4,,0,100,,14383,60,4,,0,100,,14384,60,4,,0,100,,14385,60,4,,0,100,,14386,60,4,,0,100,,14387,60,4,,0,100,,14388,60,4,,0,100,,14389,60,4,,0,100,,14390,60,4,,0,100,,14391,60,4,,0,100,,14392,60,4,,0,100,,14393,60,4,,0,100,,14394,60,4,,0,100,,14395,60,4,,0,100,,14396,60,4,,0,100,,14397,60,4,,0,100,,14398,60,4,,0
722502,'1338',628,,14399,60,4,,0,100,,14400,60,4,,0,100,,14401,60,4,,0,100,,14402,60,4,,0,100,,14403,60,4,,0,100,,14404,60,4,,0,100,,14405,60,4,,0,100,,14406,60,4,,0,100,,14407,60,4,,0,100,,14408,60,4,,0,100,,14409,60,4,,0,100,,14410,60,4,,0,100,,14411,60,4,,0,100,,14412,60,4,,0,100,,14413,60,4,,0,100,,14414,60,4,,0,100,,14415,60,4,,0,100,,14416,60,4,,0
722502,'1339',628,,14417,60,4,,0,100,,14418,60,4,,0,100,,14419,60,4,,0,100,,14420,60,4,,0,100,,14421,60,4,,0,100,,14422,60,4,,0,100,,14423,60,4,,0,100,,14424,60,4,,0,100,,14425,60,4,,0,100,,14426,60,4,,0,100,,14427,60,4,,0,100,,14428,60,4,,0,100,,14429,60,4,,0,100,,14430,60,4,,0,100,,14431,60,4,,0,100,,14432,60,4,,0,100,,14433,60,4,,0,100,,14434,60,4,,0
722502,'1340',628,,14435,60,4,,0,100,,14436,60,4,,0,100,,14437,60,4,,0,100,,14438,60,4,,0,100,,14439,60,4,,0,100,,14440,60,4,,0,100,,14441,60,4,,0,100,,14442,60,4,,0,100,,14443,60,4,,0,100,,14444,60,4,,0,100,,14445,60,4,,0,100,,14446,60,4,,0,100,,14447,60,4,,0,100,,14448,60,4,,0,100,,14449,60,4,,0,100,,14450,60,4,,0,100,,14451,60,4,,0,100,,14452,60,4,,0
