721404,'1348',930,,28217,43,0,14,0,110,,28216,43,0,14,0,110,,28215,43,0,14,0,150,,28218,43,0,14,0,110,,28214,43,0,14,0,110,,28213,43,0,14,0,110,,28212,43,0,14,0,110,,28211,43,0,14,0
721404,'1349',829,,28219,43,0,14,0,110,,28220,43,0,14,0,110,,28221,43,0,14,0,110,,28222,43,0,14,0,150,,28223,43,0,14,0,113,,28224,43,0,14,0,85,,28225,43,0,14,0,45,,28226,43,0,14,0,85,,28227,43,0,14,0,85,,28228,43,0,14,0,85,,28229,43,0,14,0,45,,28230,43,0,14,0,85,,28231,43,0,14,0
721404,'1350',654,,28232,43,0,14,0,97,,28233,43,0,14,0,85,,28234,43,0,14,0,85,,28235,43,0,14,0,85,,28236,43,0,14,0,45,,28237,43,0,14,0,85,,28238,43,0,14,0,85,,28239,43,0,14,0,85,,28240,43,0,14,0,45,,28241,43,0,14,0,85,,28242,43,0,14,0,85,,28243,43,0,14,0,85,,28244,43,0,14,0,45,,28245,43,0,14,0,85,,28246,43,0,14,0,85,,28247,43,0,14,0,85,,28248,43,0,14,0,45,,28249,43,0,14,0,85,,28250,43,0,14,0,85,,28251,43,0,14,0
721404,'1351',654,,28252,43,0,14,0,97,,28253,43,0,14,0,85,,28254,43,0,14,0,85,,28255,43,0,14,0,85,,28256,43,0,14,0,45,,28257,43,0,14,0,85,,28258,43,0,14,0,85,,28259,43,0,14,0,85,,28260,43,0,14,0,45,,28261,43,0,14,0,85,,28262,43,0,14,0,85,,28263,43,0,14,0,85,,28264,43,0,14,0,45,,28265,43,0,14,0,85,,28266,43,0,14,0,85,,28267,43,0,14,0,85,,28268,43,0,14,0,45,,28269,43,0,14,0,85,,28270,43,0,14,0,85,,28271,43,0,14,0
721404,'1352',654,,28272,43,0,14,0,97,,28273,43,0,14,0,85,,28274,43,0,14,0,85,,28275,43,0,14,0,85,,28276,43,0,14,0,45,,28277,43,0,14,0,85,,28278,43,0,14,0,85,,28279,43,0,14,0,85,,28280,43,0,14,0,45,,28281,43,0,14,0,85,,28282,43,0,14,0,85,,28283,43,0,14,0,85,,28284,43,0,14,0,45,,28285,43,0,14,0,85,,28286,43,0,14,0,85,,28287,43,0,14,0,85,,28288,43,0,14,0,45,,28289,43,0,14,0,85,,28290,43,0,14,0,85,,28291,43,0,14,0
721404,'1353',654,,28292,43,0,14,0,97,,28293,43,0,14,0,85,,28294,43,0,14,0,85,,28295,43,0,14,0,85,,28296,43,0,14,0,45,,28297,43,0,14,0,85,,28298,43,0,14,0,85,,28299,43,0,14,0,85,,28300,43,0,14,0,45,,28301,43,0,14,0,85,,28302,43,0,14,0,85,,28303,43,0,14,0,85,,28304,43,0,14,0,45,,28305,43,0,14,0,85,,28306,43,0,14,0,85,,28307,43,0,14,0,85,,28308,43,0,14,0,45,,28309,43,0,14,0,85,,28310,43,0,14,0,85,,28311,43,0,14,0
721404,'1354',654,,28312,43,0,14,0,97,,28313,43,0,14,0,85,,28314,43,0,14,0,85,,28315,43,0,14,0,85,,28316,43,0,14,0,45,,28317,43,0,14,0,85,,28318,43,0,14,0,85,,28319,43,0,14,0,85,,28320,43,0,14,0,45,,28321,43,0,14,0,85,,28322,43,0,14,0,85,,28323,43,0,14,0,85,,28324,43,0,14,0,45,,28325,43,0,14,0,85,,28326,43,0,14,0,85,,28327,43,0,14,0,85,,28328,43,0,14,0,45,,28329,43,0,14,0,85,,28330,43,0,14,0,85,,28331,43,0,14,0
722600,'1350',721,,28857,7,,,0,84,,28858,7,,,0,649,,28859,8,,,0,84,,28860,8,,,0
722600,'1351',721,,28861,7,,,0,84,,28862,7,,,0,649,,28863,8,,,0,84,,28864,8,,,0
722600,'1352',721,,28865,7,,,0,84,,28866,7,,,0,649,,28867,8,,,0,84,,28868,8,,,0
722600,'1353',721,,28869,7,,,0,84,,28870,7,,,0,649,,28871,8,,,0,84,,28872,8,,,0
722600,'1354',721,,28873,7,,,0,84,,28874,7,,,0,649,,28875,8,,,0,84,,28876,8,,,0
