'1320',1801,74900,0,'',0,10000,0,'',0,10000,0,'',0,10500,0,'',0,8000,0,'',0,8000,0,'',0,4000,0,'',0,8000,0,'',0,8000,0,'',0,4000,0,'',0,8000,0,'',0,8000,0,'',0,4000,0,'',0,8000,0,'',0,8000,0,'',0,4000,0,'',0,8000,0,'',0,8000,0,'',0
'1321',1801,62400,0,'',0,3000,0,'',0,7000,0,'',0,3000,0,'',0,7000,0,'',0,3000,0,'',0,7000,0,'',0,3000,0,'',0,7000,0,'',0,3000,0,'',0,6000,0,'',0,2000,0,'',0,2000,0,'',0,6000,0,'',0,2000,0,'',0,2000,0,'',0,6000,0,'',0,2000,0,'',0,2000,0,'',0,6000,0,'',0,2000,0,'',0,2000,0,'',0,6000,0,'',0,2000,0,'',0,2000,0,'',0,6000,0,'',0,2000,0,'',0,2000,0,'',0,6000,0,'',0,2000,0,'',0,2000,0,'',0,6000,0,'',0,2000,0,'',0,2000,0,'',0,7500,0,'',0,2500,0,'',0,7000,0,'',0,3000,0,'',0,7000,0,'',0,3000,0,'',0,7000,0,'',0,3000,0,'',0,7000,0,'',0,3000,0,'',0,7000,0,'',0,3000,0,'',0,7000,0,'',0
'1322',1801,62200,0,'',0,3000,0,'',0,6000,0,'',0,1500,0,'',0,1500,0,'',0,1500,0,'',0,5000,0,'',0,1000,0,'',0,1000,0,'',0,1000,0,'',0,1000,0,'',0,1000,0,'',0,5500,0,'',0,1500,0,'',0,1500,0,'',0,1000,0,'',0,5500,0,'',0,1500,0,'',0,1500,0,'',0,1500,0,'',0,5500,0,'',0,1500,0,'',0,1500,0,'',0,1500,0,'',0,5500,0,'',0,1500,0,'',0,1500,0,'',0,1500,0,'',0,5100,0,'',0,400,0,'',0,1500,0,'',0,1500,0,'',0,1500,0,'',0,6200,0,'',0,1500,0,'',0,1500,0,'',0,1500,0,'',0,5000,0,'',0,1000,0,'',0,1000,0,'',0,1000,0,'',0,1000,0,'',0,1000,0,'',0,5000,0,'',0,1000,0,'',0,1000,0,'',0,1000,0,'',0,1000,0,'',0,1000,0,'',0,5000,0,'',0,1000,0,'',0,1000,0,'',0,1000,0,'',0,1000,0,'',0,1000,0,'',0,5500,0,'',0,1500,0,'',0,1500,0,'',0,900,0,'',0,7000,0,'',0,3000,0,'',0,7000,0,'',0,3000,0,'',0,7000,0,'',0,3000,0,'',0,7000,0,'',0,3000,0,'',0,7000,0,'',0,3000,0,'',0,7000,0,'',0,3000,0,'',0,7000,0,'',0
'1323',1801,62200,0,'',0,3000,0,'',0,6000,0,'',0,1500,0,'',0,1500,0,'',0,1500,0,'',0,5000,0,'',0,1000,0,'',0,1000,0,'',0,1000,0,'',0,1000,0,'',0,1000,0,'',0,5500,0,'',0,1500,0,'',0,1500,0,'',0,1000,0,'',0,5500,0,'',0,1500,0,'',0,1500,0,'',0,1500,0,'',0,5500,0,'',0,1500,0,'',0,1500,0,'',0,1500,0,'',0,5500,0,'',0,1500,0,'',0,1500,0,'',0,1500,0,'',0,5100,0,'',0,400,0,'',0,1500,0,'',0,1500,0,'',0,1500,0,'',0,6200,0,'',0,1500,0,'',0,1500,0,'',0,1500,0,'',0,5000,0,'',0,1000,0,'',0,1000,0,'',0,1000,0,'',0,1000,0,'',0,1000,0,'',0,5000,0,'',0,1000,0,'',0,1000,0,'',0,1000,0,'',0,1000,0,'',0,1000,0,'',0,5000,0,'',0,1000,0,'',0,1000,0,'',0,1000,0,'',0,1000,0,'',0,1000,0,'',0,5500,0,'',0,1500,0,'',0,1500,0,'',0,900,0,'',0,7000,0,'',0,3000,0,'',0,7000,0,'',0,3000,0,'',0,7000,0,'',0,3000,0,'',0,7000,0,'',0,3000,0,'',0,7000,0,'',0,3000,0,'',0,7000,0,'',0,3000,0,'',0,7000,0,'',0
'1324',1801,62200,0,'',0,3000,0,'',0,6000,0,'',0,1500,0,'',0,1500,0,'',0,1500,0,'',0,5000,0,'',0,1000,0,'',0,1000,0,'',0,1000,0,'',0,1000,0,'',0,1000,0,'',0,5500,0,'',0,1500,0,'',0,1500,0,'',0,1000,0,'',0,5500,0,'',0,1500,0,'',0,1500,0,'',0,1500,0,'',0,5500,0,'',0,1500,0,'',0,1500,0,'',0,1500,0,'',0,5500,0,'',0,1500,0,'',0,1500,0,'',0,1500,0,'',0,5100,0,'',0,400,0,'',0,1500,0,'',0,1500,0,'',0,1500,0,'',0,6200,0,'',0,1500,0,'',0,1500,0,'',0,1500,0,'',0,5000,0,'',0,1000,0,'',0,1000,0,'',0,1000,0,'',0,1000,0,'',0,1000,0,'',0,5000,0,'',0,1000,0,'',0,1000,0,'',0,1000,0,'',0,1000,0,'',0,1000,0,'',0,5000,0,'',0,1000,0,'',0,1000,0,'',0,1000,0,'',0,1000,0,'',0,1000,0,'',0,5500,0,'',0,1500,0,'',0,1500,0,'',0,900,0,'',0,7000,0,'',0,3000,0,'',0,7000,0,'',0,3000,0,'',0,7000,0,'',0,3000,0,'',0,7000,0,'',0,3000,0,'',0,7000,0,'',0,3000,0,'',0,7000,0,'',0,3000,0,'',0,7000,0,'',0
'1325',1801,62200,0,'',0,3000,0,'',0,6000,0,'',0,1500,0,'',0,1500,0,'',0,1500,0,'',0,5000,0,'',0,1000,0,'',0,1000,0,'',0,1000,0,'',0,1000,0,'',0,1000,0,'',0,5500,0,'',0,1500,0,'',0,1500,0,'',0,1000,0,'',0,5500,0,'',0,1500,0,'',0,1500,0,'',0,1500,0,'',0,5500,0,'',0,1500,0,'',0,1500,0,'',0,1500,0,'',0,5500,0,'',0,1500,0,'',0,1500,0,'',0,1500,0,'',0,5100,0,'',0,400,0,'',0,1500,0,'',0,1500,0,'',0,1500,0,'',0,6200,0,'',0,1500,0,'',0,1500,0,'',0,1500,0,'',0,5000,0,'',0,1000,0,'',0,1000,0,'',0,1000,0,'',0,1000,0,'',0,1000,0,'',0,5000,0,'',0,1000,0,'',0,1000,0,'',0,1000,0,'',0,1000,0,'',0,1000,0,'',0,5000,0,'',0,1000,0,'',0,1000,0,'',0,1000,0,'',0,1000,0,'',0,1000,0,'',0,5500,0,'',0,1500,0,'',0,1500,0,'',0,900,0,'',0,7000,0,'',0,3000,0,'',0,7000,0,'',0,3000,0,'',0,7000,0,'',0,3000,0,'',0,7000,0,'',0,3000,0,'',0,7000,0,'',0,3000,0,'',0,7000,0,'',0,3000,0,'',0,7000,0,'',0
'1326',1801,62200,0,'',0,3000,0,'',0,6000,0,'',0,1500,0,'',0,1500,0,'',0,1500,0,'',0,5000,0,'',0,1000,0,'',0,1000,0,'',0,1000,0,'',0,1000,0,'',0,1000,0,'',0,5500,0,'',0,1500,0,'',0,1500,0,'',0,1000,0,'',0,5500,0,'',0,1500,0,'',0,1500,0,'',0,1500,0,'',0,5500,0,'',0,1500,0,'',0,1500,0,'',0,1500,0,'',0,5500,0,'',0,1500,0,'',0,1500,0,'',0,1500,0,'',0,5100,0,'',0,400,0,'',0,1500,0,'',0,1500,0,'',0,1500,0,'',0,6200,0,'',0,1500,0,'',0,1500,0,'',0,1500,0,'',0,5000,0,'',0,1000,0,'',0,1000,0,'',0,1000,0,'',0,1000,0,'',0,1000,0,'',0,5000,0,'',0,1000,0,'',0,1000,0,'',0,1000,0,'',0,1000,0,'',0,1000,0,'',0,5000,0,'',0,1000,0,'',0,1000,0,'',0,1000,0,'',0,1000,0,'',0,1000,0,'',0,5500,0,'',0,1500,0,'',0,1500,0,'',0,900,0,'',0,7000,0,'',0,3000,0,'',0,7000,0,'',0,3000,0,'',0,7000,0,'',0,3000,0,'',0,7000,0,'',0,3000,0,'',0,7000,0,'',0,3000,0,'',0,7000,0,'',0,3000,0,'',0,7000,0,'',0
'1321',2800,75700,0,'',0,15000,0,'',0,11000,0,'',0,11000,0,'',0,11000,0,'',0,11000,0,'',0,11000,0,'',0,15000,0,'',0,11000,0,'',0,11000,0,'',0,11000,0,'',0
'1322',2800,65700,0,'',0,7500,0,'',0,7500,0,'',0,3500,0,'',0,7500,0,'',0,3500,0,'',0,7500,0,'',0,7500,0,'',0,3500,0,'',0,7500,0,'',0,3500,0,'',0,7500,0,'',0,3500,0,'',0,7500,0,'',0,7500,0,'',0,3500,0,'',0,7500,0,'',0,3500,0,'',0,7500,0,'',0,7500,0,'',0,3500,0,'',0,7500,0,'',0,3500,0,'',0
'1323',2800,65700,0,'',0,7500,0,'',0,7500,0,'',0,3500,0,'',0,7500,0,'',0,3500,0,'',0,7500,0,'',0,7500,0,'',0,3500,0,'',0,7500,0,'',0,3500,0,'',0,7500,0,'',0,3500,0,'',0,7500,0,'',0,7500,0,'',0,3500,0,'',0,7500,0,'',0,3500,0,'',0,7500,0,'',0,7500,0,'',0,3500,0,'',0,7500,0,'',0,3500,0,'',0
'1324',2800,65700,0,'',0,7500,0,'',0,7500,0,'',0,3500,0,'',0,7500,0,'',0,3500,0,'',0,7500,0,'',0,7500,0,'',0,3500,0,'',0,7500,0,'',0,3500,0,'',0,7500,0,'',0,3500,0,'',0,7500,0,'',0,7500,0,'',0,3500,0,'',0,7500,0,'',0,3500,0,'',0,7500,0,'',0,7500,0,'',0,3500,0,'',0,7500,0,'',0,3500,0,'',0
'1325',2800,65700,0,'',0,7500,0,'',0,7500,0,'',0,3500,0,'',0,7500,0,'',0,3500,0,'',0,7500,0,'',0,7500,0,'',0,3500,0,'',0,7500,0,'',0,3500,0,'',0,7500,0,'',0,3500,0,'',0,7500,0,'',0,7500,0,'',0,3500,0,'',0,7500,0,'',0,3500,0,'',0,7500,0,'',0,7500,0,'',0,3500,0,'',0,7500,0,'',0,3500,0,'',0
'1326',2800,65700,0,'',0,7500,0,'',0,7500,0,'',0,3500,0,'',0,7500,0,'',0,3500,0,'',0,7500,0,'',0,7500,0,'',0,3500,0,'',0,7500,0,'',0,3500,0,'',0,7500,0,'',0,3500,0,'',0,7500,0,'',0,7500,0,'',0,3500,0,'',0,7500,0,'',0,3500,0,'',0,7500,0,'',0,7500,0,'',0,3500,0,'',0,7500,0,'',0,3500,0,'',0
