722501,'1357',550,,35879,41,0,17,0,160,,35880,41,0,17,0,100,,35881,41,0,17,0,100,,35882,41,0,17,0,100,,35883,41,0,17,0,100,,35884,41,0,17,0,100,,35885,41,0,17,0,100,,35886,41,0,17,0,100,,35887,41,0,17,0,100,,35888,41,0,17,0,100,,35889,41,0,17,0,100,,35890,41,0,17,0,100,,35891,41,0,17,0,100,,35892,41,0,17,0,100,,35893,41,0,17,0,100,,35894,41,0,17,0,100,,35895,41,0,17,0,100,,35896,41,0,17,0
722501,'1358',550,,35897,41,0,17,0,160,,35898,41,0,17,0,100,,35899,41,0,17,0,100,,35900,41,0,17,0,100,,35901,41,0,17,0,100,,35902,41,0,17,0,100,,35903,41,0,17,0,100,,35904,41,0,17,0,100,,35905,41,0,17,0,100,,35906,41,0,17,0,100,,35907,41,0,17,0,100,,35908,41,0,17,0,100,,35909,41,0,17,0,100,,35910,41,0,17,0,100,,35911,41,0,17,0,100,,35912,41,0,17,0,100,,35913,41,0,17,0,100,,35914,41,0,17,0
722501,'1359',550,,35915,41,0,17,0,160,,35916,41,0,17,0,100,,35917,41,0,17,0,100,,35918,41,0,17,0,100,,35919,41,0,17,0,100,,35920,41,0,17,0,100,,35921,41,0,17,0,100,,35922,41,0,17,0,100,,35923,41,0,17,0,100,,35924,41,0,17,0,100,,35925,41,0,17,0,100,,35926,41,0,17,0,100,,35927,41,0,17,0,100,,35928,41,0,17,0,100,,35929,41,0,17,0,100,,35930,41,0,17,0,100,,35931,41,0,17,0,100,,35932,41,0,17,0
722501,'1360',550,,35933,41,0,17,0,160,,35934,41,0,17,0,100,,35935,41,0,17,0,100,,35936,41,0,17,0,100,,35937,41,0,17,0,100,,35938,41,0,17,0,100,,35939,41,0,17,0,100,,35940,41,0,17,0,100,,35941,41,0,17,0,100,,35942,41,0,17,0,100,,35943,41,0,17,0,100,,35944,41,0,17,0,100,,35945,41,0,17,0,100,,35946,41,0,17,0,100,,35947,41,0,17,0,100,,35948,41,0,17,0,100,,35949,41,0,17,0,100,,35950,41,0,17,0
722501,'1361',550,,35951,41,0,17,0,160,,35952,41,0,17,0,100,,35953,41,0,17,0,100,,35954,41,0,17,0,100,,35955,41,0,17,0,100,,35956,41,0,17,0,100,,35957,41,0,17,0,100,,35958,41,0,17,0,100,,35959,41,0,17,0,100,,35960,41,0,17,0,100,,35961,41,0,17,0,100,,35962,41,0,17,0,100,,35963,41,0,17,0,100,,35964,41,0,17,0,100,,35965,41,0,17,0,100,,35966,41,0,17,0,100,,35967,41,0,17,0,100,,35968,41,0,17,0
722502,'1357',546,,35969,16,0,16,0,100,,35970,16,0,16,0,100,,35971,16,0,16,0,100,,35972,16,0,16,0,100,,35973,16,0,16,0,100,,35974,16,0,16,0,100,,35975,16,0,16,0,100,,35976,16,0,16,0,100,,35977,16,0,16,0,100,,35978,16,0,16,0,100,,35979,16,0,16,0,100,,35980,16,0,16,0,100,,35981,16,0,16,0,100,,35982,16,0,16,0,100,,35983,16,0,16,0,100,,35984,16,0,16,0,100,,35985,16,0,16,0,100,,35986,16,0,16,0
722502,'1358',546,,35987,16,0,16,0,100,,35988,16,0,16,0,100,,35989,16,0,16,0,100,,35990,16,0,16,0,100,,35991,16,0,16,0,100,,35992,16,0,16,0,100,,35993,16,0,16,0,100,,35994,16,0,16,0,100,,35995,16,0,16,0,100,,35996,16,0,16,0,100,,35997,16,0,16,0,100,,35998,16,0,16,0,100,,35999,16,0,16,0,100,,36000,16,0,16,0,100,,36001,16,0,16,0,100,,36002,16,0,16,0,100,,36003,16,0,16,0,100,,36004,16,0,16,0
722502,'1359',546,,36005,16,0,16,0,100,,36006,16,0,16,0,100,,36007,16,0,16,0,100,,36008,16,0,16,0,100,,36009,16,0,16,0,100,,36010,16,0,16,0,100,,36011,16,0,16,0,100,,36012,16,0,16,0,100,,36013,16,0,16,0,100,,36014,16,0,16,0,100,,36015,16,0,16,0,100,,36016,16,0,16,0,100,,36017,16,0,16,0,100,,36018,16,0,16,0,100,,36019,16,0,16,0,100,,36020,16,0,16,0,100,,36021,16,0,16,0,100,,36022,16,0,16,0
722502,'1360',546,,36023,16,0,16,0,100,,36024,16,0,16,0,100,,36025,16,0,16,0,100,,36026,16,0,16,0,100,,36027,16,0,16,0,100,,36028,16,0,16,0,100,,36029,16,0,16,0,100,,36030,16,0,16,0,100,,36031,16,0,16,0,100,,36032,16,0,16,0,100,,36033,16,0,16,0,100,,36034,16,0,16,0,100,,36035,16,0,16,0,100,,36036,16,0,16,0,100,,36037,16,0,16,0,100,,36038,16,0,16,0,100,,36039,16,0,16,0,100,,36040,16,0,16,0
722502,'1361',546,,36041,16,0,16,0,100,,36042,16,0,16,0,100,,36043,16,0,16,0,100,,36044,16,0,16,0,100,,36045,16,0,16,0,100,,36046,16,0,16,0,100,,36047,16,0,16,0,100,,36048,16,0,16,0,100,,36049,16,0,16,0,100,,36050,16,0,16,0,100,,36051,16,0,16,0,100,,36052,16,0,16,0,100,,36053,16,0,16,0,100,,36054,16,0,16,0,100,,36055,16,0,16,0,100,,36056,16,0,16,0,100,,36057,16,0,16,0,100,,36058,16,0,16,0
