261200,'1335',920,,11038,2,0,12 13,0,900,,11039,2,0,12 13,0
261200,'1336',650,,11040,2,0,12 13,0,700,,11041,2,0,12 13,0,500,,11042,2,0,12 13,0
261200,'1337',650,,11043,2,0,12 13,0,700,,11044,2,0,12 13,0,500,,11045,2,0,12 13,0
261200,'1338',650,,11046,2,0,12 13,0,700,,11047,2,0,12 13,0,500,,11048,2,0,12 13,0
261200,'1339',650,,11049,2,0,12 13,0,700,,11050,2,0,12 13,0,500,,11051,2,0,12 13,0
261200,'1340',650,,11052,2,0,12 13,0,700,,11053,2,0,12 13,0,500,,11054,2,0,12 13,0
261201,'1335',835,,11055,3,0,12 13,0,900,,11056,3,0,12 13,0
261201,'1336',605,,11057,3,0,12 13,0,700,,11058,3,0,12 13,0,500,,11059,3,0,12 13,0
261201,'1337',605,,11060,3,0,12 13,0,700,,11061,3,0,12 13,0,500,,11062,3,0,12 13,0
261201,'1338',605,,11063,3,0,12 13,0,700,,11064,3,0,12 13,0,500,,11065,3,0,12 13,0
261201,'1339',605,,11066,3,0,12 13,0,700,,11067,3,0,12 13,0,500,,11068,3,0,12 13,0
261201,'1340',605,,11069,3,0,12 13,0,700,,11070,3,0,12 13,0,500,,11071,3,0,12 13,0
