2000,'1355',923,,31719,3,,,0,85,,31718,3,,,0,45,,31717,3,,,0,85,,31716,3,,,0,85,,31715,3,,,0,85,,31714,3,,,0,45,,31713,3,,,0,85,,31712,3,,,0,85,,31711,3,,,0,85,,31710,3,,,0,44,,31709,3,,,0,86,,31708,3,,,0,85,,31707,3,,,0,85,,31706,3,,,0,45,,31705,3,,,0
2000,'1356',623,,31720,3,,,0,85,,31721,3,,,0,45,,31722,3,,,0,85,,31723,3,,,0,15,,31724,3,,,0,70,,31725,3,,,0,80,,31726,3,,,0,30,,31727,3,,,0,70,,31728,3,,,0,30,,31729,3,,,0,80,,31730,3,,,0,30,,31731,3,,,0,70,,31732,3,,,0,30,,31733,3,,,0,80,,31734,3,,,0,30,,31735,3,,,0,70,,31736,3,,,0,30,,31737,3,,,0,80,,31738,3,,,0,70,,31739,3,,,0,30,,31740,3,,,0,70,,31741,3,,,0,40,,31742,3,,,0,75,,31743,3,,,0,85,,31744,3,,,0,45,,31745,3,,,0,85,,31746,3,,,0,85,,31747,3,,,0,85,,31748,3,,,0,45,,31749,3,,,0
2000,'1357',551,,31761,5,,,0,60,,31762,5,,,0,20,,31763,5,,,0,20,,31764,5,,,0,60,,31765,5,,,0,20,,31766,5,,,0,20,,31767,5,,,0,60,,31768,5,,,0,20,,31769,5,,,0,20,,31770,5,,,0,60,,31771,5,,,0,20,,31772,5,,,0,20,,31773,5,,,0,60,,31774,5,,,0,20,,31775,5,,,0,20,,31776,5,,,0,60,,31777,5,,,0,20,,31778,5,,,0,20,,31779,5,,,0,60,,31780,5,,,0,20,,31781,5,,,0,20,,31782,5,,,0,60,,31783,5,,,0,20,,31784,5,,,0,20,,31785,5,,,0,60,,31786,5,,,0,20,,31787,5,,,0,20,,31788,5,,,0,60,,31789,5,,,0,20,,31790,5,,,0,20,,31791,5,,,0,60,,31792,5,,,0,20,,31793,5,,,0,20,,31794,5,,,0,60,,31795,5,,,0,20,,31796,5,,,0,20,,31797,5,,,0,60,,31798,5,,,0,17,,31751,3,,,0,80,,31752,3,,,0,45,,31753,3,,,0,85,,31754,3,,,0,85,,31755,3,,,0,85,,31756,3,,,0,45,,31757,3,,,0,85,,31758,3,,,0,85,,31759,3,,,0
2000,'1358',551,,31809,5,,,0,60,,31810,5,,,0,20,,31811,5,,,0,20,,31812,5,,,0,60,,31813,5,,,0,20,,31814,5,,,0,20,,31815,5,,,0,60,,31816,5,,,0,20,,31817,5,,,0,20,,31818,5,,,0,60,,31819,5,,,0,20,,31820,5,,,0,20,,31821,5,,,0,60,,31822,5,,,0,20,,31823,5,,,0,20,,31824,5,,,0,60,,31825,5,,,0,20,,31826,5,,,0,20,,31827,5,,,0,60,,31828,5,,,0,20,,31829,5,,,0,20,,31830,5,,,0,60,,31831,5,,,0,20,,31832,5,,,0,20,,31833,5,,,0,60,,31834,5,,,0,20,,31835,5,,,0,20,,31836,5,,,0,60,,31837,5,,,0,20,,31838,5,,,0,20,,31839,5,,,0,60,,31840,5,,,0,20,,31841,5,,,0,20,,31842,5,,,0,60,,31843,5,,,0,20,,31844,5,,,0,20,,31845,5,,,0,60,,31846,5,,,0,17,,31799,3,,,0,80,,31800,3,,,0,45,,31801,3,,,0,85,,31802,3,,,0,85,,31803,3,,,0,85,,31804,3,,,0,45,,31805,3,,,0,85,,31806,3,,,0,85,,31807,3,,,0
2000,'1359',551,,31857,5,,,0,60,,31858,5,,,0,20,,31859,5,,,0,20,,31860,5,,,0,60,,31861,5,,,0,20,,31862,5,,,0,20,,31863,5,,,0,60,,31864,5,,,0,20,,31865,5,,,0,20,,31866,5,,,0,60,,31867,5,,,0,20,,31868,5,,,0,20,,31869,5,,,0,60,,31870,5,,,0,20,,31871,5,,,0,20,,31872,5,,,0,60,,31873,5,,,0,20,,31874,5,,,0,20,,31875,5,,,0,60,,31876,5,,,0,20,,31877,5,,,0,20,,31878,5,,,0,60,,31879,5,,,0,20,,31880,5,,,0,20,,31881,5,,,0,60,,31882,5,,,0,20,,31883,5,,,0,20,,31884,5,,,0,60,,31885,5,,,0,20,,31886,5,,,0,20,,31887,5,,,0,60,,31888,5,,,0,20,,31889,5,,,0,20,,31890,5,,,0,60,,31891,5,,,0,20,,31892,5,,,0,20,,31893,5,,,0,60,,31894,5,,,0,17,,31847,3,,,0,80,,31848,3,,,0,45,,31849,3,,,0,85,,31850,3,,,0,85,,31851,3,,,0,85,,31852,3,,,0,45,,31853,3,,,0,85,,31854,3,,,0,85,,31855,3,,,0
2000,'1360',551,,31905,5,,,0,60,,31906,5,,,0,20,,31907,5,,,0,20,,31908,5,,,0,60,,31909,5,,,0,20,,31910,5,,,0,20,,31911,5,,,0,60,,31912,5,,,0,20,,31913,5,,,0,20,,31914,5,,,0,60,,31915,5,,,0,20,,31916,5,,,0,20,,31917,5,,,0,60,,31918,5,,,0,20,,31919,5,,,0,20,,31920,5,,,0,60,,31921,5,,,0,20,,31922,5,,,0,20,,31923,5,,,0,60,,31924,5,,,0,20,,31925,5,,,0,20,,31926,5,,,0,60,,31927,5,,,0,20,,31928,5,,,0,20,,31929,5,,,0,60,,31930,5,,,0,20,,31931,5,,,0,20,,31932,5,,,0,60,,31933,5,,,0,20,,31934,5,,,0,20,,31935,5,,,0,60,,31936,5,,,0,20,,31937,5,,,0,20,,31938,5,,,0,60,,31939,5,,,0,20,,31940,5,,,0,20,,31941,5,,,0,60,,31942,5,,,0,17,,31895,3,,,0,80,,31896,3,,,0,45,,31897,3,,,0,85,,31898,3,,,0,85,,31899,3,,,0,85,,31900,3,,,0,45,,31901,3,,,0,85,,31902,3,,,0,85,,31903,3,,,0
2000,'1361',551,,31953,5,,,0,60,,31954,5,,,0,20,,31955,5,,,0,20,,31956,5,,,0,60,,31957,5,,,0,20,,31958,5,,,0,20,,31959,5,,,0,60,,31960,5,,,0,20,,31961,5,,,0,20,,31962,5,,,0,60,,31963,5,,,0,20,,31964,5,,,0,20,,31965,5,,,0,60,,31966,5,,,0,20,,31967,5,,,0,20,,31968,5,,,0,60,,31969,5,,,0,20,,31970,5,,,0,20,,31971,5,,,0,60,,31972,5,,,0,20,,31973,5,,,0,20,,31974,5,,,0,60,,31975,5,,,0,20,,31976,5,,,0,20,,31977,5,,,0,60,,31978,5,,,0,20,,31979,5,,,0,20,,31980,5,,,0,60,,31981,5,,,0,20,,31982,5,,,0,20,,31983,5,,,0,60,,31984,5,,,0,20,,31985,5,,,0,20,,31986,5,,,0,60,,31987,5,,,0,20,,31988,5,,,0,20,,31989,5,,,0,60,,31990,5,,,0,17,,31943,3,,,0,80,,31944,3,,,0,45,,31945,3,,,0,85,,31946,3,,,0,85,,31947,3,,,0,85,,31948,3,,,0,45,,31949,3,,,0,85,,31950,3,,,0,85,,31951,3,,,0
2801,'1356',812,,32397,8,,,0,110,,32398,8,,,0,110,,32399,8,,,0,110,,32400,8,,,0,110,,32401,8,,,0,150,,32402,8,,,0,110,,32403,8,,,0,110,,32404,8,,,0,110,,32405,8,,,0,110,,32406,8,,,0
2801,'1357',637,,32407,8,,,0,75,,32408,8,,,0,35,,32409,8,,,0,75,,32410,8,,,0,35,,32411,8,,,0,75,,32412,8,,,0,75,,32413,8,,,0,35,,32414,8,,,0,75,,32415,8,,,0,35,,32416,8,,,0,75,,32417,8,,,0,75,,32418,8,,,0,35,,32419,8,,,0,75,,32420,8,,,0,35,,32421,8,,,0,75,,32422,8,,,0,35,,32423,8,,,0,75,,32424,8,,,0,75,,32425,8,,,0,35,,32426,8,,,0,75,,32427,8,,,0,35,,32428,8,,,0,75,,32429,8,,,0
2801,'1358',637,,32430,8,,,0,75,,32431,8,,,0,35,,32432,8,,,0,75,,32433,8,,,0,35,,32434,8,,,0,75,,32435,8,,,0,75,,32436,8,,,0,35,,32437,8,,,0,75,,32438,8,,,0,35,,32439,8,,,0,75,,32440,8,,,0,75,,32441,8,,,0,35,,32442,8,,,0,75,,32443,8,,,0,35,,32444,8,,,0,75,,32445,8,,,0,35,,32446,8,,,0,75,,32447,8,,,0,75,,32448,8,,,0,35,,32449,8,,,0,75,,32450,8,,,0,35,,32451,8,,,0,75,,32452,8,,,0
2801,'1359',637,,32453,8,,,0,75,,32454,8,,,0,35,,32455,8,,,0,75,,32456,8,,,0,35,,32457,8,,,0,75,,32458,8,,,0,75,,32459,8,,,0,35,,32460,8,,,0,75,,32461,8,,,0,35,,32462,8,,,0,75,,32463,8,,,0,75,,32464,8,,,0,35,,32465,8,,,0,75,,32466,8,,,0,35,,32467,8,,,0,75,,32468,8,,,0,35,,32469,8,,,0,75,,32470,8,,,0,75,,32471,8,,,0,35,,32472,8,,,0,75,,32473,8,,,0,35,,32474,8,,,0,75,,32475,8,,,0
2801,'1360',637,,32476,8,,,0,75,,32477,8,,,0,35,,32478,8,,,0,75,,32479,8,,,0,35,,32480,8,,,0,75,,32481,8,,,0,75,,32482,8,,,0,35,,32483,8,,,0,75,,32484,8,,,0,35,,32485,8,,,0,75,,32486,8,,,0,75,,32487,8,,,0,35,,32488,8,,,0,75,,32489,8,,,0,35,,32490,8,,,0,75,,32491,8,,,0,35,,32492,8,,,0,75,,32493,8,,,0,75,,32494,8,,,0,35,,32495,8,,,0,75,,32496,8,,,0,35,,32497,8,,,0,75,,32498,8,,,0
2801,'1361',637,,32499,8,,,0,75,,32500,8,,,0,35,,32501,8,,,0,75,,32502,8,,,0,35,,32503,8,,,0,75,,32504,8,,,0,75,,32505,8,,,0,35,,32506,8,,,0,75,,32507,8,,,0,35,,32508,8,,,0,75,,32509,8,,,0,75,,32510,8,,,0,35,,32511,8,,,0,75,,32512,8,,,0,35,,32513,8,,,0,75,,32514,8,,,0,35,,32515,8,,,0,75,,32516,8,,,0,75,,32517,8,,,0,35,,32518,8,,,0,75,,32519,8,,,0,35,,32520,8,,,0,75,,32521,8,,,0
