722501,'1357',543,,35879,38,0,17,0,160,,35880,38,0,17,0,100,,35881,38,0,17,0,100,,35882,38,0,17,0,100,,35883,38,0,17,0,100,,35884,38,0,17,0,100,,35885,38,0,17,0,100,,35886,38,0,17,0,100,,35887,38,0,17,0,100,,35888,38,0,17,0,100,,35889,38,0,17,0,100,,35890,38,0,17,0,100,,35891,38,0,17,0,100,,35892,38,0,17,0,100,,35893,38,0,17,0,100,,35894,38,0,17,0,100,,35895,38,0,17,0,100,,35896,38,0,17,0
722501,'1358',543,,35897,38,0,17,0,160,,35898,38,0,17,0,100,,35899,38,0,17,0,100,,35900,38,0,17,0,100,,35901,38,0,17,0,100,,35902,38,0,17,0,100,,35903,38,0,17,0,100,,35904,38,0,17,0,100,,35905,38,0,17,0,100,,35906,38,0,17,0,100,,35907,38,0,17,0,100,,35908,38,0,17,0,100,,35909,38,0,17,0,100,,35910,38,0,17,0,100,,35911,38,0,17,0,100,,35912,38,0,17,0,100,,35913,38,0,17,0,100,,35914,38,0,17,0
722501,'1359',543,,35915,38,0,17,0,160,,35916,38,0,17,0,100,,35917,38,0,17,0,100,,35918,38,0,17,0,100,,35919,38,0,17,0,100,,35920,38,0,17,0,100,,35921,38,0,17,0,100,,35922,38,0,17,0,100,,35923,38,0,17,0,100,,35924,38,0,17,0,100,,35925,38,0,17,0,100,,35926,38,0,17,0,100,,35927,38,0,17,0,100,,35928,38,0,17,0,100,,35929,38,0,17,0,100,,35930,38,0,17,0,100,,35931,38,0,17,0,100,,35932,38,0,17,0
722501,'1360',543,,35933,38,0,17,0,160,,35934,38,0,17,0,100,,35935,38,0,17,0,100,,35936,38,0,17,0,100,,35937,38,0,17,0,100,,35938,38,0,17,0,100,,35939,38,0,17,0,100,,35940,38,0,17,0,100,,35941,38,0,17,0,100,,35942,38,0,17,0,100,,35943,38,0,17,0,100,,35944,38,0,17,0,100,,35945,38,0,17,0,100,,35946,38,0,17,0,100,,35947,38,0,17,0,100,,35948,38,0,17,0,100,,35949,38,0,17,0,100,,35950,38,0,17,0
722501,'1361',543,,35951,38,0,17,0,160,,35952,38,0,17,0,100,,35953,38,0,17,0,100,,35954,38,0,17,0,100,,35955,38,0,17,0,100,,35956,38,0,17,0,100,,35957,38,0,17,0,100,,35958,38,0,17,0,100,,35959,38,0,17,0,100,,35960,38,0,17,0,100,,35961,38,0,17,0,100,,35962,38,0,17,0,100,,35963,38,0,17,0,100,,35964,38,0,17,0,100,,35965,38,0,17,0,100,,35966,38,0,17,0,100,,35967,38,0,17,0,100,,35968,38,0,17,0
722502,'1357',554,,35969,21,0,16,0,100,,35970,21,0,16,0,100,,35971,21,0,16,0,100,,35972,21,0,16,0,100,,35973,21,0,16,0,100,,35974,21,0,16,0,100,,35975,21,0,16,0,100,,35976,21,0,16,0,100,,35977,21,0,16,0,100,,35978,21,0,16,0,100,,35979,21,0,16,0,100,,35980,21,0,16,0,100,,35981,21,0,16,0,100,,35982,21,0,16,0,100,,35983,21,0,16,0,100,,35984,21,0,16,0,100,,35985,21,0,16,0,100,,35986,21,0,16,0
722502,'1358',554,,35987,21,0,16,0,100,,35988,21,0,16,0,100,,35989,21,0,16,0,100,,35990,21,0,16,0,100,,35991,21,0,16,0,100,,35992,21,0,16,0,100,,35993,21,0,16,0,100,,35994,21,0,16,0,100,,35995,21,0,16,0,100,,35996,21,0,16,0,100,,35997,21,0,16,0,100,,35998,21,0,16,0,100,,35999,21,0,16,0,100,,36000,21,0,16,0,100,,36001,21,0,16,0,100,,36002,21,0,16,0,100,,36003,21,0,16,0,100,,36004,21,0,16,0
722502,'1359',554,,36005,21,0,16,0,100,,36006,21,0,16,0,100,,36007,21,0,16,0,100,,36008,21,0,16,0,100,,36009,21,0,16,0,100,,36010,21,0,16,0,100,,36011,21,0,16,0,100,,36012,21,0,16,0,100,,36013,21,0,16,0,100,,36014,21,0,16,0,100,,36015,21,0,16,0,100,,36016,21,0,16,0,100,,36017,21,0,16,0,100,,36018,21,0,16,0,100,,36019,21,0,16,0,100,,36020,21,0,16,0,100,,36021,21,0,16,0,100,,36022,21,0,16,0
722502,'1360',554,,36023,21,0,16,0,100,,36024,21,0,16,0,100,,36025,21,0,16,0,100,,36026,21,0,16,0,100,,36027,21,0,16,0,100,,36028,21,0,16,0,100,,36029,21,0,16,0,100,,36030,21,0,16,0,100,,36031,21,0,16,0,100,,36032,21,0,16,0,100,,36033,21,0,16,0,100,,36034,21,0,16,0,100,,36035,21,0,16,0,100,,36036,21,0,16,0,100,,36037,21,0,16,0,100,,36038,21,0,16,0,100,,36039,21,0,16,0,100,,36040,21,0,16,0
722502,'1361',554,,36041,21,0,16,0,100,,36042,21,0,16,0,100,,36043,21,0,16,0,100,,36044,21,0,16,0,100,,36045,21,0,16,0,100,,36046,21,0,16,0,100,,36047,21,0,16,0,100,,36048,21,0,16,0,100,,36049,21,0,16,0,100,,36050,21,0,16,0,100,,36051,21,0,16,0,100,,36052,21,0,16,0,100,,36053,21,0,16,0,100,,36054,21,0,16,0,100,,36055,21,0,16,0,100,,36056,21,0,16,0,100,,36057,21,0,16,0,100,,36058,21,0,16,0
