1600,'1327',1055,,21,27,,,0,70,,20,27,,,0,85,,19,27,,,0,30,,18,27,,,0,70,,17,27,,,0,30,,16,27,,,0,70,,15,27,,,0,30,,14,27,,,0,70,,13,27,,,0,30,,12,27,,,0,70,,11,27,,,0,30,,10,27,,,0,70,,9,27,,,0,20,,8,27,,,0,10,,7,27,,,0,70,,6,27,,,0,20,,5,27,,,0,10,,4,27,,,0,70,,3,27,,,0,30,,2,27,,,0,70,,1,27,,,0
1600,'1328',742,,22,27,,,0,70,,23,27,,,0,30,,24,27,,,0,70,,25,27,,,0,30,,26,27,,,0,70,,27,27,,,0,30,,28,27,,,0,70,,29,27,,,0,20,,30,27,,,0,20,,31,27,,,0,60,,32,27,,,0,20,,33,27,,,0,20,,34,27,,,0,60,,35,27,,,0,20,,36,27,,,0,20,,37,27,,,0,60,,38,27,,,0,20,,39,27,,,0,20,,40,27,,,0,60,,41,27,,,0,20,,42,27,,,0,20,,43,27,,,0,60,,44,27,,,0,20,,45,27,,,0,20,,46,27,,,0,60,,47,27,,,0,20,,48,27,,,0,20,,49,27,,,0,60,,50,27,,,0,20,,51,27,,,0,5,,52,27,,,0,15,,53,27,,,0,60,,54,27,,,0,30,,55,27,,,0,70,,56,27,,,0,30,,57,27,,,0,70,,58,27,,,0,30,,59,27,,,0,70,,60,27,,,0,100,,61,27,,,0
1600,'1329',652,,62,27,,,0,74,,105,27,,,0,31,,63,27,,,0,60,,64,27,,,0,20,,65,27,,,0,20,,66,27,,,0,60,,67,27,,,0,20,,68,27,,,0,20,,69,27,,,0,60,,70,27,,,0,20,,71,27,,,0,20,,72,27,,,0,60,,73,27,,,0,20,,74,27,,,0,20,,75,27,,,0,60,,76,27,,,0,20,,77,27,,,0,20,,78,27,,,0,60,,79,27,,,0,20,,80,27,,,0,20,,81,27,,,0,60,,82,27,,,0,20,,83,27,,,0,20,,84,27,,,0,60,,85,27,,,0,20,,86,27,,,0,20,,87,27,,,0,60,,88,27,,,0,20,,89,27,,,0,20,,90,27,,,0,60,,91,27,,,0,20,,92,27,,,0,20,,93,27,,,0,60,,94,27,,,0,20,,95,27,,,0,20,,96,27,,,0,55,,97,27,,,0,30,,98,27,,,0,70,,99,27,,,0,30,,100,27,,,0,70,,101,27,,,0,30,,102,27,,,0,70,,103,27,,,0,100,,104,27,,,0
1600,'1330',652,,106,27,,,0,74,,149,27,,,0,31,,107,27,,,0,60,,108,27,,,0,20,,109,27,,,0,20,,110,27,,,0,60,,111,27,,,0,20,,112,27,,,0,20,,113,27,,,0,60,,114,27,,,0,20,,115,27,,,0,20,,116,27,,,0,60,,117,27,,,0,20,,118,27,,,0,20,,119,27,,,0,60,,120,27,,,0,20,,121,27,,,0,20,,122,27,,,0,60,,123,27,,,0,20,,124,27,,,0,20,,125,27,,,0,60,,126,27,,,0,20,,127,27,,,0,20,,128,27,,,0,60,,129,27,,,0,20,,130,27,,,0,20,,131,27,,,0,60,,132,27,,,0,20,,133,27,,,0,20,,134,27,,,0,60,,135,27,,,0,20,,136,27,,,0,20,,137,27,,,0,60,,138,27,,,0,20,,139,27,,,0,20,,140,27,,,0,55,,141,27,,,0,30,,142,27,,,0,70,,143,27,,,0,30,,144,27,,,0,70,,145,27,,,0,30,,146,27,,,0,70,,147,27,,,0,100,,148,27,,,0
1600,'1331',652,,150,27,,,0,74,,193,27,,,0,31,,151,27,,,0,60,,152,27,,,0,20,,153,27,,,0,20,,154,27,,,0,60,,155,27,,,0,20,,156,27,,,0,20,,157,27,,,0,60,,158,27,,,0,20,,159,27,,,0,20,,160,27,,,0,60,,161,27,,,0,20,,162,27,,,0,20,,163,27,,,0,60,,164,27,,,0,20,,165,27,,,0,20,,166,27,,,0,60,,167,27,,,0,20,,168,27,,,0,20,,169,27,,,0,60,,170,27,,,0,20,,171,27,,,0,20,,172,27,,,0,60,,173,27,,,0,20,,174,27,,,0,20,,175,27,,,0,60,,176,27,,,0,20,,177,27,,,0,20,,178,27,,,0,60,,179,27,,,0,20,,180,27,,,0,20,,181,27,,,0,60,,182,27,,,0,20,,183,27,,,0,20,,184,27,,,0,55,,185,27,,,0,30,,186,27,,,0,70,,187,27,,,0,30,,188,27,,,0,70,,189,27,,,0,30,,190,27,,,0,70,,191,27,,,0,100,,192,27,,,0
1600,'1332',652,,194,27,,,0,74,,237,27,,,0,31,,195,27,,,0,60,,196,27,,,0,20,,197,27,,,0,20,,198,27,,,0,60,,199,27,,,0,20,,200,27,,,0,20,,201,27,,,0,60,,202,27,,,0,20,,203,27,,,0,20,,204,27,,,0,60,,205,27,,,0,20,,206,27,,,0,20,,207,27,,,0,60,,208,27,,,0,20,,209,27,,,0,20,,210,27,,,0,60,,211,27,,,0,20,,212,27,,,0,20,,213,27,,,0,60,,214,27,,,0,20,,215,27,,,0,20,,216,27,,,0,60,,217,27,,,0,20,,218,27,,,0,20,,219,27,,,0,60,,220,27,,,0,20,,221,27,,,0,20,,222,27,,,0,60,,223,27,,,0,20,,224,27,,,0,20,,225,27,,,0,60,,226,27,,,0,20,,227,27,,,0,20,,228,27,,,0,55,,229,27,,,0,30,,230,27,,,0,70,,231,27,,,0,30,,232,27,,,0,70,,233,27,,,0,30,,234,27,,,0,70,,235,27,,,0,100,,236,27,,,0
1600,'1333',652,,238,27,,,0,74,,281,27,,,0,31,,239,27,,,0,60,,240,27,,,0,20,,241,27,,,0,20,,242,27,,,0,60,,243,27,,,0,20,,244,27,,,0,20,,245,27,,,0,60,,246,27,,,0,20,,247,27,,,0,20,,248,27,,,0,60,,249,27,,,0,20,,250,27,,,0,20,,251,27,,,0,60,,252,27,,,0,20,,253,27,,,0,20,,254,27,,,0,60,,255,27,,,0,20,,256,27,,,0,20,,257,27,,,0,60,,258,27,,,0,20,,259,27,,,0,20,,260,27,,,0,60,,261,27,,,0,20,,262,27,,,0,20,,263,27,,,0,60,,264,27,,,0,20,,265,27,,,0,20,,266,27,,,0,60,,267,27,,,0,20,,268,27,,,0,20,,269,27,,,0,60,,270,27,,,0,20,,271,27,,,0,20,,272,27,,,0,55,,273,27,,,0,30,,274,27,,,0,70,,275,27,,,0,30,,276,27,,,0,70,,277,27,,,0,30,,278,27,,,0,70,,279,27,,,0,100,,280,27,,,0
2000,'1327',1020,,2843,80,,,0,85,,2842,80,,,0,45,,2841,80,,,0,85,,2840,80,,,0,85,,2839,80,,,0,85,,2838,80,,,0,45,,2837,80,,,0,85,,2836,80,,,0,85,,2835,80,,,0,85,,2834,80,,,0,46,,2833,80,,,0,84,,2832,80,,,0,85,,2831,80,,,0,85,,2830,80,,,0,45,,2829,80,,,0
2000,'1328',726,,2844,80,,,0,85,,2845,80,,,0,45,,2846,80,,,0,85,,2847,80,,,0,15,,2848,80,,,0,70,,2849,80,,,0,80,,2850,80,,,0,30,,2851,80,,,0,70,,2852,80,,,0,30,,2853,80,,,0,80,,2854,80,,,0,30,,2855,80,,,0,70,,2856,80,,,0,30,,2857,80,,,0,80,,2858,80,,,0,30,,2859,80,,,0,70,,2860,80,,,0,30,,2861,80,,,0,80,,2862,80,,,0,70,,2863,80,,,0,30,,2864,80,,,0,70,,2865,80,,,0,40,,2866,80,,,0,75,,2867,80,,,0,85,,2868,80,,,0,45,,2869,80,,,0,85,,2870,80,,,0,85,,2871,80,,,0,85,,2872,80,,,0,45,,2873,80,,,0
2000,'1329',653,,2884,82,,,0,60,,2885,82,,,0,20,,2886,82,,,0,20,,2887,82,,,0,60,,2888,82,,,0,20,,2889,82,,,0,20,,2890,82,,,0,60,,2891,82,,,0,20,,2892,82,,,0,20,,2893,82,,,0,60,,2894,82,,,0,20,,2895,82,,,0,20,,2896,82,,,0,60,,2897,82,,,0,20,,2898,82,,,0,20,,2899,82,,,0,60,,2900,82,,,0,20,,2901,82,,,0,20,,2902,82,,,0,60,,2903,82,,,0,20,,2904,82,,,0,20,,2905,82,,,0,60,,2906,82,,,0,20,,2907,82,,,0,20,,2908,82,,,0,60,,2909,82,,,0,20,,2910,82,,,0,20,,2911,82,,,0,60,,2912,82,,,0,20,,2913,82,,,0,20,,2914,82,,,0,60,,2915,82,,,0,20,,2916,82,,,0,20,,2917,82,,,0,60,,2918,82,,,0,20,,2919,82,,,0,20,,2920,82,,,0,60,,2921,82,,,0,18,,2875,80,,,0,74,,2876,80,,,0,45,,2877,80,,,0,85,,2878,80,,,0,85,,2879,80,,,0,85,,2880,80,,,0,45,,2881,80,,,0,85,,2882,80,,,0,85,,2883,80,,,0
2000,'1330',653,,2932,82,,,0,60,,2933,82,,,0,20,,2934,82,,,0,20,,2935,82,,,0,60,,2936,82,,,0,20,,2937,82,,,0,20,,2938,82,,,0,60,,2939,82,,,0,20,,2940,82,,,0,20,,2941,82,,,0,60,,2942,82,,,0,20,,2943,82,,,0,20,,2944,82,,,0,60,,2945,82,,,0,20,,2946,82,,,0,20,,2947,82,,,0,60,,2948,82,,,0,20,,2949,82,,,0,20,,2950,82,,,0,60,,2951,82,,,0,20,,2952,82,,,0,20,,2953,82,,,0,60,,2954,82,,,0,20,,2955,82,,,0,20,,2956,82,,,0,60,,2957,82,,,0,20,,2958,82,,,0,20,,2959,82,,,0,60,,2960,82,,,0,20,,2961,82,,,0,20,,2962,82,,,0,60,,2963,82,,,0,20,,2964,82,,,0,20,,2965,82,,,0,60,,2966,82,,,0,20,,2967,82,,,0,20,,2968,82,,,0,60,,2969,82,,,0,18,,2923,80,,,0,74,,2924,80,,,0,45,,2925,80,,,0,85,,2926,80,,,0,85,,2927,80,,,0,85,,2928,80,,,0,45,,2929,80,,,0,85,,2930,80,,,0,85,,2931,80,,,0
2000,'1331',653,,2980,82,,,0,60,,2981,82,,,0,20,,2982,82,,,0,20,,2983,82,,,0,60,,2984,82,,,0,20,,2985,82,,,0,20,,2986,82,,,0,60,,2987,82,,,0,20,,2988,82,,,0,20,,2989,82,,,0,60,,2990,82,,,0,20,,2991,82,,,0,20,,2992,82,,,0,60,,2993,82,,,0,20,,2994,82,,,0,20,,2995,82,,,0,60,,2996,82,,,0,20,,2997,82,,,0,20,,2998,82,,,0,60,,2999,82,,,0,20,,3000,82,,,0,20,,3001,82,,,0,60,,3002,82,,,0,20,,3003,82,,,0,20,,3004,82,,,0,60,,3005,82,,,0,20,,3006,82,,,0,20,,3007,82,,,0,60,,3008,82,,,0,20,,3009,82,,,0,20,,3010,82,,,0,60,,3011,82,,,0,20,,3012,82,,,0,20,,3013,82,,,0,60,,3014,82,,,0,20,,3015,82,,,0,20,,3016,82,,,0,60,,3017,82,,,0,18,,2971,80,,,0,74,,2972,80,,,0,45,,2973,80,,,0,85,,2974,80,,,0,85,,2975,80,,,0,85,,2976,80,,,0,45,,2977,80,,,0,85,,2978,80,,,0,85,,2979,80,,,0
2000,'1332',653,,3028,82,,,0,60,,3029,82,,,0,20,,3030,82,,,0,20,,3031,82,,,0,60,,3032,82,,,0,20,,3033,82,,,0,20,,3034,82,,,0,60,,3035,82,,,0,20,,3036,82,,,0,20,,3037,82,,,0,60,,3038,82,,,0,20,,3039,82,,,0,20,,3040,82,,,0,60,,3041,82,,,0,20,,3042,82,,,0,20,,3043,82,,,0,60,,3044,82,,,0,20,,3045,82,,,0,20,,3046,82,,,0,60,,3047,82,,,0,20,,3048,82,,,0,20,,3049,82,,,0,60,,3050,82,,,0,20,,3051,82,,,0,20,,3052,82,,,0,60,,3053,82,,,0,20,,3054,82,,,0,20,,3055,82,,,0,60,,3056,82,,,0,20,,3057,82,,,0,20,,3058,82,,,0,60,,3059,82,,,0,20,,3060,82,,,0,20,,3061,82,,,0,60,,3062,82,,,0,20,,3063,82,,,0,20,,3064,82,,,0,60,,3065,82,,,0,18,,3019,80,,,0,74,,3020,80,,,0,45,,3021,80,,,0,85,,3022,80,,,0,85,,3023,80,,,0,85,,3024,80,,,0,45,,3025,80,,,0,85,,3026,80,,,0,85,,3027,80,,,0
2000,'1333',653,,3076,82,,,0,60,,3077,82,,,0,20,,3078,82,,,0,20,,3079,82,,,0,60,,3080,82,,,0,20,,3081,82,,,0,20,,3082,82,,,0,60,,3083,82,,,0,20,,3084,82,,,0,20,,3085,82,,,0,60,,3086,82,,,0,20,,3087,82,,,0,20,,3088,82,,,0,60,,3089,82,,,0,20,,3090,82,,,0,20,,3091,82,,,0,60,,3092,82,,,0,20,,3093,82,,,0,20,,3094,82,,,0,60,,3095,82,,,0,20,,3096,82,,,0,20,,3097,82,,,0,60,,3098,82,,,0,20,,3099,82,,,0,20,,3100,82,,,0,60,,3101,82,,,0,20,,3102,82,,,0,20,,3103,82,,,0,60,,3104,82,,,0,20,,3105,82,,,0,20,,3106,82,,,0,60,,3107,82,,,0,20,,3108,82,,,0,20,,3109,82,,,0,60,,3110,82,,,0,20,,3111,82,,,0,20,,3112,82,,,0,60,,3113,82,,,0,18,,3067,80,,,0,74,,3068,80,,,0,45,,3069,80,,,0,85,,3070,80,,,0,85,,3071,80,,,0,85,,3072,80,,,0,45,,3073,80,,,0,85,,3074,80,,,0,85,,3075,80,,,0
721403,'1327',1007,,6457,47,0,6,0,110,,6456,47,0,6,0,110,,6455,47,0,6,0,110,,6454,47,0,6,0,110,,6453,47,0,6,0,110,,6452,47,0,6,0,150,,6451,47,0,6,0,110,,6450,47,0,6,0
721403,'1328',907,,6458,47,0,6,0,110,,6459,47,0,6,0,110,,6460,47,0,6,0,110,,6461,47,0,6,0,118,,6462,47,0,6,0,155,,6463,47,0,6,0,45,,6464,47,0,6,0,85,,6465,47,0,6,0,85,,6466,47,0,6,0,85,,6467,47,0,6,0,45,,6468,47,0,6,0,85,,6469,47,0,6,0,85,,6470,47,0,6,0
721403,'1329',740,,6471,47,0,6,0,100,,6472,47,0,6,0,85,,6473,47,0,6,0,85,,6474,47,0,6,0,45,,6475,47,0,6,0,85,,6476,47,0,6,0,85,,6477,47,0,6,0,85,,6478,47,0,6,0,45,,6479,47,0,6,0,85,,6480,47,0,6,0,85,,6481,47,0,6,0,85,,6482,47,0,6,0,45,,6483,47,0,6,0,85,,6484,47,0,6,0,85,,6485,47,0,6,0,85,,6486,47,0,6,0,45,,6487,47,0,6,0,85,,6488,47,0,6,0,85,,6489,47,0,6,0,85,,6490,47,0,6,0
721403,'1330',740,,6491,47,0,6,0,100,,6492,47,0,6,0,85,,6493,47,0,6,0,85,,6494,47,0,6,0,45,,6495,47,0,6,0,85,,6496,47,0,6,0,85,,6497,47,0,6,0,85,,6498,47,0,6,0,45,,6499,47,0,6,0,85,,6500,47,0,6,0,85,,6501,47,0,6,0,85,,6502,47,0,6,0,45,,6503,47,0,6,0,85,,6504,47,0,6,0,85,,6505,47,0,6,0,85,,6506,47,0,6,0,45,,6507,47,0,6,0,85,,6508,47,0,6,0,85,,6509,47,0,6,0,85,,6510,47,0,6,0
721403,'1331',740,,6511,47,0,6,0,100,,6512,47,0,6,0,85,,6513,47,0,6,0,85,,6514,47,0,6,0,45,,6515,47,0,6,0,85,,6516,47,0,6,0,85,,6517,47,0,6,0,85,,6518,47,0,6,0,45,,6519,47,0,6,0,85,,6520,47,0,6,0,85,,6521,47,0,6,0,85,,6522,47,0,6,0,45,,6523,47,0,6,0,85,,6524,47,0,6,0,85,,6525,47,0,6,0,85,,6526,47,0,6,0,45,,6527,47,0,6,0,85,,6528,47,0,6,0,85,,6529,47,0,6,0,85,,6530,47,0,6,0
721403,'1332',740,,6531,47,0,6,0,100,,6532,47,0,6,0,85,,6533,47,0,6,0,85,,6534,47,0,6,0,45,,6535,47,0,6,0,85,,6536,47,0,6,0,85,,6537,47,0,6,0,85,,6538,47,0,6,0,45,,6539,47,0,6,0,85,,6540,47,0,6,0,85,,6541,47,0,6,0,85,,6542,47,0,6,0,45,,6543,47,0,6,0,85,,6544,47,0,6,0,85,,6545,47,0,6,0,85,,6546,47,0,6,0,45,,6547,47,0,6,0,85,,6548,47,0,6,0,85,,6549,47,0,6,0,85,,6550,47,0,6,0
721403,'1333',740,,6551,47,0,6,0,100,,6552,47,0,6,0,85,,6553,47,0,6,0,85,,6554,47,0,6,0,45,,6555,47,0,6,0,85,,6556,47,0,6,0,85,,6557,47,0,6,0,85,,6558,47,0,6,0,45,,6559,47,0,6,0,85,,6560,47,0,6,0,85,,6561,47,0,6,0,85,,6562,47,0,6,0,45,,6563,47,0,6,0,85,,6564,47,0,6,0,85,,6565,47,0,6,0,85,,6566,47,0,6,0,45,,6567,47,0,6,0,85,,6568,47,0,6,0,85,,6569,47,0,6,0,85,,6570,47,0,6,0
