201,200001,1,0
201,130005,2,0
201,130009,3,0
201,200013,4,0
201,200017,5,0
201,200021,6,0
201,200025,7,0
201,200029,8,0
201,130064,9,0
201,200037,10,0
201,200041,11,0
201,200045,12,0
201,200049,13,0
201,200053,14,0
201,200057,15,0
201,200061,16,0
201,200065,17,0
201,200069,18,0
201,200073,19,0
201,200077,20,0
201,200081,21,0
201,200085,22,0
201,200089,23,0
201,200093,24,0
201,200097,25,0
201,200101,26,0
201,200105,27,0
201,200109,28,0
201,200117,29,0
201,200121,30,0
201,200125,31,0
201,200129,32,0
201,200133,33,0
201,200137,34,0
201,200145,35,0
201,200149,36,0
201,200157,37,0
201,200161,38,0
201,200165,39,0
201,200169,40,0
201,200173,41,0
201,200177,42,0
201,200181,43,0
201,200185,44,0
201,200189,45,0
201,200193,46,0
201,200197,47,0
201,200201,48,0
201,200205,49,0
201,200209,50,0
201,200213,51,0
201,200217,52,0
201,200221,53,0
201,200225,54,0
201,200233,55,0
201,200237,56,0
201,200241,57,0
201,200245,58,0
201,200249,59,0
201,200253,60,0
201,200257,61,0
201,200261,62,0
201,200265,63,0
201,200269,64,0
201,200273,65,0
201,200277,66,0
201,200281,67,0
201,200285,68,0
201,200289,69,0
201,200293,70,0
201,200297,71,0
201,200301,72,0
201,200305,73,0
201,200309,74,0
201,200313,75,0
201,200317,76,0
201,200321,77,0
201,200325,78,0
201,200329,79,0
201,200333,80,0
201,200337,81,0
201,200341,82,0
201,200345,83,0
201,200349,84,0
201,200353,85,0
201,200357,86,0
201,200361,87,1
202,200361,1,0
202,200360,2,0
202,200356,3,0
202,200352,4,0
202,200348,5,0
202,200332,6,0
202,200328,7,0
202,200324,8,0
202,200320,9,0
202,200316,10,0
202,200314,11,0
202,200312,12,0
202,200308,13,0
202,200304,14,0
202,200300,15,0
202,200296,16,0
202,200292,17,0
202,200288,18,0
202,200284,19,0
202,200280,20,0
202,200276,21,0
202,200272,22,0
202,200264,23,0
202,200260,24,0
202,200256,25,0
202,200252,26,0
202,200248,27,0
202,200242,28,0
202,200236,29,0
202,200232,30,0
202,200230,31,0
202,200228,32,0
202,200220,33,0
202,200214,34,0
202,200212,35,0
202,200210,36,0
202,200208,37,0
202,200200,38,0
202,200196,39,0
202,200192,40,0
202,200188,41,0
202,200184,42,0
202,200180,43,0
202,200176,44,0
202,200172,45,0
202,200168,46,0
202,200164,47,0
202,200160,48,0
202,200156,49,0
202,200152,50,0
202,200144,51,0
202,200140,52,0
202,200132,53,0
202,200128,54,0
202,200124,55,0
202,200120,56,0
202,200116,57,0
202,200112,58,0
202,200104,59,0
202,200100,60,0
202,200096,61,0
202,200088,62,0
202,200084,63,0
202,200082,64,0
202,200080,65,0
202,200076,66,0
202,200072,67,0
202,200068,68,0
202,200064,69,0
202,200060,70,0
202,200056,71,0
202,200052,72,0
202,200050,73,0
202,200046,74,0
202,200044,75,0
202,200040,76,0
202,200036,77,0
202,200032,78,0
202,200028,79,0
202,200024,80,0
202,200020,81,0
202,200016,82,0
202,200012,83,0
202,200010,84,0
202,200008,85,0
202,200004,86,0
202,200001,87,1
301,300001,1,0
301,300005,2,0
301,300009,3,0
301,300013,4,0
301,300017,5,0
301,300021,6,0
301,130021,7,0
301,130025,8,0
301,130027,9,0
301,300037,10,0
301,300041,11,0
301,300045,12,0
301,300049,13,0
301,300053,14,0
301,300057,15,0
301,300061,16,0
301,300065,17,0
301,300069,18,0
301,300073,19,0
301,300077,20,0
301,300081,21,0
301,300085,22,0
301,300089,23,0
301,300093,24,0
301,300097,25,0
301,300101,26,0
301,300105,27,0
301,300109,28,0
301,300113,29,0
301,300117,30,0
301,300121,31,0
301,300125,32,0
301,300129,33,0
301,300133,34,0
301,300137,35,0
301,300141,36,0
301,200077,37,0
301,200081,38,0
301,200085,39,0
301,200089,40,0
301,300161,41,0
301,140001,42,0
301,110005,43,0
301,110009,44,0
301,110013,45,0
301,110017,46,0
301,300169,47,0
301,300173,48,0
301,300177,49,0
301,300181,50,0
301,300185,51,0
301,300189,52,0
301,300191,53,0
301,300193,54,0
301,300197,55,0
301,300201,56,0
301,800041,57,0
301,300209,58,0
301,300213,59,0
301,300217,60,0
301,300221,61,0
301,300229,62,0
301,300233,63,0
301,300237,64,0
301,300241,65,0
301,300249,66,0
301,300253,67,0
301,300257,68,0
301,300261,69,0
301,300265,70,0
301,130217,71,0
301,130221,72,0
301,130225,73,0
301,130229,74,0
301,300285,75,0
301,300289,76,0
301,300293,77,0
301,300297,78,0
301,300301,79,0
301,400121,80,0
301,400125,81,0
301,300313,82,0
301,300317,83,0
301,300321,84,0
301,300325,85,0
301,300329,86,0
301,300333,87,0
301,300337,88,0
301,300341,89,0
301,300345,90,0
301,300349,91,0
301,300353,92,0
301,300357,93,0
301,300361,94,0
301,300363,95,0
301,300377,96,0
301,300381,97,0
301,300385,98,0
301,300389,99,0
301,300393,100,0
301,300395,101,0
301,300397,102,0
301,300401,103,0
301,300405,104,0
301,300409,105,0
301,300413,106,0
301,300417,107,0
301,300421,108,0
301,300425,109,0
301,300429,110,0
301,300437,111,0
301,300441,112,1
302,300441,1,0
302,300356,2,0
302,300352,3,0
302,300348,4,0
302,300344,5,0
302,300340,6,0
302,300336,7,0
302,300332,8,0
302,300328,9,0
302,300324,10,0
302,300320,11,0
302,300316,12,0
302,400130,13,0
302,400126,14,0
302,400124,15,0
302,400122,16,0
302,300300,17,0
302,300296,18,0
302,300292,19,0
302,300288,20,0
302,300284,21,0
302,130236,22,0
302,130228,23,0
302,130224,24,0
302,130220,25,0
302,300264,26,0
302,300260,27,0
302,300256,28,0
302,300252,29,0
302,300248,30,0
302,300244,31,0
302,300240,32,0
302,300236,33,0
302,300232,34,0
302,300228,35,0
302,300224,36,0
302,300216,37,0
302,300212,38,0
302,300208,39,0
302,300204,40,0
302,300200,41,0
302,300198,42,0
302,300194,43,0
302,300188,44,0
302,300182,45,0
302,300178,46,0
302,300160,47,0
302,300168,48,0
302,110020,49,0
302,110016,50,0
302,200088,51,0
302,200084,52,0
302,200082,53,0
302,200080,54,0
302,200076,55,0
302,300140,56,0
302,300138,57,0
302,300134,58,0
302,300130,59,0
302,300126,60,0
302,300124,61,0
302,300122,62,0
302,300120,63,0
302,300118,64,0
302,300116,65,0
302,300112,66,0
302,300110,67,0
302,300106,68,0
302,300102,69,0
302,300098,70,0
302,300094,71,0
302,300090,72,0
302,130041,73,0
302,130045,74,0
302,130049,75,0
302,300001,76,1
401,400001,1,0
401,110005,2,0
401,110009,3,0
401,400013,4,0
401,110017,5,0
401,300169,6,0
401,300173,7,0
401,300177,8,0
401,300181,9,0
401,300185,10,0
401,300189,11,0
401,300191,12,0
401,140037,13,0
401,140041,14,0
401,110021,15,0
401,110025,16,0
401,400029,17,0
401,400033,18,0
401,400037,19,0
401,400041,20,0
401,400045,21,0
401,400049,22,0
401,400053,23,0
401,400057,24,0
401,400061,25,0
401,400065,26,0
401,400069,27,0
401,400073,28,0
401,400075,29,0
401,400077,30,0
401,400081,31,0
401,400089,32,0
401,400991,33,0
401,300229,34,0
401,300233,35,0
401,300237,36,0
401,300241,37,0
401,400093,38,0
401,400097,39,0
401,400101,40,0
401,400105,41,0
401,400109,42,0
401,400113,43,0
401,400117,44,0
401,400121,45,0
401,400125,46,0
401,400129,47,0
401,400133,48,0
401,400137,49,0
401,400141,50,0
401,400145,51,0
401,200193,52,0
401,200197,53,0
401,200201,54,0
401,200205,55,0
401,200209,56,0
401,200213,57,0
401,400173,58,0
401,400177,59,0
401,400181,60,0
401,400185,61,0
401,400189,62,0
401,400193,63,0
401,400197,64,0
401,400201,65,0
401,400205,66,0
401,400209,67,0
401,400213,68,0
401,130261,69,0
401,130265,70,0
401,130269,71,0
401,130273,72,0
401,130277,73,0
401,400237,74,0
401,400241,75,0
401,400245,76,0
401,400249,77,0
401,400253,78,0
401,400257,79,0
401,400261,80,0
401,400265,81,0
401,400269,82,0
401,400273,83,0
401,400277,84,0
401,400281,85,0
401,400285,86,0
401,130289,87,0
401,130293,88,0
401,130297,89,0
401,130301,90,0
401,130305,91,0
401,130309,92,0
401,400313,93,0
401,130317,94,0
401,130321,95,0
401,400325,96,0
401,400333,97,0
401,400337,98,0
401,400341,99,0
401,400345,100,0
401,400349,101,0
401,400353,102,0
401,400357,103,1
402,400333,1,0
402,400337,2,0
402,400341,3,0
402,400345,4,0
402,400349,5,0
402,400353,6,0
402,400357,7,0
402,400400,8,0
402,400396,9,0
402,400392,10,0
402,400388,11,0
402,130370,12,0
402,130366,13,0
402,400356,14,0
402,400352,15,0
402,400348,16,0
402,400344,17,0
402,400340,18,0
402,400334,19,0
402,400330,20,0
402,130322,21,0
402,130318,22,0
402,400314,23,0
402,130310,24,0
402,130306,25,0
402,130302,26,0
402,130298,27,0
402,130294,28,0
402,130290,29,0
402,400286,30,0
402,400282,31,0
402,400278,32,0
402,400274,33,0
402,400270,34,0
402,400266,35,0
402,400264,36,0
402,400262,37,0
402,400260,38,0
402,400258,39,0
402,400254,40,0
402,400250,41,0
402,400246,42,0
402,400242,43,0
402,400238,44,0
402,400234,45,0
402,130274,46,0
402,130262,47,0
402,400212,48,0
402,400208,49,0
402,400204,50,0
402,400200,51,0
402,400196,52,0
402,400192,53,0
402,400188,54,0
402,400184,55,0
402,400180,56,0
402,400176,57,0
402,400172,58,0
402,200214,59,0
402,200212,60,0
402,200210,61,0
402,200208,62,0
402,200200,63,0
402,200196,64,0
402,200192,65,0
402,400146,66,0
402,400142,67,0
402,400138,68,0
402,400134,69,0
402,400130,70,0
402,400126,71,0
402,400124,72,0
402,400122,73,0
402,400118,74,0
402,400110,75,0
402,400106,76,0
402,400102,77,0
402,300248,78,0
402,300244,79,0
402,300240,80,0
402,300236,81,0
402,300232,82,0
402,300228,83,0
402,300224,84,0
402,400992,85,0
402,400098,86,0
402,400094,87,0
402,400090,88,0
402,400086,89,0
402,400082,90,0
402,400078,91,0
402,400074,92,0
402,400070,93,0
402,400066,94,0
402,400060,95,0
402,400056,96,0
402,400052,97,0
402,400048,98,0
402,400038,99,0
402,400034,100,0
402,400030,101,0
402,110026,102,0
402,110022,103,0
402,140042,104,0
402,300194,105,0
402,300188,106,0
402,300182,107,0
402,300178,108,0
402,300160,109,0
402,300168,110,0
402,110020,111,0
402,110016,112,0
402,110012,113,0
402,110008,114,0
402,110004,115,0
402,400001,116,1
503,500145,1,0
503,500150,2,0
503,500146,3,0
503,500142,4,0
503,500138,5,0
503,500134,6,0
503,500130,7,0
503,500122,8,0
503,500118,9,0
503,500114,10,0
503,500110,11,0
503,500106,12,0
503,500102,13,0
503,500098,14,0
503,500096,15,0
503,500094,16,0
503,500092,17,0
503,500088,18,0
503,500086,19,0
503,500080,20,0
503,500076,21,0
503,500072,22,0
503,500068,23,0
503,500064,24,0
503,500060,25,0
503,500052,26,0
503,500048,27,0
503,500044,28,0
503,500040,29,0
503,500036,30,0
503,500032,31,0
503,500028,32,0
503,500024,33,0
503,500020,34,0
503,500016,35,0
503,500012,36,0
503,500008,37,0
503,500004,38,0
503,500001,39,1
504,500001,1,0
504,500005,2,0
504,500009,3,0
504,500013,4,0
504,500017,5,0
504,500021,6,0
504,500025,7,0
504,500029,8,0
504,500033,9,0
504,500037,10,0
504,500041,11,0
504,500045,12,0
504,500049,13,0
504,500053,14,0
504,500057,15,0
504,500061,16,0
504,500065,17,0
504,500069,18,0
504,500073,19,0
504,500077,20,0
504,500081,21,0
504,500085,22,0
504,500089,23,0
504,500093,24,0
504,500097,25,0
504,500101,26,0
504,500105,27,0
504,500109,28,0
504,500113,29,0
504,500117,30,0
504,500121,31,0
504,500125,32,0
504,500129,33,0
504,500133,34,0
504,500137,35,0
504,500141,36,0
504,500145,37,1
603,600177,1,0
603,500150,2,0
603,700129,3,0
603,700133,4,0
603,700137,5,0
603,600170,6,0
603,600162,7,0
603,600160,8,0
603,600158,9,0
603,600154,10,0
603,600150,11,0
603,600146,12,0
603,600140,13,0
603,600134,14,0
603,600132,15,0
603,600130,16,0
603,600126,17,0
603,600120,18,0
603,600116,19,0
603,600112,20,0
603,600108,21,0
603,600104,22,0
603,600100,23,0
603,600096,24,0
603,600092,25,0
603,600084,26,0
603,600080,27,0
603,600076,28,0
603,600072,29,0
603,600068,30,0
603,600064,31,0
603,600060,32,0
603,600056,33,0
603,600050,34,0
603,600046,35,0
603,600042,36,0
603,600038,37,0
603,600034,38,0
603,600030,39,0
603,600026,40,0
603,600022,41,0
603,600018,42,0
603,600016,43,0
603,600014,44,0
603,600010,45,0
603,600006,46,0
603,600001,47,1
604,600001,1,0
604,600009,2,0
604,600013,3,0
604,600017,4,0
604,600021,5,0
604,600025,6,0
604,600029,7,0
604,600033,8,0
604,600037,9,0
604,600041,10,0
604,600045,11,0
604,600049,12,0
604,600053,13,0
604,600057,14,0
604,600061,15,0
604,600065,16,0
604,600069,17,0
604,600073,18,0
604,600077,19,0
604,600081,20,0
604,600085,21,0
604,600089,22,0
604,600093,23,0
604,600097,24,0
604,600101,25,0
604,600105,26,0
604,600109,27,0
604,600111,28,0
604,600117,29,0
604,600121,30,0
604,600125,31,0
604,600129,32,0
604,600133,33,0
604,600137,34,0
604,600141,35,0
604,600145,36,0
604,600149,37,0
604,600153,38,0
604,600157,39,0
604,600161,40,0
604,500141,41,0
604,700136,42,0
604,700132,43,0
604,600177,44,1
701,700001,1,0
701,130005,2,0
701,130009,3,0
701,130013,4,0
701,130017,5,0
701,130021,6,0
701,130025,7,0
701,700013,8,0
701,700017,9,0
701,700025,10,0
701,700029,11,0
701,700033,12,0
701,700037,13,0
701,700053,14,0
701,700057,15,0
701,700061,16,0
701,700066,17,0
701,700069,18,0
701,700073,19,0
701,700077,20,0
701,700081,21,0
701,700085,22,0
701,700089,23,0
701,700093,24,0
701,700097,25,0
701,700101,26,0
701,700105,27,0
701,700109,28,0
701,700113,29,0
701,700117,30,0
701,700121,31,0
701,700125,32,0
701,500150,33,0
701,700129,34,0
701,700133,35,0
701,700137,36,0
701,600109,37,0
701,600111,38,0
701,700141,39,0
701,700145,40,0
701,700149,41,0
701,700153,42,0
701,700157,43,0
701,700161,44,0
701,700165,45,0
701,700169,46,0
701,700171,47,0
701,700173,48,0
701,700177,49,0
701,700181,50,0
701,700185,51,1
702,700185,1,0
702,800172,2,0
702,800168,3,0
702,800164,4,0
702,700184,5,0
702,700180,6,0
702,700178,7,0
702,700176,8,0
702,700160,9,0
702,700156,10,0
702,700154,11,0
702,700150,12,0
702,700146,13,0
702,600116,14,0
702,600112,15,0
702,700140,16,0
702,700136,17,0
702,700132,18,0
702,700121,19,0
702,700124,20,0
702,500150,21,0
702,700118,22,0
702,700114,23,0
702,700110,24,0
702,700100,25,0
702,700096,26,0
702,700092,27,0
702,700088,28,0
702,700086,29,0
702,700082,30,0
702,700078,31,0
702,700074,32,0
702,700070,33,0
702,700066,34,0
702,700037,35,0
702,700053,36,0
702,700057,37,0
702,700061,38,0
702,700030,39,0
702,700026,40,0
702,700018,41,0
702,700014,42,0
702,700010,43,0
702,700006,44,0
702,700002,45,0
702,200004,46,0
702,700001,47,1
803,800213,1,0
803,800212,2,0
803,800208,3,0
803,800204,4,0
803,800200,5,0
803,800196,6,0
803,800192,7,0
803,800188,8,0
803,800184,9,0
803,800180,10,0
803,800176,11,0
803,800172,12,0
803,800168,13,0
803,800164,14,0
803,800160,15,0
803,800158,16,0
803,800154,17,0
803,800150,18,0
803,800146,19,0
803,800142,20,0
803,800138,21,0
803,800134,22,0
803,800130,23,0
803,800126,24,0
803,800122,25,0
803,800118,26,0
803,800114,27,0
803,800110,28,0
803,800106,29,0
803,800102,30,0
803,800098,31,0
803,800090,32,0
803,800082,33,0
803,800078,34,0
803,800074,35,0
803,800070,36,0
803,800066,37,0
803,800062,38,0
803,800058,39,0
803,800054,40,0
803,800050,41,0
803,800046,42,0
803,800042,43,0
803,800038,44,0
803,800034,45,0
803,800030,46,0
803,800026,47,0
803,800022,48,0
803,800018,49,0
803,800014,50,0
803,800012,51,0
803,800010,52,0
803,800006,53,0
803,800001,54,1
804,800001,1,0
804,800005,2,0
804,800009,3,0
804,800013,4,0
804,800017,5,0
804,800021,6,0
804,800025,7,0
804,800029,8,0
804,800033,9,0
804,800037,10,0
804,800041,11,0
804,800045,12,0
804,800049,13,0
804,800053,14,0
804,800057,15,0
804,800061,16,0
804,800065,17,0
804,800069,18,0
804,800073,19,0
804,800077,20,0
804,800081,21,0
804,800089,22,0
804,800097,23,0
804,800101,24,0
804,800105,25,0
804,800109,26,0
804,800113,27,0
804,800117,28,0
804,800121,29,0
804,800125,30,0
804,800129,31,0
804,800133,32,0
804,800137,33,0
804,800141,34,0
804,800145,35,0
804,800153,36,0
804,800157,37,0
804,800161,38,0
804,800165,39,0
804,800169,40,0
804,800173,41,0
804,800177,42,0
804,800181,43,0
804,800185,44,0
804,800189,45,0
804,800193,46,0
804,800197,47,0
804,800201,48,0
804,800205,49,0
804,800209,50,0
804,800211,51,0
804,800213,52,1
1003,100133,1,0
1003,200360,2,0
1003,100176,3,0
1003,100172,4,0
1003,100166,5,0
1003,100164,6,0
1003,100158,7,0
1003,100156,8,0
1003,100130,9,0
1003,100128,10,0
1003,100124,11,0
1003,100120,12,0
1003,100116,13,0
1003,100108,14,0
1003,100104,15,0
1003,100100,16,0
1003,100096,17,0
1003,100092,18,0
1003,100088,19,0
1003,100086,20,0
1003,100082,21,0
1003,100078,22,0
1003,100074,23,0
1003,100070,24,0
1003,100052,25,0
1003,100048,26,0
1003,100044,27,0
1003,100040,28,0
1003,100036,29,0
1003,100032,30,0
1003,100028,31,0
1003,200341,32,0
1003,200345,33,0
1003,200349,34,0
1003,200353,35,0
1003,200357,36,0
1003,100001,37,1
1004,100001,1,0
1004,130317,2,0
1004,130321,3,0
1004,400325,4,0
1004,400333,5,0
1004,100025,6,0
1004,100003,7,0
1004,100005,8,0
1004,100007,9,0
1004,100009,10,0
1004,100011,11,0
1004,100013,12,0
1004,100017,13,0
1004,100015,14,0
1004,100093,15,0
1004,100097,16,0
1004,100101,17,0
1004,100105,18,0
1004,100109,19,0
1004,100113,20,0
1004,100117,21,0
1004,100119,22,0
1004,100121,23,0
1004,100125,24,0
1004,100127,25,0
1004,100129,26,0
1004,100131,27,0
1004,200357,28,0
1004,100133,29,1
1403,140171,1,0
1403,110101,2,0
1403,140170,3,0
1403,140168,4,0
1403,140164,5,0
1403,140150,6,0
1403,140146,7,0
1403,140142,8,0
1403,140138,9,0
1403,140134,10,0
1403,140130,11,0
1403,140126,12,0
1403,140122,13,0
1403,140118,14,0
1403,140114,15,0
1403,140110,16,0
1403,140106,17,0
1403,140102,18,0
1403,140098,19,0
1403,140094,20,0
1403,140090,21,0
1403,110070,22,0
1403,110066,23,0
1403,110062,24,0
1403,140066,25,0
1403,140062,26,0
1403,140058,27,0
1403,140054,28,0
1403,140050,29,0
1403,400060,30,0
1403,140042,31,0
1403,300194,32,0
1403,300188,33,0
1403,140030,34,0
1403,140026,35,0
1403,140022,36,0
1403,140018,37,0
1403,140014,38,0
1403,140010,39,0
1403,110004,40,0
1403,140001,41,1
1404,140001,1,0
1404,140005,2,0
1404,800005,3,0
1404,800009,4,0
1404,140017,5,0
1404,140021,6,0
1404,140025,7,0
1404,300185,8,0
1404,300189,9,0
1404,300191,10,0
1404,140037,11,0
1404,140041,12,0
1404,140045,13,0
1404,140049,14,0
1404,140053,15,0
1404,140057,16,0
1404,140061,17,0
1404,130180,18,0
1404,110057,19,0
1404,110061,20,0
1404,110065,21,0
1404,110073,22,0
1404,140085,23,0
1404,140089,24,0
1404,140093,25,0
1404,140097,26,0
1404,140101,27,0
1404,140105,28,0
1404,140109,29,0
1404,140113,30,0
1404,140117,31,0
1404,140121,32,0
1404,140125,33,0
1404,140129,34,0
1404,140133,35,0
1404,140137,36,0
1404,140141,37,0
1404,140145,38,0
1404,140149,39,0
1404,140153,40,0
1404,140155,41,0
1404,140159,42,0
1404,140163,43,0
1404,140171,44,1
1000103,110105,1,0
1000103,110096,2,0
1000103,110092,3,0
1000103,110088,4,0
1000103,110084,5,0
1000103,110082,6,0
1000103,110080,7,0
1000103,110078,8,0
1000103,110070,9,0
1000103,110066,10,0
1000103,110062,11,0
1000103,110058,12,0
1000103,110054,13,0
1000103,110052,14,0
1000103,110050,15,0
1000103,110046,16,0
1000103,110042,17,0
1000103,110038,18,0
1000103,110034,19,0
1000103,110030,20,0
1000103,110026,21,0
1000103,110022,22,0
1000103,110020,23,0
1000103,110016,24,0
1000103,110012,25,0
1000103,110008,26,0
1000103,110004,27,0
1000103,110001,28,1
1000104,110001,1,0
1000104,110005,2,0
1000104,110009,3,0
1000104,110013,4,0
1000104,110017,5,0
1000104,110021,6,0
1000104,110025,7,0
1000104,110029,8,0
1000104,110033,9,0
1000104,110037,10,0
1000104,110041,11,0
1000104,110045,12,0
1000104,110049,13,0
1000104,110053,14,0
1000104,110057,15,0
1000104,110061,16,0
1000104,110065,17,0
1000104,110073,18,0
1000104,110077,19,0
1000104,110081,20,0
1000104,110085,21,0
1000104,110089,22,0
1000104,110093,23,0
1000104,110097,24,0
1000104,110101,25,0
1000104,700160,26,0
1000104,700156,27,0
1000104,140155,28,0
1000104,140159,29,0
1000104,140163,30,0
1000104,110105,31,1
3000101,130001,1,0
3000101,130005,2,0
3000101,130009,3,0
3000101,130013,4,0
3000101,130017,5,0
3000101,130021,6,0
3000101,130025,7,0
3000101,130027,8,0
3000101,130029,9,0
3000101,130033,10,0
3000101,130037,11,0
3000101,130041,12,0
3000101,130045,13,0
3000101,130049,14,0
3000101,130053,15,0
3000101,130057,16,0
3000101,130061,17,0
3000101,130065,18,0
3000101,130069,19,0
3000101,130073,20,0
3000101,130077,21,0
3000101,130081,22,0
3000101,130085,23,0
3000101,130089,24,0
3000101,130093,25,0
3000101,130097,26,0
3000101,130101,27,0
3000101,130105,28,0
3000101,130109,29,0
3000101,130113,30,0
3000101,130115,31,0
3000101,130117,32,0
3000101,110005,33,0
3000101,110009,34,0
3000101,110013,35,0
3000101,110017,36,0
3000101,110021,37,0
3000101,110025,38,0
3000101,110029,39,0
3000101,110033,40,0
3000101,110037,41,0
3000101,110041,42,0
3000101,110045,43,0
3000101,110049,44,0
3000101,110053,45,0
3000101,130177,46,0
3000101,130181,47,0
3000101,130185,48,0
3000101,130189,49,0
3000101,130193,50,0
3000101,130197,51,0
3000101,130201,52,0
3000101,130205,53,0
3000101,130209,54,0
3000101,130213,55,0
3000101,130217,56,0
3000101,130221,57,0
3000101,130225,58,0
3000101,130229,59,0
3000101,130233,60,0
3000101,130237,61,0
3000101,130241,62,0
3000101,130245,63,0
3000101,130249,64,0
3000101,130253,65,0
3000101,130257,66,0
3000101,130261,67,0
3000101,130265,68,0
3000101,130269,69,0
3000101,130273,70,0
3000101,130277,71,0
3000101,130281,72,0
3000101,130285,73,0
3000101,130289,74,0
3000101,130293,75,0
3000101,130297,76,0
3000101,130301,77,0
3000101,130305,78,0
3000101,130309,79,0
3000101,130313,80,0
3000101,130317,81,0
3000101,130321,82,0
3000101,130325,83,0
3000101,130329,84,0
3000101,130333,85,0
3000101,130337,86,0
3000101,130341,87,0
3000101,130345,88,0
3000101,130349,89,0
3000101,130353,90,0
3000101,130357,91,0
3000101,130361,92,1
3000102,130361,1,0
3000102,130390,2,0
3000102,130386,3,0
3000102,130382,4,0
3000102,130378,5,0
3000102,130374,6,0
3000102,130370,7,0
3000102,130366,8,0
3000102,130362,9,0
3000102,130358,10,0
3000102,130354,11,0
3000102,130350,12,0
3000102,130346,13,0
3000102,130342,14,0
3000102,130338,15,0
3000102,130334,16,0
3000102,130330,17,0
3000102,130326,18,0
3000102,130322,19,0
3000102,130318,20,0
3000102,130314,21,0
3000102,130310,22,0
3000102,130306,23,0
3000102,130302,24,0
3000102,130298,25,0
3000102,130294,26,0
3000102,130290,27,0
3000102,130286,28,0
3000102,130282,29,0
3000102,130274,30,0
3000102,130262,31,0
3000102,130260,32,0
3000102,130256,33,0
3000102,130252,34,0
3000102,130248,35,0
3000102,130244,36,0
3000102,130242,37,0
3000102,130240,38,0
3000102,130236,39,0
3000102,130228,40,0
3000102,130224,41,0
3000102,130220,42,0
3000102,130216,43,0
3000102,130214,44,0
3000102,130212,45,0
3000102,130208,46,0
3000102,130204,47,0
3000102,130200,48,0
3000102,130196,49,0
3000102,130192,50,0
3000102,130188,51,0
3000102,130184,52,0
3000102,130180,53,0
3000102,130178,54,0
3000102,130176,55,0
3000102,110054,56,0
3000102,110052,57,0
3000102,110050,58,0
3000102,110046,59,0
3000102,110042,60,0
3000102,110038,61,0
3000102,110034,62,0
3000102,110030,63,0
3000102,110026,64,0
3000102,110022,65,0
3000102,110020,66,0
3000102,110016,67,0
3000102,110012,68,0
3000102,110008,69,0
3000102,130124,70,0
3000102,130115,71,0
3000102,130116,72,0
3000102,130112,73,0
3000102,130108,74,0
3000102,130104,75,0
3000102,130100,76,0
3000102,130096,77,0
3000102,130094,78,0
3000102,130092,79,0
3000102,130088,80,0
3000102,130084,81,0
3000102,130082,82,0
3000102,130078,83,0
3000102,130074,84,0
3000102,130072,85,0
3000102,130070,86,0
3000102,130068,87,0
3000102,130064,88,0
3000102,130060,89,0
3000102,130056,90,0
3000102,130052,91,0
3000102,130001,92,1
23000301,300001,1,0
23000301,300005,2,0
23000301,300009,3,0
23000301,300013,4,0
23000301,300017,5,0
23000301,300021,6,0
23000301,130021,7,0
23000301,130025,8,0
23000301,130027,9,0
23000301,300037,10,0
23000301,300041,11,0
23000301,300045,12,0
23000301,300049,13,0
23000301,300053,14,0
23000301,300057,15,0
23000301,300061,16,0
23000301,300065,17,0
23000301,300069,18,0
23000301,300073,19,0
23000301,300077,20,0
23000301,300081,21,0
23000301,300085,22,0
23000301,300089,23,0
23000301,300093,24,0
23000301,300097,25,0
23000301,300101,26,0
23000301,300105,27,0
23000301,300109,28,0
23000301,300113,29,0
23000301,300117,30,0
23000301,300121,31,0
23000301,300125,32,0
23000301,300129,33,0
23000301,300133,34,0
23000301,300137,35,0
23000301,300141,36,0
23000301,300906,37,0
23000301,300902,38,0
23000301,500004,39,0
23000301,800006,40,0
23000301,140001,41,1
23000302,140001,1,0
23000302,140005,2,0
23000302,500005,3,0
23000302,300901,4,0
23000302,300905,5,0
23000302,300140,6,0
23000302,300138,7,0
23000302,300134,8,0
23000302,300130,9,0
23000302,300126,10,0
23000302,300124,11,0
23000302,300122,12,0
23000302,300120,13,0
23000302,300118,14,0
23000302,300116,15,0
23000302,300112,16,0
23000302,300110,17,0
23000302,300106,18,0
23000302,300102,19,0
23000302,300098,20,0
23000302,300094,21,0
23000302,300090,22,0
23000302,130041,23,0
23000302,130045,24,0
23000302,130049,25,0
23000302,300001,26,1
99999903,222201,1,0
99999903,222209,2,0
99999903,222215,3,0
99999903,222217,4,0
99999903,222221,5,0
99999903,222225,6,0
99999903,222229,7,0
99999903,222233,8,0
99999903,222237,9,0
99999903,222241,10,0
99999903,222245,11,0
99999903,222249,12,0
99999903,222253,13,0
99999903,222257,14,0
99999903,222261,15,1
99999904,222261,1,0
99999904,222260,2,0
99999904,222256,3,0
99999904,222226,4,0
99999904,222222,5,0
99999904,222218,6,0
99999904,140010,7,0
99999904,110004,8,0
99999904,222201,9,1
